-9.488459735264203054e-01 3.474030274306242894e-01 9.279927611351013184e-02 1.000000000000000000e+00
-9.249731345194553978e-01 2.814985272497457225e-01 1.429837644100189209e-01 1.000000000000000000e+00
-9.017704514772379998e-01 2.134172055635521481e-01 1.435823887586593628e-01 0.000000000000000000e+00
-8.624671876151013272e-01 1.381437559866414699e-01 1.462006419897079468e-01 0.000000000000000000e+00
-8.117169450645269624e-01 8.692323890038256007e-02 1.477429568767547607e-01 0.000000000000000000e+00
-7.600162067863349691e-01 4.519722667186981679e-02 1.462097764015197754e-01 0.000000000000000000e+00
-7.082246209761777767e-01 1.612433056905338002e-03 1.326063275337219238e-01 0.000000000000000000e+00
-6.343527859199209473e-01 -3.304833436833215510e-02 9.596088528633117676e-02 0.000000000000000000e+00
-5.569027887922105569e-01 -9.660028175902965475e-02 6.145852431654930115e-02 0.000000000000000000e+00
-4.802522857706155168e-01 -1.750451868559760871e-01 4.966092482209205627e-02 1.000000000000000000e+00
-4.056111442884893781e-01 -2.547596709339040033e-01 4.833111912012100220e-02 1.000000000000000000e+00
-3.189644677396790140e-01 -3.419475973112911515e-01 4.703539982438087463e-02 1.000000000000000000e+00
-2.277302120975791544e-01 -4.239449496337434620e-01 4.606982693076133728e-02 1.000000000000000000e+00
-1.553473619789395299e-01 -5.125664325745998839e-01 4.484898224472999573e-02 1.000000000000000000e+00
-8.635153797375660911e-02 -6.009841987231789862e-01 3.922220319509506226e-02 1.000000000000000000e+00
-2.117723194332921111e-02 -6.925924602306083866e-01 3.814293816685676575e-02 1.000000000000000000e+00
3.148765764139799250e-02 -7.639266335380241468e-01 3.812032565474510193e-02 1.000000000000000000e+00
8.933176270538650821e-02 -8.243545090031244582e-01 3.954002633690834045e-02 1.000000000000000000e+00
1.439419822299825569e-01 -8.756426296343948756e-01 3.916854783892631531e-02 1.000000000000000000e+00
1.809738892055944848e-01 -9.328852148764357199e-01 3.595606610178947449e-02 1.000000000000000000e+00
2.225815530834887035e-01 -9.841794889475885544e-01 3.241728618741035461e-02 1.000000000000000000e+00
-9.075829655022240594e-01 3.496493490891336986e-01 1.046390831470489502e-01 1.000000000000000000e+00
-8.852345147856255370e-01 2.684664266622376894e-01 1.349857449531555176e-01 1.000000000000000000e+00
-8.502804263681762453e-01 1.918672479654167096e-01 1.510319858789443970e-01 1.000000000000000000e+00
-8.149052487872547879e-01 1.311011651144408097e-01 1.495453715324401855e-01 0.000000000000000000e+00
-7.708558493877305517e-01 9.484842692724981816e-02 1.573991179466247559e-01 0.000000000000000000e+00
-7.250556699010636263e-01 4.907235543793120325e-02 1.557082980871200562e-01 0.000000000000000000e+00
-6.762046486380872690e-01 -6.470911018998992681e-03 1.478391140699386597e-01 0.000000000000000000e+00
-6.113366869760612499e-01 -4.797569443967802938e-02 1.360556036233901978e-01 0.000000000000000000e+00
-5.329255098946357183e-01 -1.015155947463399211e-01 1.082348972558975220e-01 0.000000000000000000e+00
-4.654726293298759865e-01 -1.589251341920445981e-01 8.880303800106048584e-02 1.000000000000000000e+00
-4.004162080347336006e-01 -2.176599496790380117e-01 7.546852529048919678e-02 1.000000000000000000e+00
-3.277370286925699316e-01 -2.835481759080353825e-01 6.304617226123809814e-02 1.000000000000000000e+00
-2.345967977303982654e-01 -3.585382458806269934e-01 5.243165791034698486e-02 1.000000000000000000e+00
-1.436297267660771593e-01 -4.403489561528048934e-01 4.808553680777549744e-02 1.000000000000000000e+00
-7.661650105155878854e-02 -5.218000062932151017e-01 4.201692342758178711e-02 1.000000000000000000e+00
-1.263627845971782016e-02 -6.245297885248808356e-01 4.188982769846916199e-02 1.000000000000000000e+00
4.368204746790349535e-02 -6.970331364834132515e-01 4.322803765535354614e-02 1.000000000000000000e+00
1.002350470480334876e-01 -7.525290509560413899e-01 4.390772432088851929e-02 1.000000000000000000e+00
1.550495523473618409e-01 -8.070920238634566868e-01 4.205469414591789246e-02 1.000000000000000000e+00
1.983166640916754764e-01 -8.563858820637371139e-01 3.849771991372108459e-02 1.000000000000000000e+00
2.396486032866113614e-01 -9.081479861533608977e-01 3.365685790777206421e-02 1.000000000000000000e+00
-8.573689994521023205e-01 3.100649868208535387e-01 1.054186820983886719e-01 1.000000000000000000e+00
-8.490040090610239121e-01 2.207281032733732218e-01 1.631823629140853882e-01 1.000000000000000000e+00
-8.102039574966829472e-01 1.575010870112704131e-01 1.880072951316833496e-01 1.000000000000000000e+00
-7.546598059559339600e-01 1.159163931658146462e-01 1.708802282810211182e-01 0.000000000000000000e+00
-7.040425577858357986e-01 7.699755070894576114e-02 1.734842360019683838e-01 0.000000000000000000e+00
-6.479652486114240162e-01 4.208900196131265536e-02 1.695099323987960815e-01 0.000000000000000000e+00
-5.998969786189919384e-01 -5.259231271159292564e-03 1.748898625373840332e-01 0.000000000000000000e+00
-5.408500867921995914e-01 -4.174415644679685400e-02 1.823996156454086304e-01 0.000000000000000000e+00
-4.754694297914628387e-01 -8.428303386911492612e-02 1.648036092519760132e-01 0.000000000000000000e+00
-4.116415153734280796e-01 -1.344243492891159519e-01 1.449278593063354492e-01 0.000000000000000000e+00
-3.416947214885817652e-01 -1.834571182995834437e-01 1.270906329154968262e-01 1.000000000000000000e+00
-2.779820576278000388e-01 -2.315689154498151436e-01 1.075273454189300537e-01 1.000000000000000000e+00
-2.121043918185326893e-01 -2.989168319225365411e-01 7.843923568725585938e-02 1.000000000000000000e+00
-1.363167954708155438e-01 -3.829337690293997398e-01 5.528882890939712524e-02 1.000000000000000000e+00
-6.863119054529079333e-02 -4.706774806297440161e-01 4.941197484731674194e-02 1.000000000000000000e+00
-2.587584690901922890e-03 -5.695158021915505131e-01 4.961656406521797180e-02 1.000000000000000000e+00
6.445024424643458483e-02 -6.420485265034948652e-01 4.950647428631782532e-02 1.000000000000000000e+00
1.323260368258648012e-01 -6.910752790513374766e-01 4.848422482609748840e-02 1.000000000000000000e+00
1.907292409087744667e-01 -7.358146855812577325e-01 4.549475014209747314e-02 1.000000000000000000e+00
2.340622071038863106e-01 -7.795115898132611854e-01 4.018784314393997192e-02 1.000000000000000000e+00
2.776364429332988659e-01 -8.296233919025925996e-01 3.407020866870880127e-02 1.000000000000000000e+00
-8.218947557037560303e-01 2.688297746432500857e-01 1.518472135066986084e-01 1.000000000000000000e+00
-8.034705559051582568e-01 1.965061619201925458e-01 2.067818045616149902e-01 1.000000000000000000e+00
-7.563133532635618606e-01 1.404295481687812264e-01 2.313070297241210938e-01 1.000000000000000000e+00
-6.944551402005474383e-01 8.978467273948420591e-02 2.157260626554489136e-01 1.000000000000000000e+00
-6.324540282476567299e-01 5.232512276545647767e-02 1.972522437572479248e-01 0.000000000000000000e+00
-5.750254068162885535e-01 2.688334624924937355e-02 1.899534910917282104e-01 0.000000000000000000e+00
-5.262569301561208501e-01 -1.750898098318381946e-02 2.034110128879547119e-01 0.000000000000000000e+00
-4.714241331245386801e-01 -4.858545397050939574e-02 2.068192660808563232e-01 0.000000000000000000e+00
-4.073270478584891663e-01 -8.954880843850537842e-02 1.959379613399505615e-01 0.000000000000000000e+00
-3.423893542356019615e-01 -1.322276976915766622e-01 1.776463538408279419e-01 0.000000000000000000e+00
-2.816660925827130790e-01 -1.747389267812716196e-01 1.622390747070312500e-01 0.000000000000000000e+00
-2.204134375365690013e-01 -2.314098822194933791e-01 1.430752277374267578e-01 0.000000000000000000e+00
-1.638111709247078163e-01 -2.883920605238317059e-01 1.174366921186447144e-01 1.000000000000000000e+00
-1.064612113177292874e-01 -3.583911323058997511e-01 9.507127106189727783e-02 1.000000000000000000e+00
-4.334834979481824724e-02 -4.402389001946308000e-01 7.154613733291625977e-02 1.000000000000000000e+00
1.860998310683387169e-02 -5.223368939229711128e-01 6.325063109397888184e-02 1.000000000000000000e+00
8.861187345939608440e-02 -5.838597234389600876e-01 6.226912513375282288e-02 1.000000000000000000e+00
1.615017501656218213e-01 -6.301522834833553910e-01 5.378900840878486633e-02 1.000000000000000000e+00
2.254951647210466648e-01 -6.715663668860391011e-01 4.759201034903526306e-02 1.000000000000000000e+00
2.699062473010672703e-01 -7.150963695979393187e-01 4.211725667119026184e-02 1.000000000000000000e+00
3.129375052811138591e-01 -7.509788477209621282e-01 3.471976146101951599e-02 1.000000000000000000e+00
-7.793897854210649623e-01 2.398342180074528596e-01 1.782555431127548218e-01 1.000000000000000000e+00
-7.487758530227220932e-01 1.787537196665857087e-01 2.328584790229797363e-01 1.000000000000000000e+00
-6.986914463849228651e-01 1.271434285252980856e-01 2.647523581981658936e-01 1.000000000000000000e+00
-6.375965127484406469e-01 8.069250169762309799e-02 2.633667588233947754e-01 0.000000000000000000e+00
-5.803284918833233608e-01 3.592114785653144349e-02 2.488938868045806885e-01 1.000000000000000000e+00
-5.228130057971743794e-01 5.341291185209762205e-03 2.283876985311508179e-01 0.000000000000000000e+00
-4.686635777673479053e-01 -2.552975806247376189e-02 2.238916456699371338e-01 0.000000000000000000e+00
-4.142263289090405975e-01 -5.722566328236391997e-02 2.152275294065475464e-01 0.000000000000000000e+00
-3.521686032018876977e-01 -9.015372108175795374e-02 2.056284546852111816e-01 0.000000000000000000e+00
-2.922918399279158530e-01 -1.245022646532267796e-01 1.945597976446151733e-01 0.000000000000000000e+00
-2.358943832922153483e-01 -1.610334670685292791e-01 1.890562772750854492e-01 0.000000000000000000e+00
-1.779322459789721422e-01 -2.181694418572619198e-01 1.747566461563110352e-01 1.000000000000000000e+00
-1.240070181097993884e-01 -2.761161112771015613e-01 1.575200408697128296e-01 1.000000000000000000e+00
-6.838743424692805828e-02 -3.381451349804185935e-01 1.338323056697845459e-01 1.000000000000000000e+00
-1.186461181033188206e-02 -4.047472497978494843e-01 1.086702644824981689e-01 1.000000000000000000e+00
4.526889738776287975e-02 -4.674033448500237165e-01 8.536371588706970215e-02 1.000000000000000000e+00
1.099690724458669833e-01 -5.147700384021434150e-01 7.247778773307800293e-02 1.000000000000000000e+00
1.860390553127851399e-01 -5.591529668873587156e-01 6.658913195133209229e-02 1.000000000000000000e+00
2.544072600600801870e-01 -5.984874931743784376e-01 5.073925852775573730e-02 1.000000000000000000e+00
3.021107385419383728e-01 -6.390395154743323536e-01 4.362760856747627258e-02 1.000000000000000000e+00
3.611341651108221917e-01 -6.688231233468739934e-01 3.645977750420570374e-02 1.000000000000000000e+00
-7.282097082359522133e-01 2.048578760539900845e-01 1.823661476373672485e-01 0.000000000000000000e+00
-6.866206943385241290e-01 1.580481741783660299e-01 2.464131116867065430e-01 1.000000000000000000e+00
-6.432979276807518909e-01 1.158444484954065934e-01 2.931167781352996826e-01 1.000000000000000000e+00
-5.896485087882343823e-01 6.695277659704146345e-02 3.051377832889556885e-01 1.000000000000000000e+00
-5.366523449742115481e-01 2.336353648955913354e-02 2.945722937583923340e-01 0.000000000000000000e+00
-4.834003919365760793e-01 -9.584846627529342022e-03 2.784826159477233887e-01 1.000000000000000000e+00
-4.241290259946147723e-01 -3.657020932359944521e-02 2.630662620067596436e-01 0.000000000000000000e+00
-3.634608186625932214e-01 -6.484831069390781244e-02 2.442778646945953369e-01 0.000000000000000000e+00
-3.053760024100469206e-01 -8.586067470257467693e-02 2.341686189174652100e-01 0.000000000000000000e+00
-2.480828304130807960e-01 -1.214439628847307773e-01 2.313201427459716797e-01 0.000000000000000000e+00
-1.959216641566875750e-01 -1.600383114865582268e-01 2.277489155530929565e-01 0.000000000000000000e+00
-1.415286536842484955e-01 -2.060287787258956727e-01 2.099499702453613281e-01 1.000000000000000000e+00
-8.661960246699806909e-02 -2.508154634831331609e-01 1.861547976732254028e-01 1.000000000000000000e+00
-3.146078902547208567e-02 -2.978580583069162513e-01 1.586495637893676758e-01 1.000000000000000000e+00
3.033292882260860135e-02 -3.478739657791730666e-01 1.281544566154479980e-01 1.000000000000000000e+00
8.754999414787620338e-02 -4.011222309675638309e-01 9.946328401565551758e-02 1.000000000000000000e+00
1.412469125386654201e-01 -4.434981265266903505e-01 8.188295364379882812e-02 1.000000000000000000e+00
2.059421037319331405e-01 -4.863307569464172531e-01 7.138708233833312988e-02 1.000000000000000000e+00
2.736964080205306349e-01 -5.286440433620807067e-01 6.124520674347877502e-02 1.000000000000000000e+00
3.386426996005140744e-01 -5.723237516798918012e-01 4.901524633169174194e-02 1.000000000000000000e+00
3.998711123062302364e-01 -5.960112920673784620e-01 4.146070778369903564e-02 1.000000000000000000e+00
-6.839813533176506422e-01 1.659911903221534257e-01 2.003636360168457031e-01 0.000000000000000000e+00
-6.389104828976163164e-01 1.308502017049827382e-01 2.520371377468109131e-01 1.000000000000000000e+00
-5.890925918563756358e-01 9.987410143738589818e-02 3.087884783744812012e-01 1.000000000000000000e+00
-5.394175364847385579e-01 5.654345331894208848e-02 3.354493379592895508e-01 1.000000000000000000e+00
-4.897866299369165732e-01 1.265985962145968480e-02 3.346243500709533691e-01 1.000000000000000000e+00
-4.361846262489738058e-01 -1.847842171920710541e-02 3.283623754978179932e-01 0.000000000000000000e+00
-3.819581853902058732e-01 -4.318976174058405948e-02 3.174021840095520020e-01 1.000000000000000000e+00
-3.258239463601680375e-01 -6.937676829544869861e-02 2.982142567634582520e-01 0.000000000000000000e+00
-2.719858149534430392e-01 -9.638982147099045550e-02 2.840152084827423096e-01 0.000000000000000000e+00
-2.185243710052841848e-01 -1.240281231441913296e-01 2.743423283100128174e-01 0.000000000000000000e+00
-1.643492492029343111e-01 -1.495100076551126311e-01 2.649208605289459229e-01 0.000000000000000000e+00
-1.110635418079976844e-01 -1.833481054759099615e-01 2.446478009223937988e-01 1.000000000000000000e+00
-5.917311110137025987e-02 -2.106972270847654871e-01 2.156444191932678223e-01 1.000000000000000000e+00
6.290522507372831029e-04 -2.366644272879336597e-01 1.761664152145385742e-01 1.000000000000000000e+00
6.584408267353832056e-02 -2.749523630327308510e-01 1.409571319818496704e-01 1.000000000000000000e+00
1.238946546116694858e-01 -3.249342158513909284e-01 1.119923591613769531e-01 1.000000000000000000e+00
1.761618781439842907e-01 -3.685178609647334902e-01 9.086251258850097656e-02 1.000000000000000000e+00
2.348048819898527761e-01 -4.099203487157204728e-01 7.739184796810150146e-02 1.000000000000000000e+00
2.989234937587793017e-01 -4.575369098592370620e-01 7.368795573711395264e-02 1.000000000000000000e+00
3.660309018746513154e-01 -5.043037115114330504e-01 5.399874970316886902e-02 1.000000000000000000e+00
4.369625727787880831e-01 -5.305145415724185076e-01 4.569302871823310852e-02 1.000000000000000000e+00
-6.344234240380253187e-01 1.687527993505569812e-01 2.192882597446441650e-01 0.000000000000000000e+00
-5.849171878680985426e-01 1.345078527327279172e-01 2.677620351314544678e-01 0.000000000000000000e+00
-5.304558099390186410e-01 9.961066256076855918e-02 3.244532942771911621e-01 1.000000000000000000e+00
-4.804905524419597618e-01 6.209954591758773401e-02 3.566153645515441895e-01 1.000000000000000000e+00
-4.348484447106329975e-01 2.034063807381225608e-02 3.719980716705322266e-01 1.000000000000000000e+00
-3.883286077856425988e-01 -1.104064092194409485e-02 3.750045895576477051e-01 1.000000000000000000e+00
-3.420040477465153828e-01 -3.222005396468388683e-02 3.712008297443389893e-01 1.000000000000000000e+00
-2.897265825300124331e-01 -5.589083044317537385e-02 3.547751009464263916e-01 1.000000000000000000e+00
-2.389813027708502791e-01 -8.386292461987041036e-02 3.306385278701782227e-01 0.000000000000000000e+00
-1.862495893578089978e-01 -1.104654464174917861e-01 3.106172978878021240e-01 1.000000000000000000e+00
-1.345279357060434611e-01 -1.235736536766983418e-01 2.905975878238677979e-01 0.000000000000000000e+00
-8.141791218076846470e-02 -1.374280603520781352e-01 2.648944258689880371e-01 0.000000000000000000e+00
-3.186885481275461562e-02 -1.532003172220976484e-01 2.344503104686737061e-01 1.000000000000000000e+00
2.723238537519251379e-02 -1.724934375230202377e-01 1.916844844818115234e-01 1.000000000000000000e+00
9.702571731625461715e-02 -2.050296191933160539e-01 1.501017808914184570e-01 1.000000000000000000e+00
1.573378417302758181e-01 -2.493020333733796667e-01 1.214424520730972290e-01 1.000000000000000000e+00
2.120479124073502142e-01 -2.966888257038829968e-01 9.999942779541015625e-02 1.000000000000000000e+00
2.666262952562523658e-01 -3.410335638759913190e-01 8.664605021476745605e-02 1.000000000000000000e+00
3.307773179516837470e-01 -3.873482510158549053e-01 7.882821559906005859e-02 1.000000000000000000e+00
3.989970064244495185e-01 -4.301973094868779546e-01 5.942495539784431458e-02 1.000000000000000000e+00
4.662089966765452509e-01 -4.594840692357490264e-01 4.636299982666969299e-02 1.000000000000000000e+00
-5.685650535828418173e-01 2.131552207532085574e-01 2.293368875980377197e-01 1.000000000000000000e+00
-5.260774267283129246e-01 1.696795453290387834e-01 2.841051220893859863e-01 1.000000000000000000e+00
-4.780669295284771803e-01 1.267590598035909233e-01 3.324913680553436279e-01 1.000000000000000000e+00
-4.321360526645779965e-01 8.963603134149844553e-02 3.630468547344207764e-01 1.000000000000000000e+00
-3.827725889439819174e-01 5.143385389670881991e-02 3.841043710708618164e-01 1.000000000000000000e+00
-3.383505692567727596e-01 1.894824317627000210e-02 4.023874998092651367e-01 1.000000000000000000e+00
-2.955286019897190863e-01 -9.586026739287600851e-03 4.093581736087799072e-01 1.000000000000000000e+00
-2.536385542268019266e-01 -3.421852054381280261e-02 4.033693969249725342e-01 1.000000000000000000e+00
-2.040323457322073541e-01 -5.880880427955434420e-02 3.805642724037170410e-01 1.000000000000000000e+00
-1.551688384653595598e-01 -7.992634574868009989e-02 3.570907413959503174e-01 0.000000000000000000e+00
-1.028964572124582699e-01 -8.763905570713573234e-02 3.246399462223052979e-01 0.000000000000000000e+00
-4.843007171093974272e-02 -8.706307950956386488e-02 2.878680825233459473e-01 0.000000000000000000e+00
3.154596780631291342e-03 -9.432859823442873992e-02 2.547806203365325928e-01 0.000000000000000000e+00
5.866725935718652973e-02 -1.155301647144170440e-01 2.125550061464309692e-01 1.000000000000000000e+00
1.265218349496584904e-01 -1.434941627449309587e-01 1.655915528535842896e-01 1.000000000000000000e+00
1.899100102237548104e-01 -1.791966632881001054e-01 1.332871466875076294e-01 1.000000000000000000e+00
2.461996973678129974e-01 -2.260725989361589972e-01 1.109749078750610352e-01 1.000000000000000000e+00
2.992179672038797755e-01 -2.750241615062581357e-01 9.808443486690521240e-02 1.000000000000000000e+00
3.587671124876643525e-01 -3.158498432935932798e-01 8.101959526538848877e-02 1.000000000000000000e+00
4.242173868625179201e-01 -3.549401904966761334e-01 6.040621176362037659e-02 1.000000000000000000e+00
4.957011498720110820e-01 -3.886013505790686384e-01 4.539818689227104187e-02 1.000000000000000000e+00
-4.970012642447386719e-01 2.594965657747553278e-01 2.412792146205902100e-01 1.000000000000000000e+00
-4.738994912945684868e-01 2.201133598777054723e-01 2.979207038879394531e-01 1.000000000000000000e+00
-4.360597029899876409e-01 1.754815437153212365e-01 3.417026698589324951e-01 1.000000000000000000e+00
-3.915053105883178897e-01 1.381956914407190817e-01 3.708183169364929199e-01 1.000000000000000000e+00
-3.438377306846788772e-01 1.030195944987388340e-01 3.971188366413116455e-01 1.000000000000000000e+00
-2.954528641029450786e-01 6.701829387305167918e-02 4.214578866958618164e-01 1.000000000000000000e+00
-2.557826487042481611e-01 2.801528415970654107e-02 4.383775889873504639e-01 1.000000000000000000e+00
-2.144567365086493260e-01 -5.586122228209686180e-03 4.422691464424133301e-01 1.000000000000000000e+00
-1.729393301068412603e-01 -2.857859786347896613e-02 4.321828782558441162e-01 1.000000000000000000e+00
-1.257031442711354918e-01 -4.125721283252611199e-02 4.103364944458007812e-01 1.000000000000000000e+00
-7.422863447068175913e-02 -4.226878461199212733e-02 3.757022619247436523e-01 1.000000000000000000e+00
-1.434819124999933693e-02 -4.289409896410202594e-02 3.381480276584625244e-01 1.000000000000000000e+00
3.862671606439483513e-02 -5.159328093664641846e-02 2.982386648654937744e-01 1.000000000000000000e+00
9.630023702739148872e-02 -6.704779798409837843e-02 2.544645667076110840e-01 1.000000000000000000e+00
1.630733113161837444e-01 -8.607782580281481133e-02 2.026439607143402100e-01 1.000000000000000000e+00
2.263673199939946201e-01 -1.184429176099366932e-01 1.595289558172225952e-01 1.000000000000000000e+00
2.806291325953753635e-01 -1.583109492421194420e-01 1.312510967254638672e-01 1.000000000000000000e+00
3.313541924039644093e-01 -2.052561953825544905e-01 1.110762208700180054e-01 1.000000000000000000e+00
3.865734444262549641e-01 -2.424339620641505211e-01 8.412183821201324463e-02 1.000000000000000000e+00
4.493406912546645815e-01 -2.771916567042509438e-01 5.835803598165512085e-02 1.000000000000000000e+00
5.228063255216854888e-01 -3.006735520811408269e-01 4.301085323095321655e-02 1.000000000000000000e+00
-4.286392866943111168e-01 3.068067825498704271e-01 2.408836632966995239e-01 1.000000000000000000e+00
-4.230609352912956256e-01 2.622737954788882386e-01 2.935590445995330811e-01 1.000000000000000000e+00
-3.966873920532778541e-01 2.165584417932056027e-01 3.379519879817962646e-01 1.000000000000000000e+00
-3.588216623634385427e-01 1.834514074016100615e-01 3.673334717750549316e-01 1.000000000000000000e+00
-3.103997012866590577e-01 1.495237369910149550e-01 3.964777290821075439e-01 1.000000000000000000e+00
-2.576233122141962650e-01 1.147296801573617214e-01 4.276553094387054443e-01 1.000000000000000000e+00
-2.156204847530200364e-01 7.650832062814354184e-02 4.512943327426910400e-01 1.000000000000000000e+00
-1.794050623318293458e-01 3.727468862810283390e-02 4.602026045322418213e-01 1.000000000000000000e+00
-1.447237693913669687e-01 1.217343757443947738e-02 4.599121510982513428e-01 1.000000000000000000e+00
-9.648172267416840753e-02 2.508369689125836133e-03 4.474036693572998047e-01 1.000000000000000000e+00
-4.196280507724810260e-02 2.261134958671928014e-03 4.155257344245910645e-01 1.000000000000000000e+00
2.137007879995798942e-02 1.988523874147416631e-03 3.834131360054016113e-01 1.000000000000000000e+00
7.394011295084439161e-02 -5.646919057186589042e-03 3.514949381351470947e-01 1.000000000000000000e+00
1.286759090105786263e-01 -2.146281898883913714e-02 3.077423274517059326e-01 1.000000000000000000e+00
1.943861016831099076e-01 -3.340079792571644390e-02 2.490534782409667969e-01 1.000000000000000000e+00
2.614777942928434018e-01 -6.361229114105293458e-02 2.005009055137634277e-01 1.000000000000000000e+00
3.229126527992780549e-01 -9.965523285306884804e-02 1.709331721067428589e-01 1.000000000000000000e+00
3.736224133018576921e-01 -1.377785956911431464e-01 1.353621780872344971e-01 1.000000000000000000e+00
4.216182012515631850e-01 -1.733312641878561045e-01 9.478776156902313232e-02 1.000000000000000000e+00
4.808795467802911006e-01 -2.033678795920087490e-01 5.956966802477836609e-02 1.000000000000000000e+00
5.558483483994529628e-01 -2.123738919388014901e-01 4.188980534672737122e-02 1.000000000000000000e+00
-3.775304653420512024e-01 3.477483510484533635e-01 2.230927497148513794e-01 1.000000000000000000e+00
-3.624067575914722283e-01 2.985512475243748409e-01 2.748860418796539307e-01 1.000000000000000000e+00
-3.490793972567211023e-01 2.539285456179811162e-01 3.251139223575592041e-01 1.000000000000000000e+00
-3.175480175283492690e-01 2.240410931790645099e-01 3.610381782054901123e-01 1.000000000000000000e+00
-2.787197697223545156e-01 1.899302578331971414e-01 3.896304368972778320e-01 1.000000000000000000e+00
-2.343030710747698864e-01 1.541905626962171150e-01 4.148098230361938477e-01 1.000000000000000000e+00
-1.945366133474983883e-01 1.182476038455811812e-01 4.441439509391784668e-01 1.000000000000000000e+00
-1.593312243458030741e-01 8.074538018743618317e-02 4.549068808555603027e-01 1.000000000000000000e+00
-1.208378648613637474e-01 5.470127252244774002e-02 4.572373330593109131e-01 1.000000000000000000e+00
-6.671746152218215042e-02 4.349130005116613740e-02 4.480542540550231934e-01 1.000000000000000000e+00
-6.377367405817933182e-03 4.696229322356870045e-02 4.176411032676696777e-01 1.000000000000000000e+00
5.553679164732770734e-02 5.181730065610495872e-02 3.866544365882873535e-01 1.000000000000000000e+00
1.087923587772229861e-01 4.517538933598531231e-02 3.567464351654052734e-01 1.000000000000000000e+00
1.640022331257198762e-01 3.286864654806193053e-02 3.322239518165588379e-01 1.000000000000000000e+00
2.276856944888396017e-01 1.083446907574089901e-02 2.990180552005767822e-01 1.000000000000000000e+00
2.934044956551792316e-01 -1.433444874320669027e-02 2.442922890186309814e-01 1.000000000000000000e+00
3.604641671967565575e-01 -5.126300110955775424e-02 1.997864693403244019e-01 1.000000000000000000e+00
4.143648339899596023e-01 -8.233779875965502315e-02 1.555712074041366577e-01 1.000000000000000000e+00
4.633287666600967025e-01 -1.102121227845169193e-01 1.028503179550170898e-01 1.000000000000000000e+00
5.196826750645733295e-01 -1.273772381674123100e-01 5.626408010721206665e-02 1.000000000000000000e+00
5.969660024798473241e-01 -1.309969781049219184e-01 4.002391919493675232e-02 1.000000000000000000e+00
-3.005015718657924051e-01 4.007071793401406623e-01 1.826138496398925781e-01 1.000000000000000000e+00
-2.921622541738131407e-01 3.492021025378044263e-01 2.388061881065368652e-01 1.000000000000000000e+00
-2.871167350834735732e-01 3.032299573237680623e-01 3.071823120117187500e-01 1.000000000000000000e+00
-2.689542303356359798e-01 2.712457202448587679e-01 3.502621352672576904e-01 1.000000000000000000e+00
-2.346378711513612825e-01 2.402412077330094708e-01 3.770112097263336182e-01 1.000000000000000000e+00
-2.061881056670680223e-01 2.036987626458666989e-01 3.996660709381103516e-01 1.000000000000000000e+00
-1.722668942610071918e-01 1.666009116574034277e-01 4.163653254508972168e-01 1.000000000000000000e+00
-1.366959024219041030e-01 1.268643360457261671e-01 4.253861010074615479e-01 0.000000000000000000e+00
-9.378348801794607337e-02 9.474975456944087493e-02 4.261589646339416504e-01 1.000000000000000000e+00
-4.043762521638324947e-02 8.606373821870007268e-02 4.219791591167449951e-01 1.000000000000000000e+00
2.122430997311599427e-02 9.318800968331480972e-02 3.950149714946746826e-01 1.000000000000000000e+00
8.233864169662533095e-02 9.934049072510171829e-02 3.694111704826354980e-01 1.000000000000000000e+00
1.412708624853316330e-01 8.957107251123118397e-02 3.503879904747009277e-01 1.000000000000000000e+00
2.022993516151364024e-01 7.452593307172161730e-02 3.385781347751617432e-01 1.000000000000000000e+00
2.703534569739040050e-01 5.514494712836594259e-02 3.192062079906463623e-01 1.000000000000000000e+00
3.331858101465507982e-01 3.412203587085924084e-02 2.788722515106201172e-01 1.000000000000000000e+00
4.037759756739159878e-01 -4.742047293081863568e-03 2.274058759212493896e-01 1.000000000000000000e+00
4.645380335008590933e-01 -3.688125306560963157e-02 1.782816350460052490e-01 1.000000000000000000e+00
5.124172538042955916e-01 -5.393768226290757140e-02 1.180969774723052979e-01 1.000000000000000000e+00
5.689116271181469120e-01 -6.189300528646007882e-02 5.895018205046653748e-02 1.000000000000000000e+00
6.432257512026768875e-01 -5.376039154464645753e-02 3.796062245965003967e-02 1.000000000000000000e+00
-2.337468959934641544e-01 4.388572948903072812e-01 1.498089134693145752e-01 1.000000000000000000e+00
-2.179590026426470595e-01 3.928045504139389132e-01 2.058832049369812012e-01 1.000000000000000000e+00
-2.266389406275792218e-01 3.564282323985578649e-01 2.759621441364288330e-01 1.000000000000000000e+00
-2.267295352784533813e-01 3.185784447541677444e-01 3.237054347991943359e-01 1.000000000000000000e+00
-2.036901238590110852e-01 2.895994570981914040e-01 3.589117228984832764e-01 1.000000000000000000e+00
-1.783421293490967674e-01 2.653937159399071821e-01 3.804801106452941895e-01 1.000000000000000000e+00
-1.459539410689908445e-01 2.318971076908133144e-01 3.938602805137634277e-01 1.000000000000000000e+00
-1.102256888013815328e-01 1.903287773592919618e-01 4.004221558570861816e-01 1.000000000000000000e+00
-6.535019536597549972e-02 1.540360786913565483e-01 3.967849016189575195e-01 1.000000000000000000e+00
-9.331075184289099045e-03 1.338055439909228428e-01 3.901442885398864746e-01 1.000000000000000000e+00
4.890417897566074618e-02 1.358542443451207227e-01 3.677028119564056396e-01 0.000000000000000000e+00
1.166997344922382773e-01 1.318587757898486146e-01 3.509748876094818115e-01 0.000000000000000000e+00
1.782088741849953695e-01 1.194880777934879679e-01 3.457354009151458740e-01 1.000000000000000000e+00
2.430766382836689332e-01 1.061684382345485234e-01 3.419361412525177002e-01 1.000000000000000000e+00
3.173543474910855977e-01 9.206342639792294835e-02 3.351242840290069580e-01 1.000000000000000000e+00
3.915748423516487442e-01 7.979774517716131665e-02 2.983648478984832764e-01 1.000000000000000000e+00
4.574676257086413012e-01 4.724493130677187569e-02 2.469719648361206055e-01 1.000000000000000000e+00
5.227966738933764734e-01 1.135157929683322520e-02 2.000190615653991699e-01 1.000000000000000000e+00
5.759120711418366234e-01 -3.960286473477514502e-03 1.312619447708129883e-01 1.000000000000000000e+00
6.332498871880878344e-01 -1.296371732579898461e-02 6.438009440898895264e-02 1.000000000000000000e+00
7.197098900764873353e-01 -2.356015153786233940e-02 4.039552435278892517e-02 1.000000000000000000e+00
-1.700966410786149963e-01 4.835891782077684775e-01 1.293147802352905273e-01 1.000000000000000000e+00
-1.501741313521670895e-01 4.424243828773146703e-01 1.789807528257369995e-01 0.000000000000000000e+00
-1.603076351168989389e-01 4.062653687444997552e-01 2.430816888809204102e-01 1.000000000000000000e+00
-1.782415195533452179e-01 3.751541878274254338e-01 2.966662645339965820e-01 1.000000000000000000e+00
-1.739974478121315560e-01 3.403288896423134480e-01 3.303916454315185547e-01 1.000000000000000000e+00
-1.524790898136671735e-01 3.125116640604717055e-01 3.472777903079986572e-01 1.000000000000000000e+00
-1.183198488122850223e-01 2.856564297591789869e-01 3.644696474075317383e-01 1.000000000000000000e+00
-8.862898507989144803e-02 2.535533332991129485e-01 3.755599260330200195e-01 1.000000000000000000e+00
-4.512180488645980980e-02 2.154070636488729651e-01 3.709511458873748779e-01 1.000000000000000000e+00
1.053373023819131893e-02 1.881445959605558549e-01 3.669435679912567139e-01 1.000000000000000000e+00
7.445553729799619935e-02 1.698225390493242615e-01 3.537623882293701172e-01 1.000000000000000000e+00
1.457420214463219510e-01 1.577270678762738854e-01 3.383041024208068848e-01 1.000000000000000000e+00
2.133149836508452246e-01 1.508431862304971116e-01 3.358664810657501221e-01 1.000000000000000000e+00
2.852484956807981309e-01 1.437746012894774439e-01 3.323170244693756104e-01 0.000000000000000000e+00
3.666087667778719084e-01 1.302088004276320543e-01 3.265194892883300781e-01 1.000000000000000000e+00
4.483419900690625015e-01 1.212721196466398088e-01 3.048453927040100098e-01 1.000000000000000000e+00
5.199166322206572044e-01 9.339254833913829268e-02 2.586104273796081543e-01 1.000000000000000000e+00
5.855159259980442510e-01 6.411169968577085099e-02 2.132762819528579712e-01 1.000000000000000000e+00
6.466801490534783703e-01 4.769908467290107090e-02 1.469018161296844482e-01 1.000000000000000000e+00
7.074924669972706415e-01 3.355668858164634338e-02 8.203737437725067139e-02 1.000000000000000000e+00
7.900428017772540557e-01 1.246337101370220690e-02 4.366717860102653503e-02 1.000000000000000000e+00
-1.121033045607616185e-01 5.351713047175387095e-01 1.143915206193923950e-01 1.000000000000000000e+00
-9.085366433169053679e-02 4.941639805498337923e-01 1.575249135494232178e-01 1.000000000000000000e+00
-9.051269632723740743e-02 4.506385929178453598e-01 2.181204408407211304e-01 1.000000000000000000e+00
-1.142906943883405801e-01 4.163399828251498347e-01 2.764664292335510254e-01 1.000000000000000000e+00
-1.339133503610577258e-01 3.819777309912028018e-01 3.073547184467315674e-01 1.000000000000000000e+00
-1.164592551113473595e-01 3.498434458632386779e-01 3.223254680633544922e-01 1.000000000000000000e+00
-9.043060480305026294e-02 3.276271044432974566e-01 3.350623548030853271e-01 1.000000000000000000e+00
-6.641364464760239616e-02 3.002022344109557817e-01 3.450513482093811035e-01 1.000000000000000000e+00
-2.528954209938584496e-02 2.684026163335924142e-01 3.482346832752227783e-01 0.000000000000000000e+00
3.285650298733462649e-02 2.362478583739641147e-01 3.438619077205657959e-01 1.000000000000000000e+00
9.688632188316081972e-02 2.113497445934111318e-01 3.339033126831054688e-01 1.000000000000000000e+00
1.661681754757629026e-01 1.967615402120324319e-01 3.288233578205108643e-01 1.000000000000000000e+00
2.419906088279523138e-01 1.875068087754648005e-01 3.288882076740264893e-01 1.000000000000000000e+00
3.221999285175345396e-01 1.786806370312680747e-01 3.259931206703186035e-01 0.000000000000000000e+00
4.095883000380835526e-01 1.672975740385973242e-01 3.184039592742919922e-01 1.000000000000000000e+00
5.000903648227839060e-01 1.555845749790711885e-01 3.042948246002197266e-01 1.000000000000000000e+00
5.843252564541872029e-01 1.312390485293445375e-01 2.683023512363433838e-01 1.000000000000000000e+00
6.517689806161078847e-01 1.100052976621621048e-01 2.216641902923583984e-01 1.000000000000000000e+00
7.156180422153829435e-01 9.556102476844807736e-02 1.674774885177612305e-01 1.000000000000000000e+00
7.828472389183832592e-01 6.864402426066262830e-02 1.189247071743011475e-01 1.000000000000000000e+00
8.635721515425113237e-01 5.496598107287670176e-02 6.623026728630065918e-02 1.000000000000000000e+00
-4.520356977257106168e-02 5.877145584974634573e-01 8.728264272212982178e-02 1.000000000000000000e+00
-3.123226881284618672e-02 5.411645022820907869e-01 1.278494149446487427e-01 0.000000000000000000e+00
-2.621885903562687359e-02 4.911816695492028928e-01 1.849623471498489380e-01 1.000000000000000000e+00
-4.838966078575202001e-02 4.493700992182130260e-01 2.375827431678771973e-01 1.000000000000000000e+00
-8.256008123870167692e-02 4.210651713788273742e-01 2.698223292827606201e-01 1.000000000000000000e+00
-8.541952363921115343e-02 3.894668045031035586e-01 2.913124561309814453e-01 1.000000000000000000e+00
-6.000897793775059053e-02 3.686243028306477321e-01 3.055270314216613770e-01 1.000000000000000000e+00
-4.101639627684705580e-02 3.391884696785936182e-01 3.168589472770690918e-01 0.000000000000000000e+00
9.427596735735011002e-03 3.107717262501086264e-01 3.236780762672424316e-01 1.000000000000000000e+00
6.473488298785270989e-02 2.755792763309061755e-01 3.224412500858306885e-01 1.000000000000000000e+00
1.196788423323822820e-01 2.511110498684521741e-01 3.177807927131652832e-01 1.000000000000000000e+00
1.935745535783204574e-01 2.329389514442223863e-01 3.205876946449279785e-01 1.000000000000000000e+00
2.744264704620800743e-01 2.223212172685927746e-01 3.228561282157897949e-01 1.000000000000000000e+00
3.647903409988693668e-01 2.150938598808764812e-01 3.273850083351135254e-01 1.000000000000000000e+00
4.595158887892858424e-01 2.044192854116738400e-01 3.216358125209808350e-01 1.000000000000000000e+00
5.485924839370750483e-01 1.921914836710114094e-01 3.013325631618499756e-01 1.000000000000000000e+00
6.335407636630857597e-01 1.672556800711775538e-01 2.747397124767303467e-01 1.000000000000000000e+00
7.134472266359808135e-01 1.503438356376962659e-01 2.329169362783432007e-01 1.000000000000000000e+00
7.837066974532174157e-01 1.365474019524431926e-01 1.800973713397979736e-01 1.000000000000000000e+00
8.513636003749062153e-01 1.013596724802739435e-01 1.386259198188781738e-01 1.000000000000000000e+00
9.193299876052105635e-01 9.617051034476414850e-02 8.976989984512329102e-02 1.000000000000000000e+00
4.955139651810602786e-02 6.433840547656838327e-01 5.746110901236534119e-02 1.000000000000000000e+00
5.335283151954617331e-02 5.846128454750012526e-01 1.093049794435501099e-01 0.000000000000000000e+00
5.240688765156767404e-02 5.294329269990835085e-01 1.562832593917846680e-01 0.000000000000000000e+00
2.809262362672396152e-02 4.801070371939348824e-01 1.981860995292663574e-01 0.000000000000000000e+00
-2.000550740787807036e-02 4.610400768821216744e-01 2.246040105819702148e-01 1.000000000000000000e+00
-3.996132368136173785e-02 4.447763245381923802e-01 2.470156848430633545e-01 1.000000000000000000e+00
-2.422164632524109740e-02 4.191989405369014321e-01 2.644250094890594482e-01 1.000000000000000000e+00
7.280235877528407062e-04 3.849300123622696468e-01 2.803362905979156494e-01 1.000000000000000000e+00
5.828769010785339599e-02 3.474745611692596770e-01 3.003881573677062988e-01 1.000000000000000000e+00
1.180905067361128491e-01 3.169333320845981739e-01 3.095034956932067871e-01 1.000000000000000000e+00
1.676083122159558458e-01 2.930420749048340823e-01 3.120701313018798828e-01 0.000000000000000000e+00
2.404532445766007220e-01 2.675578512438204215e-01 3.181454837322235107e-01 0.000000000000000000e+00
3.259892094215353087e-01 2.479463431125344119e-01 3.212065100669860840e-01 1.000000000000000000e+00
4.117362088053199143e-01 2.465378428505049513e-01 3.311130404472351074e-01 1.000000000000000000e+00
5.051509896070476291e-01 2.453698272377225487e-01 3.239783644676208496e-01 1.000000000000000000e+00
5.928359695739919832e-01 2.330927242210144579e-01 3.013455867767333984e-01 1.000000000000000000e+00
6.804247072123617013e-01 2.101900424464976380e-01 2.760478854179382324e-01 1.000000000000000000e+00
7.659028571178514433e-01 1.917722489688735710e-01 2.396424412727355957e-01 1.000000000000000000e+00
8.368085234164569508e-01 1.855013879663317544e-01 1.911671161651611328e-01 1.000000000000000000e+00
8.960862956793920198e-01 1.618205910746067788e-01 1.405601799488067627e-01 1.000000000000000000e+00
9.542709472793484693e-01 1.592509820145945887e-01 9.506765007972717285e-02 1.000000000000000000e+00
1.491873261145569840e-01 6.803684411695998246e-01 4.216083884239196777e-02 1.000000000000000000e+00
1.404693769406240855e-01 6.220569697024740385e-01 7.951541244983673096e-02 0.000000000000000000e+00
1.230664585017181012e-01 5.694683448401273163e-01 1.251896619796752930e-01 0.000000000000000000e+00
1.000868376552446204e-01 5.253673366246014442e-01 1.577246934175491333e-01 1.000000000000000000e+00
5.351682490710205076e-02 5.014031232500648638e-01 1.787171959877014160e-01 1.000000000000000000e+00
1.753072875701519595e-02 4.962482897226672129e-01 2.011674642562866211e-01 1.000000000000000000e+00
2.113531690248515726e-02 4.669892099165556809e-01 2.227623164653778076e-01 1.000000000000000000e+00
4.855639371846090513e-02 4.302895044009066305e-01 2.388004660606384277e-01 1.000000000000000000e+00
1.067009531287713975e-01 3.943078652800497963e-01 2.624974548816680908e-01 1.000000000000000000e+00
1.676419243276432991e-01 3.593776530522820867e-01 2.861842215061187744e-01 1.000000000000000000e+00
2.339060530301532159e-01 3.292578186957447195e-01 3.002916574478149414e-01 1.000000000000000000e+00
3.098533885679046751e-01 3.053332655056570366e-01 3.126968443393707275e-01 0.000000000000000000e+00
3.883908270707567834e-01 2.893050824347672134e-01 3.198815286159515381e-01 0.000000000000000000e+00
4.700165442881082400e-01 2.868279014135394211e-01 3.224643468856811523e-01 0.000000000000000000e+00
5.587676603982720813e-01 2.886689073666316441e-01 3.147650957107543945e-01 0.000000000000000000e+00
6.448397858398258187e-01 2.829483156182480696e-01 2.959976494312286377e-01 1.000000000000000000e+00
7.294427142891383165e-01 2.716422127709581247e-01 2.706210911273956299e-01 1.000000000000000000e+00
8.125640124258988184e-01 2.604109627266236737e-01 2.368714362382888794e-01 1.000000000000000000e+00
8.850622395423370925e-01 2.503004395310423624e-01 1.955771893262863159e-01 1.000000000000000000e+00
9.388622701980080532e-01 2.385262959310390229e-01 1.358334124088287354e-01 1.000000000000000000e+00
9.903907121594877072e-01 2.367015481247598530e-01 9.284216165542602539e-02 1.000000000000000000e+00
2.666449452367181672e-01 7.207203396961119335e-01 3.371576964855194092e-02 1.000000000000000000e+00
2.297223250392949889e-01 6.544921727920938181e-01 4.277762398123741150e-02 1.000000000000000000e+00
1.942356058237894867e-01 5.974119372105168857e-01 6.549294292926788330e-02 1.000000000000000000e+00
1.696302335162810371e-01 5.641374639264996604e-01 9.278316795825958252e-02 0.000000000000000000e+00
1.298681169144061398e-01 5.388494180402358946e-01 1.260870099067687988e-01 1.000000000000000000e+00
9.246712998638431658e-02 5.134653405596402154e-01 1.578301638364791870e-01 1.000000000000000000e+00
8.002816199797016528e-02 4.994751156649340773e-01 1.862814128398895264e-01 1.000000000000000000e+00
1.005218984989983133e-01 4.664179093849905033e-01 2.016754448413848877e-01 1.000000000000000000e+00
1.485244931647383415e-01 4.263925751774529926e-01 2.198305428028106689e-01 1.000000000000000000e+00
2.043316831870437555e-01 4.030493323954518203e-01 2.407349646091461182e-01 1.000000000000000000e+00
2.710476366423026362e-01 3.766030489652603119e-01 2.622557878494262695e-01 1.000000000000000000e+00
3.477913895662280708e-01 3.603184866148787524e-01 2.851074039936065674e-01 1.000000000000000000e+00
4.375604047514906614e-01 3.381909486047500191e-01 2.982170581817626953e-01 0.000000000000000000e+00
5.168231062235182360e-01 3.295010376217889503e-01 2.991201579570770264e-01 0.000000000000000000e+00
6.087177977134277107e-01 3.363903825528040681e-01 2.921919822692871094e-01 1.000000000000000000e+00
6.967038853028461043e-01 3.322455034195608281e-01 2.828852832317352295e-01 1.000000000000000000e+00
7.789469695571850094e-01 3.261556209845247745e-01 2.623652815818786621e-01 1.000000000000000000e+00
8.552356734944505101e-01 3.307837242726574534e-01 2.214021682739257812e-01 1.000000000000000000e+00
9.208084569041241618e-01 3.248597739802087658e-01 1.773251891136169434e-01 1.000000000000000000e+00
9.718041627004259109e-01 3.156042839003679878e-01 1.187714785337448120e-01 1.000000000000000000e+00
1.017906787972006732e+00 3.081526789367933783e-01 7.267664372920989990e-02 1.000000000000000000e+00
3.194028107692604701e-01 7.257840728104532069e-01 3.086258471012115479e-02 1.000000000000000000e+00
2.964415448753134341e-01 6.682653414169689166e-01 3.195972368121147156e-02 1.000000000000000000e+00
2.488719985413107849e-01 6.096090665821756183e-01 3.674392029643058777e-02 1.000000000000000000e+00
2.197498327725868339e-01 5.789589089675376554e-01 4.339405521750450134e-02 1.000000000000000000e+00
2.126040137316709266e-01 5.565683851594130926e-01 6.549745798110961914e-02 0.000000000000000000e+00
2.040469812253526694e-01 5.144938184937152270e-01 1.035578101873397827e-01 0.000000000000000000e+00
1.759182377494547811e-01 4.897844488375061589e-01 1.518071740865707397e-01 0.000000000000000000e+00
1.688813577752273642e-01 4.836827231380385061e-01 1.886726766824722290e-01 1.000000000000000000e+00
1.949444842056063665e-01 4.607195395624842371e-01 2.071825265884399414e-01 1.000000000000000000e+00
2.476362634796835382e-01 4.432731887961877670e-01 2.159170210361480713e-01 1.000000000000000000e+00
3.075345427198201698e-01 4.276963247158647730e-01 2.205858230590820312e-01 1.000000000000000000e+00
3.824221273619015649e-01 4.055550152229851490e-01 2.409828603267669678e-01 1.000000000000000000e+00
4.620199041821247965e-01 3.916010392521763750e-01 2.589324712753295898e-01 1.000000000000000000e+00
5.394115727056741916e-01 3.822984474349466200e-01 2.680377960205078125e-01 0.000000000000000000e+00
6.319335568153956473e-01 3.792757176065938429e-01 2.737508416175842285e-01 0.000000000000000000e+00
7.273707436062063492e-01 3.771964976657180002e-01 2.606471180915832520e-01 1.000000000000000000e+00
8.035647119647314485e-01 3.774402223539443657e-01 2.389903217554092407e-01 1.000000000000000000e+00
8.773310745325897386e-01 3.882858498078284870e-01 1.928022950887680054e-01 1.000000000000000000e+00
9.392670063842581962e-01 3.908152086275128445e-01 1.393917202949523926e-01 1.000000000000000000e+00
9.838054356670544731e-01 3.906169498521175898e-01 8.554030954837799072e-02 1.000000000000000000e+00
1.020543368374302817e+00 4.128760071030245782e-01 4.239342734217643738e-02 1.000000000000000000e+00
