1.721045485518124529e-02 -9.425723308318766369e-01 4.354276135563850403e-02 1.000000000000000000e+00
7.320583055608775869e-02 -8.848298839664965332e-01 4.953015968203544617e-02 1.000000000000000000e+00
1.110772395337639717e-01 -8.155009101972592322e-01 5.002374574542045593e-02 1.000000000000000000e+00
1.537933023072218797e-01 -7.568501355261965102e-01 5.500472709536552429e-02 1.000000000000000000e+00
1.883782475519882871e-01 -7.015658614533657467e-01 5.624333769083023071e-02 1.000000000000000000e+00
2.167325609611164827e-01 -6.561440974460539532e-01 5.237273126840591431e-02 1.000000000000000000e+00
2.457716552914254449e-01 -6.099316796341021085e-01 5.306914821267127991e-02 1.000000000000000000e+00
2.855525904611604382e-01 -5.593962174235392881e-01 6.334310770034790039e-02 1.000000000000000000e+00
3.213220834200377074e-01 -5.166628849789040023e-01 7.349076867103576660e-02 1.000000000000000000e+00
3.643795672765701710e-01 -4.715434929995215296e-01 9.015919268131256104e-02 1.000000000000000000e+00
4.171650587512222841e-01 -4.335507024152229771e-01 1.112089157104492188e-01 1.000000000000000000e+00
4.674042931541153023e-01 -3.998592479683741874e-01 1.321979165077209473e-01 1.000000000000000000e+00
5.172150086943968494e-01 -3.678280961787162018e-01 1.481392234563827515e-01 1.000000000000000000e+00
5.628709089818987321e-01 -3.202678326880980531e-01 1.550280451774597168e-01 1.000000000000000000e+00
6.079909120905846454e-01 -2.711221311970455905e-01 1.580255925655364990e-01 1.000000000000000000e+00
6.382525495189369513e-01 -2.220214425402027569e-01 1.567853838205337524e-01 1.000000000000000000e+00
6.643573802559175068e-01 -1.747365560210426272e-01 1.597722470760345459e-01 1.000000000000000000e+00
6.886039564420527448e-01 -1.144523170156674929e-01 1.517669856548309326e-01 1.000000000000000000e+00
7.104915945904574093e-01 -5.632150801468371881e-02 1.367810517549514771e-01 1.000000000000000000e+00
6.973664126880131375e-01 1.856674044026285220e-03 1.091472506523132324e-01 0.000000000000000000e+00
6.471946567066750866e-01 7.260675525135390496e-02 4.835093393921852112e-02 0.000000000000000000e+00
1.205231280017704520e-03 -9.148906600515580578e-01 1.082596629858016968e-01 1.000000000000000000e+00
5.282424681894709595e-02 -8.488038958242940524e-01 1.151254028081893921e-01 1.000000000000000000e+00
8.842541580158397307e-02 -7.748287799157613787e-01 1.011151969432830811e-01 1.000000000000000000e+00
1.228558296262851623e-01 -7.123366571777187684e-01 9.745335578918457031e-02 1.000000000000000000e+00
1.568294980536738548e-01 -6.580564685503873523e-01 9.730602800846099854e-02 1.000000000000000000e+00
1.790253771786630144e-01 -6.120058103430201513e-01 9.714147448539733887e-02 1.000000000000000000e+00
2.063260404484431043e-01 -5.620186786315841676e-01 1.007174700498580933e-01 1.000000000000000000e+00
2.419382413686776978e-01 -5.132634887654093925e-01 1.063123792409896851e-01 1.000000000000000000e+00
2.796262272616344413e-01 -4.690866583694123793e-01 1.104237735271453857e-01 1.000000000000000000e+00
3.247192774606976196e-01 -4.327282053494438951e-01 1.306778192520141602e-01 1.000000000000000000e+00
3.728392076356029095e-01 -4.006924397969630069e-01 1.556163728237152100e-01 1.000000000000000000e+00
4.147531329052904780e-01 -3.684889798367912972e-01 1.768356263637542725e-01 1.000000000000000000e+00
4.564169574588254341e-01 -3.296812786194456280e-01 1.977531015872955322e-01 1.000000000000000000e+00
5.060772508967716909e-01 -2.846179419485825868e-01 2.166161984205245972e-01 1.000000000000000000e+00
5.485711049481679646e-01 -2.357594923035561119e-01 2.274449318647384644e-01 1.000000000000000000e+00
5.812222158059968669e-01 -1.849383692904985887e-01 2.304426729679107666e-01 1.000000000000000000e+00
6.095254261613056723e-01 -1.344369195866840783e-01 2.272049039602279663e-01 1.000000000000000000e+00
6.437045394017606448e-01 -8.148163821571680066e-02 2.114348560571670532e-01 1.000000000000000000e+00
6.717565334665203114e-01 -2.332271726677620505e-02 1.870410591363906860e-01 1.000000000000000000e+00
6.602695995656944206e-01 2.505210782829980776e-02 1.493537575006484985e-01 1.000000000000000000e+00
6.132289961805034162e-01 6.719448877325168157e-02 1.001761257648468018e-01 0.000000000000000000e+00
-2.028915569835609833e-02 -8.727268685075626475e-01 1.709007173776626587e-01 1.000000000000000000e+00
2.061136835522225930e-02 -8.163507803240571681e-01 1.810794919729232788e-01 1.000000000000000000e+00
5.262244770827695373e-02 -7.465057394682281799e-01 1.680369228124618530e-01 1.000000000000000000e+00
8.211263975819793615e-02 -6.750558309148015912e-01 1.419345289468765259e-01 1.000000000000000000e+00
1.121281290545345644e-01 -6.200402640746519589e-01 1.432930976152420044e-01 1.000000000000000000e+00
1.371198193754938344e-01 -5.665249353806719457e-01 1.467776298522949219e-01 1.000000000000000000e+00
1.671824604586019947e-01 -5.104481635785786953e-01 1.463558226823806763e-01 1.000000000000000000e+00
2.066074760293745982e-01 -4.602971965302686819e-01 1.427492350339889526e-01 1.000000000000000000e+00
2.502596624551079452e-01 -4.254909592573957178e-01 1.471639573574066162e-01 1.000000000000000000e+00
2.909870577917156864e-01 -3.942662452671451545e-01 1.679898798465728760e-01 1.000000000000000000e+00
3.332546873166407631e-01 -3.609216936278555332e-01 1.965770572423934937e-01 1.000000000000000000e+00
3.720497023325846642e-01 -3.320248659846949946e-01 2.257778495550155640e-01 1.000000000000000000e+00
4.096144100107360631e-01 -2.930650976208329928e-01 2.396009117364883423e-01 1.000000000000000000e+00
4.583894194324231175e-01 -2.548870703202401056e-01 2.590283453464508057e-01 1.000000000000000000e+00
4.992095062256184379e-01 -2.102526937368088267e-01 2.717413306236267090e-01 1.000000000000000000e+00
5.278166796523877657e-01 -1.619598231886621720e-01 2.797818481922149658e-01 1.000000000000000000e+00
5.569143159552782940e-01 -1.107108148328099506e-01 2.760238349437713623e-01 1.000000000000000000e+00
5.932623060201039911e-01 -5.772754795443141296e-02 2.566919028759002686e-01 1.000000000000000000e+00
6.274998347925950792e-01 -4.829164828953846911e-03 2.356123626232147217e-01 1.000000000000000000e+00
6.340883144455150555e-01 4.790682648921124054e-02 2.029220014810562134e-01 1.000000000000000000e+00
6.172077219002045645e-01 9.182002834777264200e-02 1.730483770370483398e-01 0.000000000000000000e+00
-5.841047441427760223e-02 -8.159773170994022440e-01 2.050182819366455078e-01 1.000000000000000000e+00
-2.326661981140820679e-02 -7.761894698465112707e-01 2.233065813779830933e-01 1.000000000000000000e+00
4.288104661195557554e-03 -7.090556514616912498e-01 2.243464589118957520e-01 1.000000000000000000e+00
3.626426535025889519e-02 -6.364044945054312397e-01 2.042968571186065674e-01 1.000000000000000000e+00
6.375062763457800541e-02 -5.788861424335836059e-01 2.058194279670715332e-01 1.000000000000000000e+00
9.546798560036023895e-02 -5.206874980799214292e-01 1.975995004177093506e-01 1.000000000000000000e+00
1.315767606897501607e-01 -4.645465787743946473e-01 1.913104653358459473e-01 1.000000000000000000e+00
1.728199280850100106e-01 -4.164785721997656953e-01 1.915457397699356079e-01 1.000000000000000000e+00
2.113335760086512138e-01 -3.807041322545445250e-01 2.011810988187789917e-01 1.000000000000000000e+00
2.475247007716753767e-01 -3.558177194928093812e-01 2.215414345264434814e-01 1.000000000000000000e+00
2.931380314250923158e-01 -3.258144857097662883e-01 2.491395771503448486e-01 1.000000000000000000e+00
3.420590388471100307e-01 -2.904535524465525209e-01 2.660298347473144531e-01 1.000000000000000000e+00
3.768604819159648289e-01 -2.525382159160158291e-01 2.747960984706878662e-01 1.000000000000000000e+00
4.193709839725229815e-01 -2.174017264749237011e-01 2.835295498371124268e-01 1.000000000000000000e+00
4.547298191129343081e-01 -1.773420004390012517e-01 2.925451099872589111e-01 1.000000000000000000e+00
4.835834883832195730e-01 -1.331941670747797402e-01 2.987512350082397461e-01 1.000000000000000000e+00
5.109388055788062211e-01 -8.483985695821635864e-02 2.973566353321075439e-01 1.000000000000000000e+00
5.406111563079912807e-01 -3.242169502467190378e-02 2.833923399448394775e-01 1.000000000000000000e+00
5.803935666174242503e-01 1.817045469713801653e-02 2.680321931838989258e-01 1.000000000000000000e+00
5.987207022239013909e-01 7.239338683076745884e-02 2.408611923456192017e-01 1.000000000000000000e+00
5.937049954434381327e-01 1.165736732683423926e-01 2.241151034832000732e-01 1.000000000000000000e+00
-9.549228325852648913e-02 -7.465209123336922215e-01 2.075151056051254272e-01 1.000000000000000000e+00
-6.525402679438552234e-02 -7.162911695329505779e-01 2.485205829143524170e-01 1.000000000000000000e+00
-3.865213719949178728e-02 -6.632369905819524014e-01 2.602955996990203857e-01 1.000000000000000000e+00
-1.431258506554156096e-02 -5.985186502321401258e-01 2.613860368728637695e-01 1.000000000000000000e+00
2.054119385245156693e-02 -5.382756097711843823e-01 2.615011334419250488e-01 1.000000000000000000e+00
5.475497287580682881e-02 -4.731955019471788537e-01 2.461259514093399048e-01 1.000000000000000000e+00
9.094267847574552532e-02 -4.203425109775474899e-01 2.407973110675811768e-01 1.000000000000000000e+00
1.318485235689484114e-01 -3.769375263550426292e-01 2.463323324918746948e-01 1.000000000000000000e+00
1.707246396581393877e-01 -3.383133641262497937e-01 2.577954232692718506e-01 1.000000000000000000e+00
2.048929949155120500e-01 -3.051184324820847560e-01 2.764289081096649170e-01 1.000000000000000000e+00
2.469854094544651768e-01 -2.757855548613195595e-01 2.977860569953918457e-01 1.000000000000000000e+00
2.996606263341665688e-01 -2.443447631983768076e-01 3.083389401435852051e-01 1.000000000000000000e+00
3.382828814180643406e-01 -2.105070183574357379e-01 3.103346526622772217e-01 1.000000000000000000e+00
3.745333752855721787e-01 -1.763862047451833781e-01 3.103555738925933838e-01 1.000000000000000000e+00
4.095545088022899405e-01 -1.372426879756150075e-01 3.130212128162384033e-01 1.000000000000000000e+00
4.434511749374492329e-01 -9.696802354899913823e-02 3.164020776748657227e-01 1.000000000000000000e+00
4.720534066462306888e-01 -5.237392881603217254e-02 3.207014203071594238e-01 1.000000000000000000e+00
4.969853538094257672e-01 -6.533098693976557847e-03 3.130902051925659180e-01 1.000000000000000000e+00
5.342728392744077182e-01 4.121725762013789263e-02 2.941220700740814209e-01 1.000000000000000000e+00
5.560746453658200750e-01 9.319114962352895160e-02 2.634663581848144531e-01 1.000000000000000000e+00
5.672123504798846083e-01 1.339633997436644741e-01 2.389959096908569336e-01 1.000000000000000000e+00
-1.402820763458416664e-01 -6.732938819128035934e-01 1.996391713619232178e-01 1.000000000000000000e+00
-1.137172970510617609e-01 -6.524495257790132730e-01 2.552872002124786377e-01 1.000000000000000000e+00
-9.081480493736326931e-02 -5.997479473626574631e-01 2.720322906970977783e-01 1.000000000000000000e+00
-6.124177325669399874e-02 -5.386859936351349187e-01 2.776485085487365723e-01 1.000000000000000000e+00
-2.228432428658910780e-02 -4.806836482284124190e-01 2.793776392936706543e-01 1.000000000000000000e+00
1.814181591357486023e-02 -4.271940923322967709e-01 2.799262404441833496e-01 1.000000000000000000e+00
5.481206078211478538e-02 -3.813807208820459982e-01 2.848895490169525146e-01 1.000000000000000000e+00
9.530682658836665822e-02 -3.408079412592004420e-01 2.954842150211334229e-01 1.000000000000000000e+00
1.327427954006525357e-01 -3.025898112322493727e-01 3.100677728652954102e-01 1.000000000000000000e+00
1.645587453818138646e-01 -2.658305416829422896e-01 3.234437108039855957e-01 1.000000000000000000e+00
1.984134846223279403e-01 -2.316720922520587311e-01 3.337628543376922607e-01 1.000000000000000000e+00
2.432262161319451443e-01 -2.019771824222081069e-01 3.433032035827636719e-01 1.000000000000000000e+00
2.834339421435025930e-01 -1.672927166143062805e-01 3.444400131702423096e-01 1.000000000000000000e+00
3.248213149809424660e-01 -1.331696902925071091e-01 3.412589728832244873e-01 1.000000000000000000e+00
3.641816351392508366e-01 -9.768317127453196580e-02 3.415568768978118896e-01 1.000000000000000000e+00
3.975643836770925144e-01 -6.298527247575633203e-02 3.435974121093750000e-01 1.000000000000000000e+00
4.225021787155185393e-01 -2.206682547484867252e-02 3.447492122650146484e-01 1.000000000000000000e+00
4.447198266877635531e-01 2.173102045933836268e-02 3.335954546928405762e-01 1.000000000000000000e+00
4.770768473733955628e-01 6.638227685559819347e-02 3.116122484207153320e-01 1.000000000000000000e+00
5.061916163702058213e-01 1.131569125532611575e-01 2.745527625083923340e-01 1.000000000000000000e+00
5.231485368581696438e-01 1.534206187992642467e-01 2.357321083545684814e-01 1.000000000000000000e+00
-1.903919396801414532e-01 -6.005418886214813901e-01 1.985942423343658447e-01 1.000000000000000000e+00
-1.675463247385083621e-01 -5.764232702674252362e-01 2.507512271404266357e-01 1.000000000000000000e+00
-1.456278983172664965e-01 -5.281619677088132958e-01 2.781815826892852783e-01 1.000000000000000000e+00
-1.118373579466576118e-01 -4.709539639559755519e-01 2.831242084503173828e-01 1.000000000000000000e+00
-6.859758897031548175e-02 -4.182414589691431095e-01 2.935439944267272949e-01 1.000000000000000000e+00
-2.519479598393323250e-02 -3.726075171897152982e-01 3.036814630031585693e-01 1.000000000000000000e+00
1.559679953966874866e-02 -3.346297084929733545e-01 3.177387714385986328e-01 1.000000000000000000e+00
5.296711409868676279e-02 -3.025335451894873851e-01 3.363146781921386719e-01 1.000000000000000000e+00
8.685138906038385176e-02 -2.656683289997360253e-01 3.505727946758270264e-01 1.000000000000000000e+00
1.160584333136526758e-01 -2.306837736791695903e-01 3.635824918746948242e-01 1.000000000000000000e+00
1.461002801953767694e-01 -1.962456522495469036e-01 3.721766471862792969e-01 1.000000000000000000e+00
1.855985983553329333e-01 -1.614821110513045277e-01 3.730124831199645996e-01 1.000000000000000000e+00
2.240809904395362762e-01 -1.234568647594745938e-01 3.722613155841827393e-01 1.000000000000000000e+00
2.638691854039272311e-01 -8.947568365633880305e-02 3.731963634490966797e-01 1.000000000000000000e+00
3.041707079097566990e-01 -5.588535135286880340e-02 3.726206719875335693e-01 1.000000000000000000e+00
3.365015343290392313e-01 -2.680000085631911722e-02 3.720450401306152344e-01 1.000000000000000000e+00
3.547003222450885729e-01 1.137477060022631936e-02 3.651534914970397949e-01 1.000000000000000000e+00
3.737298877655604312e-01 5.032350570940161139e-02 3.490646481513977051e-01 1.000000000000000000e+00
4.119538445943180527e-01 9.306402419170795026e-02 3.250912427902221680e-01 1.000000000000000000e+00
4.454497784938357685e-01 1.384226100731019427e-01 2.914358377456665039e-01 1.000000000000000000e+00
4.585384506887575373e-01 1.770660334116642975e-01 2.484368681907653809e-01 1.000000000000000000e+00
-2.411396428830930305e-01 -5.242340605517041840e-01 1.839347332715988159e-01 1.000000000000000000e+00
-2.196055535734219299e-01 -4.961532169691388328e-01 2.414043694734573364e-01 1.000000000000000000e+00
-1.979092515805445651e-01 -4.561754876269943360e-01 2.712269723415374756e-01 1.000000000000000000e+00
-1.582867253409377672e-01 -4.088985879356270559e-01 2.895117998123168945e-01 1.000000000000000000e+00
-1.112917248458356323e-01 -3.638030194623653735e-01 3.042939007282257080e-01 1.000000000000000000e+00
-6.383923084685982907e-02 -3.209950449490173163e-01 3.194112777709960938e-01 1.000000000000000000e+00
-2.428692125687220704e-02 -2.894441881082773227e-01 3.400748074054718018e-01 1.000000000000000000e+00
8.089739860165950924e-03 -2.628079488318472157e-01 3.631857633590698242e-01 1.000000000000000000e+00
3.790479981840899626e-02 -2.330348039144481964e-01 3.791808485984802246e-01 1.000000000000000000e+00
6.419041946207697247e-02 -2.022359100714153923e-01 3.896133303642272949e-01 1.000000000000000000e+00
9.292432846231854504e-02 -1.657028953416269101e-01 3.941990733146667480e-01 1.000000000000000000e+00
1.300689980140323498e-01 -1.258759371304070118e-01 3.957559168338775635e-01 1.000000000000000000e+00
1.737899588769123982e-01 -8.715492012664709243e-02 3.944726884365081787e-01 1.000000000000000000e+00
2.080396891620474586e-01 -4.729013380179966641e-02 3.953988552093505859e-01 1.000000000000000000e+00
2.431622069228582261e-01 -1.377332667555690449e-02 3.943138122558593750e-01 1.000000000000000000e+00
2.716645611373809110e-01 1.477863437966314697e-02 3.914623856544494629e-01 1.000000000000000000e+00
2.900823967618535448e-01 4.726049403058447951e-02 3.806258440017700195e-01 1.000000000000000000e+00
3.132021558796257432e-01 8.259957283575636300e-02 3.617713451385498047e-01 1.000000000000000000e+00
3.472954054529518997e-01 1.186938494092585616e-01 3.350295722484588623e-01 1.000000000000000000e+00
3.884700315358209366e-01 1.650525378589675074e-01 3.071769475936889648e-01 1.000000000000000000e+00
4.032948167146033769e-01 2.166449903466229343e-01 2.664564847946166992e-01 1.000000000000000000e+00
-2.854287208733866654e-01 -4.373656230910977216e-01 1.665750294923782349e-01 1.000000000000000000e+00
-2.685207592183244119e-01 -4.219267635978675157e-01 2.272942811250686646e-01 1.000000000000000000e+00
-2.428434397708580939e-01 -3.868307720098382863e-01 2.719142735004425049e-01 1.000000000000000000e+00
-2.012196547234084976e-01 -3.521185222091446909e-01 2.993832230567932129e-01 1.000000000000000000e+00
-1.544465099705116251e-01 -3.187886310876916762e-01 3.163373768329620361e-01 1.000000000000000000e+00
-1.058699331799699689e-01 -2.827195003776822868e-01 3.317013382911682129e-01 1.000000000000000000e+00
-6.339092535596160816e-02 -2.486843186248919313e-01 3.555064499378204346e-01 1.000000000000000000e+00
-3.254149744156420443e-02 -2.209045721280884500e-01 3.806977272033691406e-01 1.000000000000000000e+00
-8.350734219569555528e-03 -1.958908284686458612e-01 3.982802033424377441e-01 1.000000000000000000e+00
1.735332740327692747e-02 -1.685761882502282982e-01 4.056472182273864746e-01 1.000000000000000000e+00
4.484840354852567129e-02 -1.283037049230228432e-01 4.072434008121490479e-01 1.000000000000000000e+00
8.568191806423876289e-02 -8.492043251294617567e-02 4.071426391601562500e-01 1.000000000000000000e+00
1.271964545290810711e-01 -4.607053571479600290e-02 4.082770645618438721e-01 1.000000000000000000e+00
1.603100796341125067e-01 -5.394722852409508662e-03 4.100810885429382324e-01 1.000000000000000000e+00
1.895615255922875053e-01 2.782416400677791002e-02 4.094391465187072754e-01 1.000000000000000000e+00
2.142843348248155144e-01 5.305432646496792415e-02 4.034523665904998779e-01 1.000000000000000000e+00
2.338231659842005539e-01 8.187377776261842155e-02 3.897391855716705322e-01 1.000000000000000000e+00
2.594058446833356624e-01 1.152406105967912348e-01 3.714943528175354004e-01 1.000000000000000000e+00
2.936679081900162025e-01 1.455705311880872987e-01 3.464314341545104980e-01 0.000000000000000000e+00
3.383447582600342951e-01 1.936088663813645416e-01 3.128367662429809570e-01 1.000000000000000000e+00
3.602203371414088307e-01 2.555864656611421815e-01 2.715953290462493896e-01 1.000000000000000000e+00
-3.362509660462857930e-01 -3.636514435900520259e-01 1.574715822935104370e-01 1.000000000000000000e+00
-3.168782672270185619e-01 -3.640632024949352896e-01 2.234166860580444336e-01 1.000000000000000000e+00
-2.819445041272638508e-01 -3.373000485209266541e-01 2.741678059101104736e-01 1.000000000000000000e+00
-2.370710073988060440e-01 -3.066146139940851834e-01 3.043129444122314453e-01 1.000000000000000000e+00
-1.928126649977890128e-01 -2.775670270738012646e-01 3.253428936004638672e-01 1.000000000000000000e+00
-1.468112975297554135e-01 -2.440332453043207450e-01 3.428854942321777344e-01 1.000000000000000000e+00
-1.067897828803641980e-01 -2.085802699094042589e-01 3.651291728019714355e-01 1.000000000000000000e+00
-7.742221708618560183e-02 -1.793391868076067985e-01 3.895060718059539795e-01 1.000000000000000000e+00
-5.430185210746604069e-02 -1.535505996800717032e-01 4.077740907669067383e-01 1.000000000000000000e+00
-2.779670533497299173e-02 -1.230359810618887884e-01 4.134480953216552734e-01 1.000000000000000000e+00
1.613233847027252532e-03 -8.474523728330952965e-02 4.162612259387969971e-01 1.000000000000000000e+00
4.007447084745616867e-02 -4.206222422452923076e-02 4.162078499794006348e-01 1.000000000000000000e+00
8.114995832300442302e-02 -1.820169604859644963e-03 4.154800474643707275e-01 1.000000000000000000e+00
1.177327089682137784e-01 3.281033374896906440e-02 4.173869192600250244e-01 1.000000000000000000e+00
1.489654703723518325e-01 6.385670598392377550e-02 4.169620275497436523e-01 1.000000000000000000e+00
1.715075437110094581e-01 8.845872761697561037e-02 4.099057912826538086e-01 1.000000000000000000e+00
1.897824435671134347e-01 1.204070450442414897e-01 3.975140452384948730e-01 1.000000000000000000e+00
2.157987053361263285e-01 1.512033652953371221e-01 3.766933679580688477e-01 1.000000000000000000e+00
2.528261737217544214e-01 1.829399553949305202e-01 3.501735329627990723e-01 1.000000000000000000e+00
2.922783634731044855e-01 2.237194758464341182e-01 3.157986402511596680e-01 1.000000000000000000e+00
3.144370374675705682e-01 2.892308829079637822e-01 2.724025249481201172e-01 1.000000000000000000e+00
-3.889383040962011706e-01 -3.099607576644863305e-01 1.625839322805404663e-01 1.000000000000000000e+00
-3.632449214310961016e-01 -3.189094502973042755e-01 2.285266220569610596e-01 1.000000000000000000e+00
-3.219706760034155568e-01 -2.932321624599742993e-01 2.757630944252014160e-01 1.000000000000000000e+00
-2.770146715506416335e-01 -2.663857421183764007e-01 3.080107569694519043e-01 1.000000000000000000e+00
-2.294236935441711644e-01 -2.380235051017281223e-01 3.301579654216766357e-01 1.000000000000000000e+00
-1.844249679920753615e-01 -2.043839242057731709e-01 3.516322374343872070e-01 1.000000000000000000e+00
-1.454878496080209416e-01 -1.670348042432000246e-01 3.666433393955230713e-01 1.000000000000000000e+00
-1.196808179659062665e-01 -1.368211720753016170e-01 3.856235742568969727e-01 1.000000000000000000e+00
-9.697373708115045177e-02 -1.084635527727433046e-01 4.032585620880126953e-01 1.000000000000000000e+00
-7.315060764782617408e-02 -7.835499533236056635e-02 4.128856062889099121e-01 1.000000000000000000e+00
-4.175547287562185461e-02 -4.306004427757958303e-02 4.175581037998199463e-01 1.000000000000000000e+00
-7.701658264522660835e-03 -4.321786578600666714e-03 4.160663187503814697e-01 1.000000000000000000e+00
3.339432311611400389e-02 3.720908705839567204e-02 4.180658757686614990e-01 1.000000000000000000e+00
7.585238922476852941e-02 7.143417724222005105e-02 4.204093217849731445e-01 1.000000000000000000e+00
1.103930223266818278e-01 9.740111929594112705e-02 4.222409427165985107e-01 1.000000000000000000e+00
1.350903959361334783e-01 1.242460328877047770e-01 4.158083200454711914e-01 1.000000000000000000e+00
1.570024423781820611e-01 1.618014827471629669e-01 4.066373407840728760e-01 1.000000000000000000e+00
1.828617729909426948e-01 1.941638718876241287e-01 3.851410448551177979e-01 1.000000000000000000e+00
2.189452283610897054e-01 2.212179550201912592e-01 3.543917536735534668e-01 1.000000000000000000e+00
2.578875729543594897e-01 2.541266305376264079e-01 3.222002685070037842e-01 1.000000000000000000e+00
2.687418352438322167e-01 3.116393612735539609e-01 2.806148529052734375e-01 1.000000000000000000e+00
-4.465292541146088645e-01 -2.710450340744072761e-01 1.810134798288345337e-01 1.000000000000000000e+00
-4.136510138901547395e-01 -2.804543496146007509e-01 2.409562468528747559e-01 1.000000000000000000e+00
-3.627591263184474224e-01 -2.535702974056386338e-01 2.786859869956970215e-01 1.000000000000000000e+00
-3.140283394775604808e-01 -2.257830593065124347e-01 3.108224868774414062e-01 1.000000000000000000e+00
-2.663451863133966535e-01 -2.001571221357368868e-01 3.388779461383819580e-01 1.000000000000000000e+00
-2.212925865521918334e-01 -1.668350439863265922e-01 3.588843047618865967e-01 1.000000000000000000e+00
-1.816573266959786992e-01 -1.293310975757487047e-01 3.725285828113555908e-01 1.000000000000000000e+00
-1.565093400556728243e-01 -9.586575701989384635e-02 3.844515085220336914e-01 1.000000000000000000e+00
-1.369324239503021401e-01 -6.524088751436249445e-02 3.952684700489044189e-01 1.000000000000000000e+00
-1.164168922602377559e-01 -3.616297066821891337e-02 4.051530361175537109e-01 1.000000000000000000e+00
-9.210987222498187577e-02 -2.351604486089606261e-03 4.102345705032348633e-01 1.000000000000000000e+00
-5.325331885894502015e-02 3.716345124108146741e-02 4.075220823287963867e-01 1.000000000000000000e+00
-8.187404644877778470e-03 7.395492756809596280e-02 4.118890762329101562e-01 1.000000000000000000e+00
3.856494590663504113e-02 1.087549797909498905e-01 4.173515141010284424e-01 1.000000000000000000e+00
8.023236347900551679e-02 1.323649383670401913e-01 4.243915677070617676e-01 1.000000000000000000e+00
1.070360837947058052e-01 1.602203279202085717e-01 4.198998510837554932e-01 0.000000000000000000e+00
1.312270577509430103e-01 1.941831329973935927e-01 4.089568555355072021e-01 0.000000000000000000e+00
1.578374083256753047e-01 2.254601090797976326e-01 3.886379599571228027e-01 1.000000000000000000e+00
1.901346963902553200e-01 2.555320646164266907e-01 3.582097887992858887e-01 0.000000000000000000e+00
2.332660425988031805e-01 2.863922926607550545e-01 3.317405581474304199e-01 1.000000000000000000e+00
2.389322859860320281e-01 3.319379684026887989e-01 3.009051382541656494e-01 1.000000000000000000e+00
-4.929371384732421646e-01 -2.295085667603601332e-01 2.019079178571701050e-01 1.000000000000000000e+00
-4.613047696274821807e-01 -2.303979706310612940e-01 2.500732541084289551e-01 1.000000000000000000e+00
-4.099622479514964390e-01 -2.019483315873135121e-01 2.820765078067779541e-01 1.000000000000000000e+00
-3.565636554911794653e-01 -1.774215736889900308e-01 3.117970824241638184e-01 1.000000000000000000e+00
-3.055133905994803500e-01 -1.529343179244333495e-01 3.410022854804992676e-01 1.000000000000000000e+00
-2.614155960811533896e-01 -1.211296422252486488e-01 3.620359003543853760e-01 1.000000000000000000e+00
-2.246119142902279486e-01 -8.389511427542059585e-02 3.750633001327514648e-01 1.000000000000000000e+00
-1.974876145080416978e-01 -4.827851954622873476e-02 3.802234232425689697e-01 1.000000000000000000e+00
-1.770419148776037899e-01 -1.703934918693895961e-02 3.864603042602539062e-01 1.000000000000000000e+00
-1.579429914495512066e-01 8.690790798423650432e-03 3.909874558448791504e-01 1.000000000000000000e+00
-1.356954350199316428e-01 4.344188418837610643e-02 3.913896083831787109e-01 1.000000000000000000e+00
-9.727904753467439547e-02 8.100458725704523522e-02 3.904317915439605713e-01 1.000000000000000000e+00
-4.610319425403593824e-02 1.183799396815493343e-01 3.929110765457153320e-01 1.000000000000000000e+00
2.774832602123827874e-03 1.491456744915162225e-01 4.075702428817749023e-01 1.000000000000000000e+00
4.510290202490256639e-02 1.739080332730156553e-01 4.181115031242370605e-01 1.000000000000000000e+00
7.502076868337578808e-02 1.999936134369388330e-01 4.168197810649871826e-01 1.000000000000000000e+00
1.031567087336569266e-01 2.278349470161288304e-01 4.060491621494293213e-01 0.000000000000000000e+00
1.311664611194964525e-01 2.579946522913575957e-01 3.839874863624572754e-01 1.000000000000000000e+00
1.622429973270947956e-01 2.894460004227633609e-01 3.552262485027313232e-01 1.000000000000000000e+00
2.096010507752697760e-01 3.168623567917058792e-01 3.413096368312835693e-01 1.000000000000000000e+00
2.185704480474186528e-01 3.549077268866107637e-01 3.173719942569732666e-01 1.000000000000000000e+00
-5.387972191683551015e-01 -1.834801515522946902e-01 2.146047949790954590e-01 1.000000000000000000e+00
-5.060539331528328688e-01 -1.725267229966318538e-01 2.597425580024719238e-01 1.000000000000000000e+00
-4.534861077602262425e-01 -1.432046547254207103e-01 2.878334820270538330e-01 1.000000000000000000e+00
-3.986764072016281690e-01 -1.157985821875148480e-01 3.133532106876373291e-01 1.000000000000000000e+00
-3.478563694699198239e-01 -9.010590548212235595e-02 3.371529877185821533e-01 1.000000000000000000e+00
-3.028260653915771927e-01 -5.941707813397571758e-02 3.556539416313171387e-01 1.000000000000000000e+00
-2.703393061695165134e-01 -2.778756473720228604e-02 3.680352568626403809e-01 1.000000000000000000e+00
-2.408380294984370784e-01 2.855786161401099865e-03 3.740127384662628174e-01 1.000000000000000000e+00
-2.192077505437520224e-01 3.207599603647351416e-02 3.768131136894226074e-01 1.000000000000000000e+00
-1.989183261592364360e-01 5.747450354432816211e-02 3.806927800178527832e-01 1.000000000000000000e+00
-1.731511496307449050e-01 9.054589750715169583e-02 3.737380802631378174e-01 1.000000000000000000e+00
-1.326296482345579730e-01 1.279978439262902390e-01 3.643049001693725586e-01 1.000000000000000000e+00
-8.430761075015275052e-02 1.637720902594261285e-01 3.693438768386840820e-01 1.000000000000000000e+00
-2.758191972660549440e-02 1.968093558116680020e-01 3.869544565677642822e-01 1.000000000000000000e+00
1.953160824322143496e-02 2.190103030951905949e-01 4.030536413192749023e-01 1.000000000000000000e+00
5.237775364253456634e-02 2.389361845695193720e-01 4.039061665534973145e-01 1.000000000000000000e+00
8.036369305896542969e-02 2.629175622481119134e-01 3.943037986755371094e-01 0.000000000000000000e+00
1.092302803383193160e-01 2.949563531540624894e-01 3.753593266010284424e-01 1.000000000000000000e+00
1.416473286729429959e-01 3.263690210152473403e-01 3.542140722274780273e-01 1.000000000000000000e+00
1.863446094277767806e-01 3.558901909988239631e-01 3.388761878013610840e-01 1.000000000000000000e+00
2.015825812359358093e-01 3.855372220087661672e-01 3.213726878166198730e-01 1.000000000000000000e+00
-5.862384704954906045e-01 -1.291548025767837726e-01 2.201008945703506470e-01 1.000000000000000000e+00
-5.503883822255484226e-01 -1.108723637031524545e-01 2.663297653198242188e-01 1.000000000000000000e+00
-4.972535342065005914e-01 -8.223191533948376319e-02 2.960257530212402344e-01 1.000000000000000000e+00
-4.411452681718575630e-01 -5.198065657257719407e-02 3.183046281337738037e-01 1.000000000000000000e+00
-3.914207534734928662e-01 -2.430391697353437297e-02 3.363734781742095947e-01 1.000000000000000000e+00
-3.499857125503872401e-01 3.283502916801767091e-03 3.538827300071716309e-01 1.000000000000000000e+00
-3.149115793716669720e-01 3.276976477309920255e-02 3.612131178379058838e-01 1.000000000000000000e+00
-2.839034369624896526e-01 5.726819998922338950e-02 3.690984845161437988e-01 1.000000000000000000e+00
-2.610416587044526726e-01 8.324631622615590032e-02 3.683369159698486328e-01 1.000000000000000000e+00
-2.353717044187636220e-01 1.106396972943039236e-01 3.743222951889038086e-01 1.000000000000000000e+00
-2.040403957802729706e-01 1.428134792876788184e-01 3.695645034313201904e-01 1.000000000000000000e+00
-1.591815095202692987e-01 1.803759031334765950e-01 3.501048088073730469e-01 1.000000000000000000e+00
-1.119948291094066128e-01 2.169221901692789667e-01 3.444029092788696289e-01 1.000000000000000000e+00
-5.619390843081718823e-02 2.473319105498743564e-01 3.555313646793365479e-01 1.000000000000000000e+00
-9.044450272634729782e-03 2.692654150061710716e-01 3.776859045028686523e-01 1.000000000000000000e+00
3.209007308387615276e-02 2.855150270824249326e-01 3.841678500175476074e-01 1.000000000000000000e+00
6.835148298514828746e-02 3.041110490456895299e-01 3.769469261169433594e-01 1.000000000000000000e+00
9.985246956738771940e-02 3.350943669610939035e-01 3.666026294231414795e-01 1.000000000000000000e+00
1.310210018085731787e-01 3.696557837276791547e-01 3.508580327033996582e-01 1.000000000000000000e+00
1.636385743116996194e-01 4.030662227449924861e-01 3.313373923301696777e-01 1.000000000000000000e+00
1.802288909746034562e-01 4.340905073971494943e-01 3.155842423439025879e-01 1.000000000000000000e+00
-6.362769370684130399e-01 -7.393126211265726999e-02 2.244181483983993530e-01 1.000000000000000000e+00
-5.980220549895605142e-01 -5.420683203749843138e-02 2.674001455307006836e-01 1.000000000000000000e+00
-5.461200655097290246e-01 -2.129907848237444501e-02 3.035249412059783936e-01 1.000000000000000000e+00
-4.918534481676180015e-01 9.631166014042569223e-03 3.255927562713623047e-01 1.000000000000000000e+00
-4.436217748435091757e-01 3.542807187580251926e-02 3.430632054805755615e-01 1.000000000000000000e+00
-4.008304588720351114e-01 6.105845553909591827e-02 3.547315597534179688e-01 1.000000000000000000e+00
-3.593132632044695463e-01 8.713110715723837441e-02 3.582653403282165527e-01 1.000000000000000000e+00
-3.235967277607462722e-01 1.111168259612275583e-01 3.645608723163604736e-01 1.000000000000000000e+00
-3.002747796739552166e-01 1.323849581200827741e-01 3.644502162933349609e-01 1.000000000000000000e+00
-2.732234360865412603e-01 1.600215528459189573e-01 3.675025105476379395e-01 1.000000000000000000e+00
-2.351839257206684020e-01 1.988538454322817672e-01 3.649804890155792236e-01 1.000000000000000000e+00
-1.885761744209513979e-01 2.390524097726441644e-01 3.425379991531372070e-01 1.000000000000000000e+00
-1.342764981445397354e-01 2.744821833274554423e-01 3.292091786861419678e-01 1.000000000000000000e+00
-8.153450090046182597e-02 3.026118540340205776e-01 3.254614770412445068e-01 1.000000000000000000e+00
-3.889816942767440611e-02 3.224285330238576552e-01 3.413134217262268066e-01 1.000000000000000000e+00
3.410881229713808027e-03 3.378243974632506585e-01 3.560373485088348389e-01 1.000000000000000000e+00
4.720629318339933378e-02 3.575702697475894309e-01 3.583072423934936523e-01 1.000000000000000000e+00
8.277540948774364526e-02 3.895484745588055908e-01 3.535344600677490234e-01 1.000000000000000000e+00
1.130607861285197746e-01 4.285065346582138668e-01 3.449008166790008545e-01 1.000000000000000000e+00
1.354733422017034006e-01 4.652531917631040903e-01 3.275709450244903564e-01 1.000000000000000000e+00
1.482081810666640853e-01 4.900485199168511663e-01 3.059527575969696045e-01 1.000000000000000000e+00
-6.907334891833383228e-01 -2.157421310945362158e-02 2.191376984119415283e-01 1.000000000000000000e+00
-6.487300031776541687e-01 1.711941766239566398e-03 2.645752429962158203e-01 1.000000000000000000e+00
-5.964711984783294119e-01 3.456616882375473931e-02 3.003124594688415527e-01 1.000000000000000000e+00
-5.427877670790637321e-01 6.740326318735009870e-02 3.236963748931884766e-01 1.000000000000000000e+00
-4.976609467176311696e-01 9.299131034131433160e-02 3.449999690055847168e-01 1.000000000000000000e+00
-4.525125577064731952e-01 1.180912864528102513e-01 3.549203872680664062e-01 1.000000000000000000e+00
-4.075231676813225734e-01 1.413270863812451095e-01 3.546606004238128662e-01 1.000000000000000000e+00
-3.652667584377244370e-01 1.668444532702565430e-01 3.607675135135650635e-01 1.000000000000000000e+00
-3.393352250051085983e-01 1.890673169150047794e-01 3.619914650917053223e-01 1.000000000000000000e+00
-3.105329432798702438e-01 2.162326150440800065e-01 3.621174395084381104e-01 1.000000000000000000e+00
-2.680181488302090242e-01 2.563488323449862882e-01 3.603976368904113770e-01 1.000000000000000000e+00
-2.156557037133070009e-01 3.009697443274073070e-01 3.386407792568206787e-01 1.000000000000000000e+00
-1.581633193684980898e-01 3.350584894562989025e-01 3.093179762363433838e-01 1.000000000000000000e+00
-1.128713571178877051e-01 3.635009846092240871e-01 2.948083877563476562e-01 1.000000000000000000e+00
-6.406492722063583667e-02 3.796779144452209764e-01 2.957839369773864746e-01 1.000000000000000000e+00
-2.063922742208790240e-02 3.983114892505087434e-01 3.178302049636840820e-01 1.000000000000000000e+00
2.058776612005588924e-02 4.250355836326598080e-01 3.285972476005554199e-01 1.000000000000000000e+00
4.694082072134131423e-02 4.608741236661100249e-01 3.356953263282775879e-01 1.000000000000000000e+00
7.362120882158657009e-02 4.959898663210227099e-01 3.324069380760192871e-01 1.000000000000000000e+00
9.720888225152674034e-02 5.216863994630539514e-01 3.131516575813293457e-01 1.000000000000000000e+00
1.105829412944278611e-01 5.396545492873395800e-01 2.851640880107879639e-01 1.000000000000000000e+00
-7.529695065964044920e-01 2.411486728453848816e-02 2.144386321306228638e-01 1.000000000000000000e+00
-7.073396003777217000e-01 4.906651809941242615e-02 2.615895569324493408e-01 1.000000000000000000e+00
-6.505168820405462515e-01 8.384533884732903175e-02 2.943125665187835693e-01 1.000000000000000000e+00
-5.932887110206960246e-01 1.170374993362044702e-01 3.202834129333496094e-01 1.000000000000000000e+00
-5.466132890044277381e-01 1.441481013926247112e-01 3.395190536975860596e-01 1.000000000000000000e+00
-4.977171811502568710e-01 1.706872448667978992e-01 3.488416075706481934e-01 1.000000000000000000e+00
-4.536677501405961821e-01 1.928901098319277252e-01 3.522161841392517090e-01 1.000000000000000000e+00
-4.155389398223518493e-01 2.181786298702371174e-01 3.556514978408813477e-01 1.000000000000000000e+00
-3.853247334036424276e-01 2.452331713497818422e-01 3.546343445777893066e-01 1.000000000000000000e+00
-3.524660809270337425e-01 2.723819373775286934e-01 3.551938533782958984e-01 1.000000000000000000e+00
-3.071758585510134809e-01 3.105037394651190552e-01 3.478020429611206055e-01 1.000000000000000000e+00
-2.520431326916267589e-01 3.530429869894506911e-01 3.217996358871459961e-01 1.000000000000000000e+00
-1.912060165958417990e-01 3.887647117638969307e-01 2.890794277191162109e-01 1.000000000000000000e+00
-1.464016617723661040e-01 4.161953769879088716e-01 2.671349644660949707e-01 1.000000000000000000e+00
-9.693622375179786199e-02 4.434272566009193062e-01 2.693915069103240967e-01 1.000000000000000000e+00
-5.745599580947596818e-02 4.656554307485799016e-01 2.792135775089263916e-01 1.000000000000000000e+00
-2.207649817658213776e-02 4.969351358394250018e-01 2.901249825954437256e-01 1.000000000000000000e+00
-6.777423974795304673e-04 5.331759043216389715e-01 3.033635318279266357e-01 1.000000000000000000e+00
2.409067499349326624e-02 5.653013070012793406e-01 3.047114014625549316e-01 1.000000000000000000e+00
3.165249396592378917e-02 5.910537900847088189e-01 2.822010517120361328e-01 1.000000000000000000e+00
4.515834620411857125e-02 5.875167211905534259e-01 2.437520921230316162e-01 0.000000000000000000e+00
-8.123540368266176648e-01 7.705919047489290241e-02 2.068178653717041016e-01 1.000000000000000000e+00
-7.544604302890531855e-01 9.605066578102305908e-02 2.551434934139251709e-01 1.000000000000000000e+00
-6.937580102527529657e-01 1.358882884620051801e-01 2.836112380027770996e-01 1.000000000000000000e+00
-6.359889265791138779e-01 1.688441737181285984e-01 3.113581240177154541e-01 1.000000000000000000e+00
-5.824465396083898794e-01 1.974838423650998320e-01 3.274539411067962646e-01 1.000000000000000000e+00
-5.376438601221424918e-01 2.227270123944115054e-01 3.371702432632446289e-01 1.000000000000000000e+00
-5.013608078141600366e-01 2.439187955371892313e-01 3.439176976680755615e-01 1.000000000000000000e+00
-4.650391384562294617e-01 2.693385924718980085e-01 3.447663187980651855e-01 1.000000000000000000e+00
-4.323185274452060467e-01 2.974442078646755694e-01 3.487909734249114990e-01 1.000000000000000000e+00
-3.941042064396891309e-01 3.280008679642480995e-01 3.493654429912567139e-01 1.000000000000000000e+00
-3.448337726675577142e-01 3.601842950004868760e-01 3.319875001907348633e-01 1.000000000000000000e+00
-2.918706401289662411e-01 4.050926590264644078e-01 2.959416210651397705e-01 1.000000000000000000e+00
-2.359384478223336135e-01 4.471904011904871412e-01 2.665556371212005615e-01 1.000000000000000000e+00
-1.924269159667932050e-01 4.738329098106333070e-01 2.405549734830856323e-01 1.000000000000000000e+00
-1.495371976407583181e-01 4.986785507647902294e-01 2.376476228237152100e-01 1.000000000000000000e+00
-1.120114455044321222e-01 5.310929859948062548e-01 2.442106902599334717e-01 1.000000000000000000e+00
-7.807410766045982942e-02 5.692329546911939486e-01 2.632263898849487305e-01 1.000000000000000000e+00
-6.098811244893148631e-02 6.077996813021785405e-01 2.724186778068542480e-01 1.000000000000000000e+00
-5.224441155055842279e-02 6.400202726391808206e-01 2.580005526542663574e-01 1.000000000000000000e+00
-6.257443553318453588e-02 6.702158764926288148e-01 2.122049927711486816e-01 1.000000000000000000e+00
-4.731881473221155598e-02 6.611724904279190351e-01 1.753692924976348877e-01 0.000000000000000000e+00
-8.619718357045527135e-01 1.262736440125787341e-01 1.836133003234863281e-01 1.000000000000000000e+00
-7.983923032015047827e-01 1.478889924461788130e-01 2.338514626026153564e-01 1.000000000000000000e+00
-7.315584860843853399e-01 1.882659683475549350e-01 2.640471756458282471e-01 1.000000000000000000e+00
-6.698376928209406334e-01 2.219423329055477956e-01 2.908501625061035156e-01 1.000000000000000000e+00
-6.165865827202754446e-01 2.499800181152379286e-01 3.127953410148620605e-01 1.000000000000000000e+00
-5.711650294472061518e-01 2.694762019322859969e-01 3.214650154113769531e-01 1.000000000000000000e+00
-5.349374950754246516e-01 2.889536514751709917e-01 3.295535445213317871e-01 1.000000000000000000e+00
-4.985211322856021865e-01 3.154701410182696453e-01 3.314978778362274170e-01 1.000000000000000000e+00
-4.632699928798482691e-01 3.459162025189934653e-01 3.362128734588623047e-01 1.000000000000000000e+00
-4.181767227269194698e-01 3.776998350869700816e-01 3.295314311981201172e-01 1.000000000000000000e+00
-3.744271243975652586e-01 4.165159762107301100e-01 2.969591021537780762e-01 1.000000000000000000e+00
-3.247793577932499010e-01 4.629218915212845453e-01 2.533901333808898926e-01 1.000000000000000000e+00
-2.761516832172448699e-01 5.062882907039776281e-01 2.254195660352706909e-01 1.000000000000000000e+00
-2.333577962880115930e-01 5.359324451915090659e-01 2.154981046915054321e-01 1.000000000000000000e+00
-1.945213825301178867e-01 5.628327028637235552e-01 2.185824960470199585e-01 1.000000000000000000e+00
-1.703766963502577614e-01 6.006885175074507810e-01 2.286791205406188965e-01 1.000000000000000000e+00
-1.384230842251477078e-01 6.449024792769857406e-01 2.330409884452819824e-01 1.000000000000000000e+00
-1.184169867613906191e-01 6.863241491124014715e-01 2.264002412557601929e-01 1.000000000000000000e+00
-1.287171286284224392e-01 7.106865869850930162e-01 1.801479905843734741e-01 1.000000000000000000e+00
-1.565419301062840884e-01 7.433196695284715050e-01 1.295282542705535889e-01 1.000000000000000000e+00
-1.493940774799275562e-01 7.720923957761915979e-01 8.730433881282806396e-02 0.000000000000000000e+00
-9.040098189057430567e-01 1.652446010476313898e-01 1.622530817985534668e-01 1.000000000000000000e+00
-8.414668881418208013e-01 1.964844773666336586e-01 1.992432773113250732e-01 1.000000000000000000e+00
-7.712454337819409922e-01 2.390082872906092448e-01 2.349026203155517578e-01 1.000000000000000000e+00
-7.063241563565487713e-01 2.700550467497345730e-01 2.702503800392150879e-01 1.000000000000000000e+00
-6.519631511471977170e-01 2.928769751625046047e-01 2.950840294361114502e-01 1.000000000000000000e+00
-6.025790881543918731e-01 3.070824124024195134e-01 3.046675920486450195e-01 1.000000000000000000e+00
-5.570748533012563897e-01 3.254711350912832257e-01 3.120711445808410645e-01 1.000000000000000000e+00
-5.150284196569395734e-01 3.498979101282267412e-01 3.159436285495758057e-01 1.000000000000000000e+00
-4.781659956959020685e-01 3.804945307085436657e-01 3.163996040821075439e-01 1.000000000000000000e+00
-4.304910466792187251e-01 4.217201689660901032e-01 3.068539798259735107e-01 1.000000000000000000e+00
-3.866990789133100126e-01 4.626185869943318929e-01 2.648952007293701172e-01 1.000000000000000000e+00
-3.413553656010843707e-01 5.103406469680273894e-01 2.263671159744262695e-01 1.000000000000000000e+00
-2.964349805036581298e-01 5.593361265542748928e-01 2.054150700569152832e-01 1.000000000000000000e+00
-2.654347511652888070e-01 5.923314191137558637e-01 2.030522525310516357e-01 1.000000000000000000e+00
-2.310256952560704458e-01 6.214825713775431471e-01 1.938000172376632690e-01 1.000000000000000000e+00
-1.914746079246896215e-01 6.519434264220944630e-01 1.945837885141372681e-01 1.000000000000000000e+00
-1.630903702531186772e-01 6.945409301106912903e-01 1.928927600383758545e-01 1.000000000000000000e+00
-1.344663380869449698e-01 7.393095654800538874e-01 1.767748296260833740e-01 1.000000000000000000e+00
-1.431272836482669342e-01 7.840495199190049558e-01 1.389241516590118408e-01 1.000000000000000000e+00
-1.803396634292024903e-01 8.195240165484423134e-01 9.275148808956146240e-02 1.000000000000000000e+00
-2.131148019254869297e-01 8.447142817461608111e-01 4.355390369892120361e-02 1.000000000000000000e+00
