-7.944797058871172490e-01 -1.781883829140851749e-01 3.117803484201431274e-02 1.000000000000000000e+00
-8.033649991230626952e-01 -2.250675006492066088e-01 3.169897571206092834e-02 1.000000000000000000e+00
-7.649569343232972551e-01 -2.800616147434641934e-01 3.206782042980194092e-02 1.000000000000000000e+00
-7.013353392654354534e-01 -3.145722129474572970e-01 3.714811801910400391e-02 1.000000000000000000e+00
-6.334192016152682125e-01 -3.692803712112805448e-01 4.419873654842376709e-02 1.000000000000000000e+00
-5.646396120163704735e-01 -4.224434576188308421e-01 6.392085552215576172e-02 1.000000000000000000e+00
-4.972683158965267025e-01 -4.649985207480661353e-01 9.298734366893768311e-02 1.000000000000000000e+00
-4.507902162053633033e-01 -4.971402013308549028e-01 1.120073944330215454e-01 1.000000000000000000e+00
-4.009006333748056372e-01 -5.263943499556906769e-01 1.272419840097427368e-01 1.000000000000000000e+00
-3.487008026532597560e-01 -5.626764961064302240e-01 1.408836543560028076e-01 1.000000000000000000e+00
-2.974256421779065684e-01 -6.112277900562214095e-01 1.421681642532348633e-01 1.000000000000000000e+00
-2.460956381159284667e-01 -6.604702607114547597e-01 1.478493660688400269e-01 1.000000000000000000e+00
-2.077921396473186022e-01 -7.059095578077472233e-01 1.472563147544860840e-01 1.000000000000000000e+00
-1.760328666406922316e-01 -7.652742579457358918e-01 1.393259316682815552e-01 1.000000000000000000e+00
-1.532373221550901166e-01 -8.040112578247045061e-01 1.162511557340621948e-01 1.000000000000000000e+00
-1.332123639766243373e-01 -8.485612985642654316e-01 1.005066484212875366e-01 1.000000000000000000e+00
-1.170111575558851480e-01 -8.909853468978157220e-01 1.011658757925033569e-01 1.000000000000000000e+00
-8.687965905902234054e-02 -9.296080866704712342e-01 9.560723602771759033e-02 1.000000000000000000e+00
-9.381951698797758032e-02 -9.609466709086861291e-01 9.035614132881164551e-02 1.000000000000000000e+00
-8.933648315241937699e-02 -9.994429701358089613e-01 8.448997139930725098e-02 1.000000000000000000e+00
-4.859995248639686904e-02 -1.046636313700003651e+00 5.960445478558540344e-02 1.000000000000000000e+00
-7.390699606462696192e-01 -1.596717129298544924e-01 3.120602667331695557e-02 1.000000000000000000e+00
-7.405883430107230714e-01 -1.996821376897313094e-01 3.169931471347808838e-02 1.000000000000000000e+00
-6.987491664939584624e-01 -2.451486405767374088e-01 3.549661114811897278e-02 1.000000000000000000e+00
-6.412778186949125159e-01 -2.889038865837920689e-01 4.524177312850952148e-02 1.000000000000000000e+00
-5.824234325986937799e-01 -3.410228691131818590e-01 7.475298643112182617e-02 1.000000000000000000e+00
-5.103384026483441804e-01 -3.843322225364155242e-01 1.077609807252883911e-01 1.000000000000000000e+00
-4.423045264597728066e-01 -4.312494318029677087e-01 1.335778236389160156e-01 1.000000000000000000e+00
-4.038132176829313247e-01 -4.697824659598349162e-01 1.424506306648254395e-01 1.000000000000000000e+00
-3.583359831546231722e-01 -5.083167658392464539e-01 1.523183286190032959e-01 1.000000000000000000e+00
-3.056880260662852011e-01 -5.549878783402546478e-01 1.633226275444030762e-01 1.000000000000000000e+00
-2.562702982782312788e-01 -5.952942161235263985e-01 1.655496656894683838e-01 1.000000000000000000e+00
-2.112830577423547018e-01 -6.250772339401889921e-01 1.668474376201629639e-01 1.000000000000000000e+00
-1.753130195415504577e-01 -6.439685261874087407e-01 1.811351627111434937e-01 1.000000000000000000e+00
-1.310935365348604442e-01 -6.912019303311127683e-01 1.805024594068527222e-01 1.000000000000000000e+00
-9.911343511546127916e-02 -7.465447885233736924e-01 1.590247154235839844e-01 1.000000000000000000e+00
-8.627312376210211076e-02 -7.957302661027083612e-01 1.430447101593017578e-01 1.000000000000000000e+00
-7.798127922661429734e-02 -8.451219471383825121e-01 1.395061463117599487e-01 1.000000000000000000e+00
-6.999301844095051628e-02 -8.815367399580980035e-01 1.372106075286865234e-01 1.000000000000000000e+00
-5.990436945974630945e-02 -9.053730165739795055e-01 1.331990063190460205e-01 1.000000000000000000e+00
-4.391065197422627797e-02 -9.377009980809876133e-01 1.167322248220443726e-01 0.000000000000000000e+00
-3.238226664788995679e-02 -9.760284570329759157e-01 9.605944156646728516e-02 0.000000000000000000e+00
-6.517876727434225304e-01 -8.692325997380712099e-02 3.122832253575325012e-02 1.000000000000000000e+00
-6.467604387998915350e-01 -1.418972910947491894e-01 3.407780826091766357e-02 1.000000000000000000e+00
-6.128629718746105848e-01 -1.980960885599935550e-01 4.661913961172103882e-02 1.000000000000000000e+00
-5.734869309418075822e-01 -2.432302319363548737e-01 9.973934292793273926e-02 1.000000000000000000e+00
-5.210231661181743412e-01 -2.864633311739201993e-01 1.353920400142669678e-01 1.000000000000000000e+00
-4.543485165744561849e-01 -3.317177721926437006e-01 1.597103774547576904e-01 1.000000000000000000e+00
-3.967072524385495402e-01 -3.828908437812804655e-01 1.745787113904953003e-01 1.000000000000000000e+00
-3.567012228047189981e-01 -4.198212492918769745e-01 1.701887547969818115e-01 1.000000000000000000e+00
-3.159152486170371255e-01 -4.609132095997479639e-01 1.718081682920455933e-01 1.000000000000000000e+00
-2.637603411676477938e-01 -5.087240413731194399e-01 1.828809827566146851e-01 1.000000000000000000e+00
-2.157432058391715590e-01 -5.466117717178814450e-01 1.856949329376220703e-01 1.000000000000000000e+00
-1.703065850677596693e-01 -5.693169955071246680e-01 1.801883429288864136e-01 1.000000000000000000e+00
-1.301059937274017253e-01 -5.945600074857544382e-01 1.746965348720550537e-01 1.000000000000000000e+00
-9.261432785480866459e-02 -6.275593250692683700e-01 1.854889392852783203e-01 1.000000000000000000e+00
-4.681779407053798803e-02 -6.815720497959496527e-01 1.901619136333465576e-01 1.000000000000000000e+00
-2.163783377728051294e-02 -7.271504104189037143e-01 1.799641549587249756e-01 1.000000000000000000e+00
-1.580953575752730433e-02 -7.811958832468779423e-01 1.702242493629455566e-01 1.000000000000000000e+00
-1.068283525151064728e-02 -8.287870509141668229e-01 1.606978029012680054e-01 1.000000000000000000e+00
1.187377874988321258e-02 -8.515424294531379612e-01 1.599378138780593872e-01 0.000000000000000000e+00
4.033533481504747442e-02 -8.805437180603327141e-01 1.450117230415344238e-01 1.000000000000000000e+00
6.186858118774829496e-02 -9.097312535910970777e-01 1.155739426612854004e-01 1.000000000000000000e+00
-5.574759648585345673e-01 1.022282347343855813e-02 3.171889483928680420e-02 1.000000000000000000e+00
-5.644464846197814190e-01 -5.509162082828755747e-02 4.185181483626365662e-02 1.000000000000000000e+00
-5.429217097636312994e-01 -1.307756860768157225e-01 1.015861332416534424e-01 1.000000000000000000e+00
-5.083222976131134274e-01 -1.846448902476053311e-01 1.495386958122253418e-01 1.000000000000000000e+00
-4.541218086763160744e-01 -2.305519752155200386e-01 1.760971695184707642e-01 1.000000000000000000e+00
-3.934757284397627508e-01 -2.810242276900286607e-01 1.940842270851135254e-01 1.000000000000000000e+00
-3.430588134602599593e-01 -3.347461299423616921e-01 1.978754848241806030e-01 1.000000000000000000e+00
-3.066656432909196650e-01 -3.682774448041153392e-01 1.998187750577926636e-01 1.000000000000000000e+00
-2.661991158731700780e-01 -4.128798424662389333e-01 2.053816467523574829e-01 1.000000000000000000e+00
-2.127665003693926249e-01 -4.526642126041275360e-01 2.067533284425735474e-01 1.000000000000000000e+00
-1.632226165270334872e-01 -4.890459728313225618e-01 1.979395747184753418e-01 1.000000000000000000e+00
-1.194965361391483738e-01 -5.190052909153062277e-01 1.990208923816680908e-01 1.000000000000000000e+00
-7.724954671619249646e-02 -5.482530964394410899e-01 1.986637860536575317e-01 1.000000000000000000e+00
-3.074521983145417359e-02 -5.822151955569135895e-01 2.045507133007049561e-01 1.000000000000000000e+00
5.657687576981207389e-03 -6.210946517838490388e-01 2.026546597480773926e-01 1.000000000000000000e+00
2.438705163222215644e-02 -6.652080511728371004e-01 1.976777464151382446e-01 1.000000000000000000e+00
3.244236805386674360e-02 -7.119206256360678386e-01 1.933543682098388672e-01 1.000000000000000000e+00
4.229680699789589715e-02 -7.540236414245105045e-01 1.913522630929946899e-01 1.000000000000000000e+00
8.770792892595874468e-02 -7.694815038780630223e-01 1.769334822893142700e-01 1.000000000000000000e+00
1.244225544259806027e-01 -7.908786159300736918e-01 1.486614197492599487e-01 1.000000000000000000e+00
1.489721243060606048e-01 -8.233956260526531512e-01 1.117193102836608887e-01 1.000000000000000000e+00
-4.828463294660519378e-01 9.808471483700739735e-02 4.689763113856315613e-02 1.000000000000000000e+00
-5.057211943205516258e-01 1.688257344719043540e-02 8.366641402244567871e-02 1.000000000000000000e+00
-4.769310403509721685e-01 -7.020645008180992352e-02 1.445400714874267578e-01 1.000000000000000000e+00
-4.344675531039279281e-01 -1.466908734468478082e-01 1.811830103397369385e-01 1.000000000000000000e+00
-3.811357107149400125e-01 -2.059410605974324460e-01 2.050191760063171387e-01 1.000000000000000000e+00
-3.314338604843620750e-01 -2.558689865234228256e-01 2.214827835559844971e-01 1.000000000000000000e+00
-2.834588127353910303e-01 -2.983180766704335296e-01 2.280298322439193726e-01 1.000000000000000000e+00
-2.462499324599708161e-01 -3.213104034746440130e-01 2.306635230779647827e-01 1.000000000000000000e+00
-2.095429144661051235e-01 -3.517297017265635373e-01 2.308751195669174194e-01 1.000000000000000000e+00
-1.570870679816358806e-01 -3.862824941942721857e-01 2.274914234876632690e-01 1.000000000000000000e+00
-1.069666257883598315e-01 -4.271108206963514231e-01 2.264451235532760620e-01 1.000000000000000000e+00
-6.260140951623127670e-02 -4.625526219080564605e-01 2.319563776254653931e-01 1.000000000000000000e+00
-2.699992443223056537e-02 -4.954052052384795846e-01 2.342446744441986084e-01 1.000000000000000000e+00
1.659003217167648314e-02 -5.241825676395359679e-01 2.248332053422927856e-01 1.000000000000000000e+00
5.722009989836046584e-02 -5.604280144219345727e-01 2.129396051168441772e-01 1.000000000000000000e+00
7.334272352005111184e-02 -5.975747504863144766e-01 2.166305631399154663e-01 1.000000000000000000e+00
8.680033869012504510e-02 -6.365180591887438233e-01 2.151287198066711426e-01 0.000000000000000000e+00
9.285410127598736629e-02 -6.702729222520883434e-01 2.061646282672882080e-01 0.000000000000000000e+00
1.274162450757094223e-01 -6.837475647489608122e-01 1.822505593299865723e-01 0.000000000000000000e+00
1.833945934498175667e-01 -6.987184625148183947e-01 1.349358409643173218e-01 1.000000000000000000e+00
2.211408052139921532e-01 -7.287665523984780958e-01 5.700442194938659668e-02 1.000000000000000000e+00
-4.242940203698228330e-01 1.523242212188138101e-01 7.616086304187774658e-02 1.000000000000000000e+00
-4.408527479697676998e-01 7.144346008560448213e-02 1.100511401891708374e-01 1.000000000000000000e+00
-4.121677293137987474e-01 -4.903705745230357849e-02 1.497620642185211182e-01 1.000000000000000000e+00
-3.763084003473205486e-01 -1.469636899972588395e-01 1.910516619682312012e-01 1.000000000000000000e+00
-3.363722910180805270e-01 -2.024699409844843423e-01 2.186441570520401001e-01 1.000000000000000000e+00
-2.840677569881214781e-01 -2.329888533128592898e-01 2.373325526714324951e-01 1.000000000000000000e+00
-2.266055695431815620e-01 -2.633006310029604169e-01 2.459613084793090820e-01 1.000000000000000000e+00
-1.892861696942537142e-01 -2.835652243082579793e-01 2.428828328847885132e-01 1.000000000000000000e+00
-1.514055252883975689e-01 -3.001550510140478800e-01 2.374970614910125732e-01 1.000000000000000000e+00
-1.065511948393001035e-01 -3.225961088935370147e-01 2.560099363327026367e-01 1.000000000000000000e+00
-5.084642165887612308e-02 -3.630540067440539698e-01 2.587130069732666016e-01 1.000000000000000000e+00
-1.284539004860468792e-02 -3.949300897413282607e-01 2.620499134063720703e-01 1.000000000000000000e+00
1.780860292924768551e-02 -4.318147356282431293e-01 2.602787613868713379e-01 1.000000000000000000e+00
5.223090348561063023e-02 -4.614580050319557758e-01 2.447903901338577271e-01 1.000000000000000000e+00
8.351967014888556085e-02 -4.914868338058460129e-01 2.304898202419281006e-01 1.000000000000000000e+00
1.101092528640141566e-01 -5.267367509529931047e-01 2.159799337387084961e-01 0.000000000000000000e+00
1.371413564150828490e-01 -5.619970994451466417e-01 2.091460973024368286e-01 0.000000000000000000e+00
1.421437026445681318e-01 -5.935443738037631256e-01 1.939833909273147583e-01 0.000000000000000000e+00
1.675351136768047366e-01 -6.045549429492946825e-01 1.763482391834259033e-01 0.000000000000000000e+00
2.470614963698285482e-01 -6.055721149912565160e-01 1.034480184316635132e-01 1.000000000000000000e+00
2.963893354667208602e-01 -6.158953006477116965e-01 4.335100948810577393e-02 1.000000000000000000e+00
-3.606277707259637477e-01 1.782913792751334436e-01 7.194741070270538330e-02 1.000000000000000000e+00
-3.692267604199745978e-01 1.042728099657860563e-01 1.076087653636932373e-01 1.000000000000000000e+00
-3.490268085264915943e-01 -3.269635549970545396e-02 1.434888988733291626e-01 1.000000000000000000e+00
-3.172845523099515619e-01 -1.347048260292437738e-01 1.884911805391311646e-01 1.000000000000000000e+00
-2.705693700104692678e-01 -1.873373415659585761e-01 2.192486226558685303e-01 0.000000000000000000e+00
-2.200432051312701531e-01 -2.160551254453776937e-01 2.431522607803344727e-01 1.000000000000000000e+00
-1.701391988588986937e-01 -2.248724450342980963e-01 2.655680775642395020e-01 1.000000000000000000e+00
-1.290581545847920841e-01 -2.472586645955185125e-01 2.630273401737213135e-01 1.000000000000000000e+00
-9.985187424315253302e-02 -2.574437350294034865e-01 2.673483788967132568e-01 1.000000000000000000e+00
-6.188910670297292915e-02 -2.826873634056927265e-01 2.893749475479125977e-01 1.000000000000000000e+00
-2.028373982832260003e-02 -3.087577812408641154e-01 2.914662361145019531e-01 0.000000000000000000e+00
1.941789604593913143e-02 -3.290266853785108747e-01 2.907281517982482910e-01 1.000000000000000000e+00
4.491845687910686613e-02 -3.560547744422589700e-01 2.813632786273956299e-01 1.000000000000000000e+00
7.162270009560930961e-02 -3.849255764064639651e-01 2.624345719814300537e-01 0.000000000000000000e+00
9.782933654516789979e-02 -4.177272252704616884e-01 2.410995662212371826e-01 0.000000000000000000e+00
1.253529355701464287e-01 -4.554335450425206488e-01 2.217706590890884399e-01 0.000000000000000000e+00
1.584745633080389127e-01 -4.951960831128806584e-01 1.959903985261917114e-01 0.000000000000000000e+00
1.805335705424889470e-01 -5.307472659331836651e-01 1.735046505928039551e-01 0.000000000000000000e+00
2.166000196592618166e-01 -5.487365945488459351e-01 1.510479003190994263e-01 0.000000000000000000e+00
2.821779660578780380e-01 -5.514952954447023270e-01 1.043947786092758179e-01 1.000000000000000000e+00
3.363800565749188176e-01 -5.544048820582275772e-01 4.269527271389961243e-02 1.000000000000000000e+00
-2.849992550237729350e-01 1.916642371328520777e-01 6.940197944641113281e-02 1.000000000000000000e+00
-2.907496024472052687e-01 1.238724221490798694e-01 1.033074557781219482e-01 1.000000000000000000e+00
-2.664954082182017236e-01 1.728084009219366113e-03 1.366886496543884277e-01 1.000000000000000000e+00
-2.282308639743280132e-01 -9.295992147588601207e-02 1.762805879116058350e-01 1.000000000000000000e+00
-1.939890243694876171e-01 -1.565695586825718300e-01 2.217100113630294800e-01 1.000000000000000000e+00
-1.552297446127248737e-01 -1.848947960345835861e-01 2.517954707145690918e-01 1.000000000000000000e+00
-1.054818344621695769e-01 -2.005029159543444961e-01 2.766717672348022461e-01 1.000000000000000000e+00
-7.185665198333712755e-02 -2.247522369539889653e-01 2.837276458740234375e-01 1.000000000000000000e+00
-4.927305873054022012e-02 -2.396944379843667650e-01 2.915633022785186768e-01 1.000000000000000000e+00
-2.281360441018902285e-02 -2.608735243890305533e-01 3.036977052688598633e-01 1.000000000000000000e+00
3.318980026535939265e-03 -2.695849618748685783e-01 3.105938732624053955e-01 0.000000000000000000e+00
4.023803881525994663e-02 -2.707972106051631522e-01 3.153321444988250732e-01 0.000000000000000000e+00
6.361899248996628897e-02 -2.775407801238910510e-01 2.946405410766601562e-01 0.000000000000000000e+00
9.335180287334031435e-02 -3.018108110312225922e-01 2.742274105548858643e-01 0.000000000000000000e+00
1.174130593665731331e-01 -3.389792316491612723e-01 2.525871694087982178e-01 0.000000000000000000e+00
1.398277965391672151e-01 -3.819184935956208005e-01 2.272703647613525391e-01 0.000000000000000000e+00
1.721099433484196695e-01 -4.241569061349047542e-01 1.958184838294982910e-01 0.000000000000000000e+00
2.146937598479625731e-01 -4.734740399322752147e-01 1.670797020196914673e-01 0.000000000000000000e+00
2.686371740822677823e-01 -5.007430930656722179e-01 1.314392089843750000e-01 1.000000000000000000e+00
3.240907098987182988e-01 -5.168349284145254963e-01 9.081245958805084229e-02 1.000000000000000000e+00
3.653778891405356499e-01 -5.246698168184581457e-01 4.072530567646026611e-02 1.000000000000000000e+00
-1.966657404253671637e-01 2.021188893465248881e-01 8.018104732036590576e-02 1.000000000000000000e+00
-1.982297730951139980e-01 1.415085338324406361e-01 1.042159795761108398e-01 1.000000000000000000e+00
-1.748893067367584264e-01 4.695269559590932451e-02 1.395020484924316406e-01 1.000000000000000000e+00
-1.515163135480645795e-01 -4.431929201231989829e-02 1.793865114450454712e-01 1.000000000000000000e+00
-1.327711062290506394e-01 -1.056237969017554679e-01 2.139910757541656494e-01 1.000000000000000000e+00
-1.082143450429434439e-01 -1.463525778160080226e-01 2.573805749416351318e-01 1.000000000000000000e+00
-5.700206371430138058e-02 -1.758716654818503478e-01 2.843298316001892090e-01 1.000000000000000000e+00
-2.890478812917290918e-02 -1.966764193831085916e-01 3.011841773986816406e-01 1.000000000000000000e+00
-1.078222805701156695e-02 -2.138388742461917735e-01 3.134427964687347412e-01 1.000000000000000000e+00
4.123173506260152665e-03 -2.258875624173951047e-01 3.234508335590362549e-01 1.000000000000000000e+00
1.893394485791279058e-02 -2.208611608741222476e-01 3.210495710372924805e-01 1.000000000000000000e+00
5.019738126523269617e-02 -2.155203122308217423e-01 3.170323371887207031e-01 0.000000000000000000e+00
7.679793269768624142e-02 -2.243036417035071950e-01 3.006302714347839355e-01 0.000000000000000000e+00
1.042970970872405534e-01 -2.457866806429194473e-01 2.803217172622680664e-01 0.000000000000000000e+00
1.343981128759178800e-01 -2.776646286382403184e-01 2.534789144992828369e-01 0.000000000000000000e+00
1.656565021981286079e-01 -3.213580030716809421e-01 2.233690321445465088e-01 0.000000000000000000e+00
2.010595599193400473e-01 -3.714366355912341877e-01 1.962135434150695801e-01 0.000000000000000000e+00
2.458563072366595215e-01 -4.202029416887036462e-01 1.690861880779266357e-01 1.000000000000000000e+00
3.062080444199248852e-01 -4.578128294713697533e-01 1.162277460098266602e-01 1.000000000000000000e+00
3.606244200515071885e-01 -4.909561944463817218e-01 7.413657009601593018e-02 1.000000000000000000e+00
3.911472309633694522e-01 -5.074020001024538429e-01 3.903856128454208374e-02 1.000000000000000000e+00
-1.065842695786690941e-01 2.105916070823971864e-01 9.022638201713562012e-02 1.000000000000000000e+00
-1.065731612499084269e-01 1.559671024103339576e-01 1.101730316877365112e-01 1.000000000000000000e+00
-9.584957263006564643e-02 9.179917619447168498e-02 1.376324445009231567e-01 0.000000000000000000e+00
-8.258963671621985525e-02 1.947057960657763709e-03 1.740664392709732056e-01 0.000000000000000000e+00
-8.214069770550491700e-02 -5.919635640541311139e-02 2.154745459556579590e-01 1.000000000000000000e+00
-6.409639906267222687e-02 -9.671947436370738338e-02 2.675129771232604980e-01 0.000000000000000000e+00
-3.409844944076124290e-02 -1.336261353935241092e-01 2.977740764617919922e-01 1.000000000000000000e+00
-5.927743508814670159e-03 -1.521704168318854800e-01 3.162018954753875732e-01 1.000000000000000000e+00
1.191512480827232323e-02 -1.687149936274428552e-01 3.308942019939422607e-01 1.000000000000000000e+00
1.993559632291055927e-02 -1.728122468218687979e-01 3.391585648059844971e-01 1.000000000000000000e+00
2.901978053697887305e-02 -1.703702584191476022e-01 3.307985067367553711e-01 1.000000000000000000e+00
5.535872648072529684e-02 -1.701478600362677229e-01 3.184123039245605469e-01 0.000000000000000000e+00
8.367931187433266804e-02 -1.756021996058959311e-01 2.865076959133148193e-01 0.000000000000000000e+00
1.167314499957428087e-01 -1.979559502886947542e-01 2.734807133674621582e-01 0.000000000000000000e+00
1.524345405947911403e-01 -2.304803677198999645e-01 2.483803629875183105e-01 0.000000000000000000e+00
1.849695790318211241e-01 -2.698861643277515876e-01 2.171125560998916626e-01 0.000000000000000000e+00
2.262793595211524122e-01 -3.244918214559963654e-01 2.020199596881866455e-01 1.000000000000000000e+00
2.774707215249539449e-01 -3.825711375448119789e-01 1.717117130756378174e-01 1.000000000000000000e+00
3.324346163288291467e-01 -4.236853250469162502e-01 1.258298307657241821e-01 1.000000000000000000e+00
3.860086661194969682e-01 -4.602511616349826418e-01 7.989181578159332275e-02 1.000000000000000000e+00
4.235834613824216444e-01 -4.748633528415201477e-01 4.178620129823684692e-02 1.000000000000000000e+00
-4.096587274219455621e-02 2.310191414211268945e-01 9.828726947307586670e-02 0.000000000000000000e+00
-3.205937964144818519e-02 1.887944687544574618e-01 1.124498248100280762e-01 0.000000000000000000e+00
-3.800965590914800324e-02 1.242749508941392855e-01 1.386813968420028687e-01 0.000000000000000000e+00
-2.979557757751888705e-02 5.420932923827254113e-02 1.685173958539962769e-01 0.000000000000000000e+00
-3.365351438065486422e-02 -1.137377619801920384e-02 2.225975990295410156e-01 0.000000000000000000e+00
-3.037730286864540052e-02 -5.152061976981365393e-02 2.820515036582946777e-01 0.000000000000000000e+00
-3.237657682334096898e-03 -8.112747824767992111e-02 3.084955811500549316e-01 0.000000000000000000e+00
2.018222387532811468e-02 -9.869484842111939105e-02 3.281645178794860840e-01 1.000000000000000000e+00
3.096071666789043664e-02 -1.082614401948873151e-01 3.434968292713165283e-01 1.000000000000000000e+00
3.248000518958688715e-02 -1.191909293405959691e-01 3.475957512855529785e-01 1.000000000000000000e+00
4.112013020774441668e-02 -1.196333764195512128e-01 3.361029326915740967e-01 0.000000000000000000e+00
7.206479946306432183e-02 -1.258974939263313442e-01 3.207717835903167725e-01 0.000000000000000000e+00
1.049579912820277350e-01 -1.387974852171819651e-01 2.840261757373809814e-01 0.000000000000000000e+00
1.382221860033643612e-01 -1.663097836184034561e-01 2.584549784660339355e-01 0.000000000000000000e+00
1.723722442601272331e-01 -2.017531073850109546e-01 2.410729527473449707e-01 0.000000000000000000e+00
1.989144223073931461e-01 -2.359746730386286240e-01 2.151481807231903076e-01 0.000000000000000000e+00
2.304740246191991637e-01 -2.826632659450565854e-01 2.062988728284835815e-01 0.000000000000000000e+00
2.902209387212649760e-01 -3.428939731844667937e-01 1.734726130962371826e-01 1.000000000000000000e+00
3.482186110961589254e-01 -3.863116914235780186e-01 1.450010538101196289e-01 1.000000000000000000e+00
4.108231184057558605e-01 -4.143384184526552882e-01 1.010671854019165039e-01 1.000000000000000000e+00
4.466223644055037356e-01 -4.346358691776341376e-01 4.581327736377716064e-02 1.000000000000000000e+00
8.683062120077980617e-03 2.534724851069569684e-01 9.901566803455352783e-02 0.000000000000000000e+00
1.425350572064155996e-02 2.144464210674763283e-01 1.097745299339294434e-01 0.000000000000000000e+00
1.211416330036463318e-03 1.489106847376437670e-01 1.376366019248962402e-01 0.000000000000000000e+00
6.911677492369691644e-03 9.011668980698500642e-02 1.717223674058914185e-01 0.000000000000000000e+00
3.477732716897240228e-03 3.531068631725470947e-02 2.335645258426666260e-01 0.000000000000000000e+00
-4.073781351072405799e-03 4.104980555682593082e-03 2.866301834583282471e-01 0.000000000000000000e+00
1.508935280068653476e-02 -1.768391279501716623e-02 3.180509209632873535e-01 0.000000000000000000e+00
3.247503712981865409e-02 -3.299386483498774336e-02 3.315950334072113037e-01 1.000000000000000000e+00
4.321035574443762156e-02 -4.293693860143531216e-02 3.421789705753326416e-01 1.000000000000000000e+00
4.712453356564434703e-02 -5.687255171718348656e-02 3.454897403717041016e-01 1.000000000000000000e+00
6.744396123794360598e-02 -6.891168309048695262e-02 3.322929739952087402e-01 0.000000000000000000e+00
1.018972766064544788e-01 -8.134558818872378305e-02 3.195740580558776855e-01 0.000000000000000000e+00
1.345962452107675733e-01 -1.064528978518605867e-01 2.906965315341949463e-01 0.000000000000000000e+00
1.712502477375626164e-01 -1.391318941183355973e-01 2.656416893005371094e-01 1.000000000000000000e+00
2.030136379644528755e-01 -1.772217001624610822e-01 2.390046566724777222e-01 1.000000000000000000e+00
2.238128495551319763e-01 -2.110738012736761704e-01 2.168561816215515137e-01 0.000000000000000000e+00
2.512189141905037393e-01 -2.549504064968399208e-01 2.037003934383392334e-01 0.000000000000000000e+00
3.029318065661351089e-01 -3.078845986384835531e-01 1.817730069160461426e-01 0.000000000000000000e+00
3.721942989502025068e-01 -3.569634604961537949e-01 1.582803130149841309e-01 1.000000000000000000e+00
4.312403267666003459e-01 -3.700542927170617502e-01 1.287001967430114746e-01 1.000000000000000000e+00
4.833164459510546074e-01 -3.728202428708619065e-01 6.377454102039337158e-02 1.000000000000000000e+00
3.497716381700879951e-02 2.452497087194664138e-01 9.369866549968719482e-02 0.000000000000000000e+00
4.830835951497437775e-02 2.255700596708504202e-01 1.146455407142639160e-01 0.000000000000000000e+00
4.490924779270716316e-02 1.713468641194177966e-01 1.393071115016937256e-01 0.000000000000000000e+00
3.454729230397800971e-02 1.233045829274487248e-01 1.792248040437698364e-01 0.000000000000000000e+00
1.498729288992837333e-02 9.259864922716271041e-02 2.358674705028533936e-01 0.000000000000000000e+00
2.493908051730546471e-03 7.789079521121762550e-02 2.713683247566223145e-01 1.000000000000000000e+00
1.347096913560686185e-02 5.404220776430374018e-02 3.031221926212310791e-01 1.000000000000000000e+00
3.885897154147016641e-02 4.938104554187024847e-02 3.232536911964416504e-01 1.000000000000000000e+00
5.453696435061705650e-02 3.197799802824066728e-02 3.365027606487274170e-01 1.000000000000000000e+00
6.999521534542929579e-02 1.124581704885111583e-02 3.296501934528350830e-01 1.000000000000000000e+00
8.759228851035680274e-02 -7.638578920281018092e-03 3.212345242500305176e-01 0.000000000000000000e+00
1.177094412736577334e-01 -3.221609742927982606e-02 3.078088760375976562e-01 0.000000000000000000e+00
1.520456384526909233e-01 -6.441446420622673474e-02 2.813354432582855225e-01 0.000000000000000000e+00
1.946591711146120063e-01 -1.044184694742397446e-01 2.624371647834777832e-01 0.000000000000000000e+00
2.388126890350263931e-01 -1.477444234874305817e-01 2.407570779323577881e-01 1.000000000000000000e+00
2.640499005536298682e-01 -1.887135889521650289e-01 2.197873890399932861e-01 0.000000000000000000e+00
2.891314690290386347e-01 -2.368389468509051465e-01 2.013070732355117798e-01 1.000000000000000000e+00
3.428622181682919878e-01 -2.862238343414349462e-01 1.828326731920242310e-01 1.000000000000000000e+00
4.101020069011586111e-01 -3.190180732626288207e-01 1.599287539720535278e-01 1.000000000000000000e+00
4.770000031318482048e-01 -3.408985359100745738e-01 1.364938914775848389e-01 1.000000000000000000e+00
5.316968871136947827e-01 -3.250499194872654707e-01 9.250237047672271729e-02 1.000000000000000000e+00
4.902052535097507768e-02 2.359367830218173645e-01 8.811771869659423828e-02 0.000000000000000000e+00
6.654922052254971798e-02 2.190970834562745440e-01 1.167446672916412354e-01 0.000000000000000000e+00
5.919786183815831104e-02 1.938928676516990524e-01 1.499258577823638916e-01 0.000000000000000000e+00
3.425954523248200823e-02 1.668168312794138242e-01 1.872262060642242432e-01 0.000000000000000000e+00
2.210659102641879259e-02 1.657910349385753324e-01 2.345082610845565796e-01 0.000000000000000000e+00
3.045404832851636434e-03 1.650546662748172411e-01 2.639271616935729980e-01 1.000000000000000000e+00
1.584147253198636696e-03 1.495211871066801090e-01 2.828597426414489746e-01 1.000000000000000000e+00
3.088496297604812618e-02 1.448749817471119417e-01 3.092190027236938477e-01 1.000000000000000000e+00
6.232901970266147701e-02 1.196529588990406096e-01 3.134219646453857422e-01 1.000000000000000000e+00
8.119631590509933383e-02 8.674248028674265421e-02 3.080876469612121582e-01 0.000000000000000000e+00
1.080642403590609119e-01 5.102819574814762560e-02 3.040305972099304199e-01 0.000000000000000000e+00
1.336577402615512222e-01 1.208551398008973071e-02 2.918376028537750244e-01 0.000000000000000000e+00
1.650269916004137860e-01 -3.235420211513789779e-02 2.691378295421600342e-01 0.000000000000000000e+00
2.072383932781583504e-01 -7.570151404381163240e-02 2.496437132358551025e-01 0.000000000000000000e+00
2.631554390611073879e-01 -1.163097497029669802e-01 2.287368923425674438e-01 0.000000000000000000e+00
3.071069102581166499e-01 -1.634145638118642829e-01 2.105615437030792236e-01 1.000000000000000000e+00
3.510264552173789632e-01 -2.159421811109915046e-01 1.936997324228286743e-01 1.000000000000000000e+00
3.961037214216747704e-01 -2.490397324616721031e-01 1.667581796646118164e-01 1.000000000000000000e+00
4.688510680229487360e-01 -2.614518212974484834e-01 1.379731893539428711e-01 1.000000000000000000e+00
5.380085884124437001e-01 -2.762913684099219669e-01 1.226455718278884888e-01 1.000000000000000000e+00
5.836426250222805923e-01 -2.716234784967949123e-01 8.949595689773559570e-02 1.000000000000000000e+00
5.463553924383893201e-02 2.413206003771747044e-01 9.630644321441650391e-02 0.000000000000000000e+00
5.673666500922827649e-02 2.405030779566088850e-01 1.389573663473129272e-01 0.000000000000000000e+00
4.537508637258591548e-02 2.306946739078657715e-01 1.810323297977447510e-01 0.000000000000000000e+00
2.948284796156801224e-02 2.167017410781427733e-01 2.087687551975250244e-01 0.000000000000000000e+00
2.375514393249812672e-02 2.464681530364921103e-01 2.468653023242950439e-01 1.000000000000000000e+00
7.924987829336774259e-03 2.524037463958419547e-01 2.645683884620666504e-01 1.000000000000000000e+00
4.876421982846781966e-03 2.382456084566683674e-01 2.610882818698883057e-01 1.000000000000000000e+00
3.104157539675851674e-02 2.306568049644787122e-01 2.700752913951873779e-01 1.000000000000000000e+00
6.243086229373198681e-02 2.010613722338259746e-01 2.700994312763214111e-01 1.000000000000000000e+00
8.087786353737413947e-02 1.630799178346878375e-01 2.670016288757324219e-01 0.000000000000000000e+00
1.050360380258467535e-01 1.163711774175826552e-01 2.694065868854522705e-01 0.000000000000000000e+00
1.307756597350353267e-01 5.649332491099461756e-02 2.618969678878784180e-01 0.000000000000000000e+00
1.682359420105559167e-01 3.963584464373642868e-03 2.444354891777038574e-01 0.000000000000000000e+00
2.159393467354292218e-01 -4.581296051847773276e-02 2.276965379714965820e-01 0.000000000000000000e+00
2.763884536754668830e-01 -9.151404222758331708e-02 2.127146720886230469e-01 0.000000000000000000e+00
3.465927226578662257e-01 -1.347789939459107245e-01 1.941692531108856201e-01 1.000000000000000000e+00
4.212402283141175041e-01 -1.769488546360916681e-01 1.854517459869384766e-01 1.000000000000000000e+00
4.836579724012505244e-01 -2.038365736208742340e-01 1.611563861370086670e-01 1.000000000000000000e+00
5.503813647752715532e-01 -2.025074306062346341e-01 1.307964622974395752e-01 1.000000000000000000e+00
6.115052111498322507e-01 -2.074444702939522156e-01 1.062853634357452393e-01 1.000000000000000000e+00
6.473446573405253757e-01 -2.063702735659550813e-01 7.806986570358276367e-02 0.000000000000000000e+00
9.661253595523403015e-02 3.090824068048071416e-01 1.442831754684448242e-01 0.000000000000000000e+00
7.748182853504817502e-02 3.243112432835514869e-01 1.837862730026245117e-01 1.000000000000000000e+00
5.117060468090980918e-02 3.053449085725580825e-01 2.190749049186706543e-01 0.000000000000000000e+00
4.374447748726006946e-02 2.971557337600428950e-01 2.410645037889480591e-01 0.000000000000000000e+00
2.602218076705062333e-02 3.273023735122332356e-01 2.614996135234832764e-01 0.000000000000000000e+00
1.582747977828088959e-02 3.430552955154984041e-01 2.588146924972534180e-01 1.000000000000000000e+00
9.535492667922917942e-03 3.168489435571672508e-01 2.349325418472290039e-01 1.000000000000000000e+00
1.565170634656620763e-02 2.928668493821500185e-01 2.215731143951416016e-01 1.000000000000000000e+00
4.880929588295059018e-02 2.634216174828779566e-01 2.170615345239639282e-01 1.000000000000000000e+00
7.983608827259396079e-02 2.284810687405129936e-01 2.158706635236740112e-01 0.000000000000000000e+00
9.495248749622334228e-02 1.667091618865366720e-01 2.193304151296615601e-01 0.000000000000000000e+00
1.230641206687148742e-01 9.398203391874679347e-02 2.190372347831726074e-01 0.000000000000000000e+00
1.765259373530652653e-01 2.856058535409662646e-02 2.180805504322052002e-01 0.000000000000000000e+00
2.375946714548418937e-01 -2.641030055827531253e-02 2.059716880321502686e-01 0.000000000000000000e+00
3.170639135579970680e-01 -7.452608058569129557e-02 1.874172538518905640e-01 1.000000000000000000e+00
4.139275815100833533e-01 -1.097463790350473312e-01 1.779440939426422119e-01 1.000000000000000000e+00
5.073570399518049223e-01 -1.411987070806809685e-01 1.859159469604492188e-01 1.000000000000000000e+00
5.828726020999865920e-01 -1.638902331441581817e-01 1.725100576877593994e-01 1.000000000000000000e+00
6.409384628074150658e-01 -1.654260853773193984e-01 1.435581445693969727e-01 1.000000000000000000e+00
7.017058311372705859e-01 -1.542946390702586990e-01 1.063799262046813965e-01 1.000000000000000000e+00
7.434010340195218447e-01 -1.578511587350019396e-01 7.359418272972106934e-02 0.000000000000000000e+00
1.606460953838655115e-01 4.527245774279072821e-01 1.609121859073638916e-01 1.000000000000000000e+00
1.230081588735154330e-01 4.501836703717310151e-01 2.101803719997406006e-01 1.000000000000000000e+00
8.450585372047972332e-02 4.186704506667112691e-01 2.383598387241363525e-01 1.000000000000000000e+00
6.793891802178725348e-02 4.010009955578223151e-01 2.498360574245452881e-01 1.000000000000000000e+00
3.736748018345562028e-02 4.039334573733769362e-01 2.635784745216369629e-01 1.000000000000000000e+00
2.316125269013111221e-02 4.142826581720754353e-01 2.546621561050415039e-01 1.000000000000000000e+00
2.756721047647509026e-02 3.792729885981526161e-01 2.267491072416305542e-01 0.000000000000000000e+00
2.209222948778866158e-02 3.425531579623395939e-01 1.940470635890960693e-01 0.000000000000000000e+00
3.980864672263087489e-02 3.016649723986628007e-01 1.801196634769439697e-01 0.000000000000000000e+00
7.202402238712996008e-02 2.585864994115718574e-01 1.802892684936523438e-01 0.000000000000000000e+00
9.611900689588362412e-02 1.969672062960534653e-01 1.821759045124053955e-01 0.000000000000000000e+00
1.314177103372710931e-01 1.225364394911804822e-01 1.848250925540924072e-01 0.000000000000000000e+00
1.976040820555454991e-01 5.206809547816905470e-02 1.907104253768920898e-01 0.000000000000000000e+00
2.719142812148079846e-01 -6.249713821301489114e-03 1.802173405885696411e-01 0.000000000000000000e+00
3.670964901088400456e-01 -5.180542051318087760e-02 1.682678312063217163e-01 1.000000000000000000e+00
4.789164730171991957e-01 -8.182530361847470401e-02 1.638194024562835693e-01 1.000000000000000000e+00
5.823056426938180152e-01 -1.011465990876268539e-01 1.801546514034271240e-01 1.000000000000000000e+00
6.614951667001185420e-01 -1.166320888003782308e-01 1.824299991130828857e-01 1.000000000000000000e+00
7.193201792417314167e-01 -1.213024232307188810e-01 1.569840013980865479e-01 1.000000000000000000e+00
7.687588540134953075e-01 -1.221463717253010173e-01 1.184972673654556274e-01 1.000000000000000000e+00
8.164783166876512510e-01 -1.161699064596077302e-01 7.676579058170318604e-02 1.000000000000000000e+00
2.236362990408977125e-01 5.836291801776056776e-01 1.285869628190994263e-01 1.000000000000000000e+00
1.917178584608700276e-01 5.837375397251270970e-01 1.926037818193435669e-01 1.000000000000000000e+00
1.338168972982403948e-01 5.570715237002240583e-01 2.272891551256179810e-01 1.000000000000000000e+00
9.048304601930978741e-02 5.190461944317861231e-01 2.327684611082077026e-01 1.000000000000000000e+00
6.087646544722591369e-02 4.960481132656647807e-01 2.458316832780838013e-01 1.000000000000000000e+00
4.934158950621889139e-02 4.689105582996218047e-01 2.392311543226242065e-01 0.000000000000000000e+00
5.209453735725347312e-02 4.297780523942269504e-01 2.175592929124832153e-01 0.000000000000000000e+00
5.216800985092009957e-02 3.761466407427357383e-01 1.895705163478851318e-01 0.000000000000000000e+00
5.084097417870608870e-02 3.207442712003774621e-01 1.664595007896423340e-01 0.000000000000000000e+00
7.699387339641330930e-02 2.688350324626020971e-01 1.505674868822097778e-01 0.000000000000000000e+00
1.085071247115694248e-01 2.085722356664068688e-01 1.467061489820480347e-01 0.000000000000000000e+00
1.563969146543590372e-01 1.473770438969403684e-01 1.549928337335586548e-01 0.000000000000000000e+00
2.270674687098136468e-01 8.136365338166683114e-02 1.532144248485565186e-01 0.000000000000000000e+00
3.087945332927656272e-01 2.033574903938514811e-02 1.521940380334854126e-01 1.000000000000000000e+00
4.215389335662262926e-01 -1.864650335106840529e-02 1.469514071941375732e-01 0.000000000000000000e+00
5.500754629487794034e-01 -4.629671150897363141e-02 1.557565927505493164e-01 1.000000000000000000e+00
6.502876453314956340e-01 -5.764749001568497677e-02 1.726370006799697876e-01 1.000000000000000000e+00
7.288113966452937076e-01 -6.716757801047723575e-02 1.752178072929382324e-01 1.000000000000000000e+00
7.784354332568084178e-01 -7.952081930902027418e-02 1.580643653869628906e-01 1.000000000000000000e+00
8.232885730574355243e-01 -9.096499523203183113e-02 1.245791018009185791e-01 1.000000000000000000e+00
8.755526461128241289e-01 -8.682225505135054977e-02 8.567669987678527832e-02 1.000000000000000000e+00
2.677168871083200896e-01 7.133331140436377504e-01 4.667750000953674316e-02 1.000000000000000000e+00
2.212358463573839973e-01 7.193648970480015503e-01 1.048252433538436890e-01 1.000000000000000000e+00
1.759513124888237301e-01 6.820349486331448441e-01 1.761162579059600830e-01 1.000000000000000000e+00
1.283314006708505262e-01 6.322291326640026021e-01 1.975239962339401245e-01 0.000000000000000000e+00
1.048065049717673280e-01 5.795338973483474820e-01 2.086279541254043579e-01 1.000000000000000000e+00
9.331053057193586242e-02 5.311804196320422111e-01 2.122080475091934204e-01 0.000000000000000000e+00
8.807681921755008969e-02 4.709541746902180526e-01 1.966812312602996826e-01 0.000000000000000000e+00
8.902490203809054758e-02 4.099706035642137758e-01 1.736527979373931885e-01 0.000000000000000000e+00
8.908589906459794816e-02 3.363282054145382283e-01 1.394795477390289307e-01 0.000000000000000000e+00
1.098563506995244021e-01 2.860005903874068833e-01 1.232277154922485352e-01 0.000000000000000000e+00
1.529581730406904261e-01 2.401772617441954583e-01 1.212998330593109131e-01 0.000000000000000000e+00
2.182570032521322367e-01 1.955132756825962992e-01 1.200111359357833862e-01 1.000000000000000000e+00
2.925998596335456226e-01 1.350001911436081170e-01 1.167312115430831909e-01 1.000000000000000000e+00
3.737845522280790478e-01 7.820086430735626037e-02 1.155911684036254883e-01 1.000000000000000000e+00
4.853788492993745818e-01 3.487788691534149388e-02 1.241424977779388428e-01 1.000000000000000000e+00
6.046635975247557360e-01 6.777171093703349136e-03 1.496246755123138428e-01 1.000000000000000000e+00
7.020474734912998116e-01 -7.620908854042707237e-03 1.562727391719818115e-01 1.000000000000000000e+00
7.821097955099882704e-01 -2.088764094721090592e-02 1.627862751483917236e-01 1.000000000000000000e+00
8.339646226663359752e-01 -3.835240988630667092e-02 1.528616845607757568e-01 1.000000000000000000e+00
8.881237444713199203e-01 -5.385343071273424043e-02 1.242973506450653076e-01 1.000000000000000000e+00
9.441781257601418176e-01 -5.368020716535448766e-02 8.566744625568389893e-02 1.000000000000000000e+00
2.756869404554271874e-01 8.201617194398365118e-01 3.571916371583938599e-02 1.000000000000000000e+00
2.113886988181472026e-01 8.269618816394024297e-01 5.669342353940010071e-02 1.000000000000000000e+00
1.707236913540476908e-01 7.825067766761123478e-01 1.044924259185791016e-01 1.000000000000000000e+00
1.432490037467660793e-01 7.369412286951055879e-01 1.321853995323181152e-01 0.000000000000000000e+00
1.229049939250728696e-01 6.777508479225580196e-01 1.459926664829254150e-01 1.000000000000000000e+00
1.130020018115591718e-01 6.133148914577687405e-01 1.596267223358154297e-01 0.000000000000000000e+00
1.091655849258550970e-01 5.388196202183388461e-01 1.617405265569686890e-01 0.000000000000000000e+00
1.303724566403997032e-01 4.601205696248716892e-01 1.527657657861709595e-01 0.000000000000000000e+00
1.608772708479477842e-01 3.757128021575888988e-01 1.253795176744461060e-01 0.000000000000000000e+00
1.761016186873257117e-01 3.161898406034417963e-01 1.105507761240005493e-01 0.000000000000000000e+00
2.235238617857828458e-01 2.733700333623743095e-01 1.088775098323822021e-01 1.000000000000000000e+00
3.041767875926543740e-01 2.425710130787959440e-01 1.048261076211929321e-01 1.000000000000000000e+00
3.805053835220353897e-01 1.900199832053209026e-01 9.617097675800323486e-02 1.000000000000000000e+00
4.490917192837985406e-01 1.388322879773399299e-01 9.106592833995819092e-02 1.000000000000000000e+00
5.471526422248216281e-01 9.985711625743623476e-02 1.044368147850036621e-01 1.000000000000000000e+00
6.539358976120228650e-01 7.891552734413126435e-02 1.221034228801727295e-01 1.000000000000000000e+00
7.397616536506061991e-01 5.960449463259159808e-02 1.327854394912719727e-01 1.000000000000000000e+00
8.307580061379302716e-01 4.245405688969006164e-02 1.352974772453308105e-01 1.000000000000000000e+00
8.985652047214087723e-01 1.870776379537919532e-02 1.331421285867691040e-01 1.000000000000000000e+00
9.606810614693704897e-01 2.196651597539456269e-03 1.093903928995132446e-01 1.000000000000000000e+00
1.008818747321299947e+00 -1.020725021291374324e-02 6.545963883399963379e-02 1.000000000000000000e+00
2.301940957881016825e-01 8.850668967690976663e-01 3.343444690108299255e-02 1.000000000000000000e+00
1.722901632726520638e-01 9.168826886995771197e-01 4.215793684124946594e-02 1.000000000000000000e+00
1.237785505807338926e-01 8.814628986795067789e-01 5.423792824149131775e-02 1.000000000000000000e+00
1.198451537966062075e-01 8.308376215347672566e-01 6.163125112652778625e-02 1.000000000000000000e+00
1.095601637216140345e-01 7.732000149550579682e-01 7.578012347221374512e-02 1.000000000000000000e+00
1.066414312419618482e-01 7.119160316295801705e-01 8.493116497993469238e-02 0.000000000000000000e+00
1.064155030605192231e-01 6.211810528232963868e-01 8.762292563915252686e-02 0.000000000000000000e+00
1.476134152771905184e-01 5.277938782073434698e-01 1.086621135473251343e-01 0.000000000000000000e+00
2.069815293099086240e-01 4.343858619748017236e-01 9.361505508422851562e-02 0.000000000000000000e+00
2.439675278307800455e-01 3.591682042886072401e-01 7.589273154735565186e-02 1.000000000000000000e+00
3.006948480934401036e-01 3.187918381994456207e-01 6.905514001846313477e-02 1.000000000000000000e+00
3.800499341403145159e-01 2.836110326642332646e-01 5.536457151174545288e-02 1.000000000000000000e+00
4.663678916125202356e-01 2.458137073095271741e-01 5.654423311352729797e-02 1.000000000000000000e+00
5.464079495584827084e-01 1.895188466398143035e-01 5.811991915106773376e-02 1.000000000000000000e+00
6.213246049893245138e-01 1.610428763524593687e-01 7.683195173740386963e-02 1.000000000000000000e+00
6.893885200270830627e-01 1.454009586114598518e-01 9.137395024299621582e-02 1.000000000000000000e+00
7.771380478925218327e-01 1.346418375641443288e-01 1.043144017457962036e-01 1.000000000000000000e+00
8.622935847460848624e-01 1.157996463954398259e-01 1.106721907854080200e-01 1.000000000000000000e+00
9.267819718904217741e-01 8.190481364819074406e-02 1.104995012283325195e-01 1.000000000000000000e+00
9.935972022473480436e-01 3.626491862641079145e-02 8.218869566917419434e-02 1.000000000000000000e+00
1.047486289193922726e+00 -1.119685821594940123e-02 5.035970732569694519e-02 1.000000000000000000e+00
