-9.080682864628268902e-01 -2.212688262663439764e-01 6.062503531575202942e-02 1.000000000000000000e+00
-8.451901196658487825e-01 -2.521384846680265190e-01 7.314968109130859375e-02 1.000000000000000000e+00
-7.728075856485729922e-01 -2.766400914345011341e-01 5.524229630827903748e-02 1.000000000000000000e+00
-7.106134622029266490e-01 -3.041084148676576615e-01 5.351983010768890381e-02 1.000000000000000000e+00
-6.456152246321535948e-01 -3.358728508632264909e-01 5.695999041199684143e-02 1.000000000000000000e+00
-5.811033406197718687e-01 -3.726005208128625457e-01 8.330091834068298340e-02 1.000000000000000000e+00
-5.168972109199125864e-01 -3.973025779908549993e-01 1.042386293411254883e-01 1.000000000000000000e+00
-4.539840424823350928e-01 -4.217459575690227780e-01 1.121476441621780396e-01 1.000000000000000000e+00
-3.990761384496175901e-01 -4.709799685615067011e-01 1.280436962842941284e-01 1.000000000000000000e+00
-3.505957460357338462e-01 -5.201166717004021001e-01 1.358193457126617432e-01 1.000000000000000000e+00
-3.151027890866486825e-01 -5.630040403396325832e-01 1.427900344133377075e-01 1.000000000000000000e+00
-3.032352269969209591e-01 -6.086473281827176063e-01 1.604984998703002930e-01 1.000000000000000000e+00
-2.964617542891745394e-01 -6.604243627934264227e-01 1.793100088834762573e-01 1.000000000000000000e+00
-2.731013155929808978e-01 -7.005592471969559476e-01 1.838655471801757812e-01 1.000000000000000000e+00
-2.312626869852469902e-01 -7.412487841268887712e-01 1.808549165725708008e-01 1.000000000000000000e+00
-1.745295728480056874e-01 -7.763860216745419596e-01 1.768539547920227051e-01 1.000000000000000000e+00
-1.136670790810611065e-01 -8.035969543038423701e-01 1.705826073884963989e-01 1.000000000000000000e+00
-4.351046764761545838e-02 -8.284350825822521802e-01 1.611938774585723877e-01 1.000000000000000000e+00
2.259340820014399398e-02 -8.540623052319071817e-01 1.460561454296112061e-01 1.000000000000000000e+00
7.819445798638263723e-02 -8.720145024740315609e-01 1.250330060720443726e-01 1.000000000000000000e+00
1.157007698888331548e-01 -8.820387089238626022e-01 9.246428310871124268e-02 1.000000000000000000e+00
-8.639392505930412192e-01 -1.797189667911824329e-01 1.308498084545135498e-01 1.000000000000000000e+00
-7.982158554202138934e-01 -2.112410373343894809e-01 1.377236545085906982e-01 1.000000000000000000e+00
-7.329812583229917688e-01 -2.391111045275517710e-01 1.203141659498214722e-01 1.000000000000000000e+00
-6.729984957250150224e-01 -2.568246241665588236e-01 9.993875026702880859e-02 1.000000000000000000e+00
-6.127652965531865670e-01 -2.776002809372764002e-01 1.035839915275573730e-01 1.000000000000000000e+00
-5.534860912974022273e-01 -3.094339642049486194e-01 1.191634088754653931e-01 1.000000000000000000e+00
-4.965348777558291626e-01 -3.410373044087968153e-01 1.388392001390457153e-01 1.000000000000000000e+00
-4.436898841507027624e-01 -3.665805810729302894e-01 1.538390368223190308e-01 1.000000000000000000e+00
-3.920214106021349121e-01 -4.024994516825532442e-01 1.728183776140213013e-01 1.000000000000000000e+00
-3.387347272442374213e-01 -4.428901266267843972e-01 1.867217868566513062e-01 1.000000000000000000e+00
-3.042805636704002392e-01 -4.977225443367297997e-01 2.010110765695571899e-01 1.000000000000000000e+00
-2.802557536644172398e-01 -5.481839650711711753e-01 2.280128747224807739e-01 1.000000000000000000e+00
-2.641028686054958108e-01 -6.067663354071006765e-01 2.438420802354812622e-01 1.000000000000000000e+00
-2.367415876308449352e-01 -6.541250315947153560e-01 2.521738111972808838e-01 1.000000000000000000e+00
-1.912338019057224225e-01 -6.978810257083312152e-01 2.418821156024932861e-01 1.000000000000000000e+00
-1.316005209755980454e-01 -7.302558323640347959e-01 2.311049401760101318e-01 1.000000000000000000e+00
-6.781674484466632125e-02 -7.593280541172733322e-01 2.266273200511932373e-01 1.000000000000000000e+00
-8.033905822600995172e-03 -7.836225723435896739e-01 2.135828733444213867e-01 1.000000000000000000e+00
4.651621229601843321e-02 -8.064631718102499569e-01 1.907808184623718262e-01 1.000000000000000000e+00
8.852561993391844242e-02 -8.251173248143230943e-01 1.631644964218139648e-01 1.000000000000000000e+00
1.172008183741843901e-01 -8.393022681491496551e-01 1.316827833652496338e-01 1.000000000000000000e+00
-8.195961087328202943e-01 -1.441006018943531419e-01 1.735607832670211792e-01 1.000000000000000000e+00
-7.603782692884677452e-01 -1.649902658902926422e-01 1.930456459522247314e-01 1.000000000000000000e+00
-6.962079644098426723e-01 -1.830157565019773225e-01 1.828368157148361206e-01 1.000000000000000000e+00
-6.390202122177144339e-01 -2.061254214495311932e-01 1.518839299678802490e-01 1.000000000000000000e+00
-5.718973730869313377e-01 -2.227442820655890221e-01 1.412006616592407227e-01 1.000000000000000000e+00
-5.105716222345793032e-01 -2.480795745690334009e-01 1.471660435199737549e-01 1.000000000000000000e+00
-4.539022130588621917e-01 -2.794881857960490601e-01 1.654402762651443481e-01 1.000000000000000000e+00
-4.046729238305005194e-01 -3.175445983652638304e-01 1.870944350957870483e-01 1.000000000000000000e+00
-3.585543156837107115e-01 -3.588942906030458957e-01 2.135600149631500244e-01 1.000000000000000000e+00
-3.189513442647239905e-01 -4.009016554358821871e-01 2.444978654384613037e-01 1.000000000000000000e+00
-2.871434232582039670e-01 -4.534194419825942068e-01 2.739033699035644531e-01 1.000000000000000000e+00
-2.587798586158275849e-01 -5.062650151068875948e-01 3.027681112289428711e-01 1.000000000000000000e+00
-2.343211257310006679e-01 -5.487481006384894444e-01 3.106333911418914795e-01 1.000000000000000000e+00
-1.983006482892410716e-01 -5.908164822541683847e-01 3.098894655704498291e-01 1.000000000000000000e+00
-1.543950117899873797e-01 -6.327380137129231530e-01 2.979798614978790283e-01 1.000000000000000000e+00
-9.110705118493783727e-02 -6.651453155888287228e-01 2.826580405235290527e-01 1.000000000000000000e+00
-2.303955366505588964e-02 -6.907619172326588952e-01 2.716252207756042480e-01 1.000000000000000000e+00
4.276472131006375799e-02 -7.172168829136438273e-01 2.514037191867828369e-01 1.000000000000000000e+00
8.992468457023761186e-02 -7.435295819074799750e-01 2.255312800407409668e-01 1.000000000000000000e+00
1.236753750955794096e-01 -7.690821203415738605e-01 1.919517219066619873e-01 1.000000000000000000e+00
1.482144082635317162e-01 -7.833561199673038100e-01 1.624406874179840088e-01 1.000000000000000000e+00
-7.812480399719101687e-01 -8.230927587992542538e-02 2.105761766433715820e-01 1.000000000000000000e+00
-7.254542947942796971e-01 -1.043879024723572968e-01 2.362291663885116577e-01 1.000000000000000000e+00
-6.635595825604547748e-01 -1.277558433075858813e-01 2.344783097505569458e-01 1.000000000000000000e+00
-6.093598733403549073e-01 -1.582131369434379153e-01 2.059278488159179688e-01 1.000000000000000000e+00
-5.469356281018390442e-01 -1.808371859024492101e-01 1.811761856079101562e-01 1.000000000000000000e+00
-4.830181937775671619e-01 -2.012618542554801548e-01 1.793154031038284302e-01 1.000000000000000000e+00
-4.252588987094947925e-01 -2.322501454990088254e-01 1.951414942741394043e-01 1.000000000000000000e+00
-3.747748240439788825e-01 -2.699490579624420072e-01 2.187456637620925903e-01 1.000000000000000000e+00
-3.288430739500621813e-01 -3.119823931564950636e-01 2.492893338203430176e-01 1.000000000000000000e+00
-2.889265089047300950e-01 -3.549397690281911322e-01 2.816205918788909912e-01 1.000000000000000000e+00
-2.539854122533344860e-01 -4.105228747936762734e-01 3.154323995113372803e-01 1.000000000000000000e+00
-2.281918992128796897e-01 -4.600267718135107042e-01 3.418026864528656006e-01 1.000000000000000000e+00
-1.982030783349383596e-01 -4.955219941557033048e-01 3.460223376750946045e-01 1.000000000000000000e+00
-1.616499384849858778e-01 -5.357668607604219035e-01 3.412841856479644775e-01 1.000000000000000000e+00
-1.159843128121900713e-01 -5.718860566581062121e-01 3.280447423458099365e-01 1.000000000000000000e+00
-5.377071752253176351e-02 -6.026973838214497725e-01 3.133736252784729004e-01 1.000000000000000000e+00
1.254410330202465618e-02 -6.310785236996551140e-01 3.021842539310455322e-01 1.000000000000000000e+00
7.985706686644034047e-02 -6.563813631297461537e-01 2.867808341979980469e-01 1.000000000000000000e+00
1.244023660855438362e-01 -6.847908256901508173e-01 2.595146000385284424e-01 1.000000000000000000e+00
1.553824492303249594e-01 -7.095085614957892250e-01 2.247910201549530029e-01 1.000000000000000000e+00
1.727731661565871102e-01 -7.266215306903646143e-01 1.947360038757324219e-01 0.000000000000000000e+00
-7.317298762438547710e-01 -2.735029118390175373e-02 2.264262586832046509e-01 1.000000000000000000e+00
-6.920118241720980556e-01 -5.012379286773271936e-02 2.661153376102447510e-01 1.000000000000000000e+00
-6.394352533084254331e-01 -7.887002982116375627e-02 2.826102674007415771e-01 1.000000000000000000e+00
-5.866753436537304189e-01 -1.150346178746941839e-01 2.668939232826232910e-01 1.000000000000000000e+00
-5.259894451820463779e-01 -1.438204939391496961e-01 2.373766452074050903e-01 1.000000000000000000e+00
-4.619169947489514261e-01 -1.673371393926368633e-01 2.265517115592956543e-01 1.000000000000000000e+00
-4.066225422122052846e-01 -1.975280860193243115e-01 2.343852519989013672e-01 1.000000000000000000e+00
-3.514448153724101243e-01 -2.300496058546943889e-01 2.546770274639129639e-01 1.000000000000000000e+00
-2.954771841516248276e-01 -2.693755539409531941e-01 2.805900573730468750e-01 1.000000000000000000e+00
-2.509404710358164592e-01 -3.120428857379093368e-01 3.076889216899871826e-01 1.000000000000000000e+00
-2.170256501456610809e-01 -3.650150785318416191e-01 3.395643234252929688e-01 1.000000000000000000e+00
-1.934576066104148617e-01 -4.085850891396908824e-01 3.593305349349975586e-01 1.000000000000000000e+00
-1.598988528331916625e-01 -4.478725268602118392e-01 3.634146153926849365e-01 1.000000000000000000e+00
-1.194346645655344208e-01 -4.866872560645466583e-01 3.594991862773895264e-01 1.000000000000000000e+00
-7.288684213313287308e-02 -5.218279496537777673e-01 3.476175963878631592e-01 1.000000000000000000e+00
-2.474460442156412032e-02 -5.528828434546657622e-01 3.355397284030914307e-01 1.000000000000000000e+00
3.555206790412174245e-02 -5.799978077099068319e-01 3.265579342842102051e-01 1.000000000000000000e+00
9.886674961112718041e-02 -6.035692756765945743e-01 3.107734918594360352e-01 1.000000000000000000e+00
1.481901316787894163e-01 -6.272913132595874242e-01 2.828222513198852539e-01 1.000000000000000000e+00
1.860164646019831780e-01 -6.448333795188522233e-01 2.488947510719299316e-01 1.000000000000000000e+00
2.030683630130662720e-01 -6.598762219551179697e-01 2.134947627782821655e-01 0.000000000000000000e+00
-6.782344830092204013e-01 1.892618983778671105e-02 2.311902642250061035e-01 1.000000000000000000e+00
-6.483011379206315983e-01 -5.479090306420575374e-05 2.806633412837982178e-01 1.000000000000000000e+00
-6.089558325771051717e-01 -2.985307641559986624e-02 3.084159195423126221e-01 1.000000000000000000e+00
-5.648610410217346223e-01 -6.901626522671075459e-02 3.133316934108734131e-01 1.000000000000000000e+00
-5.091606721869800234e-01 -1.013882691169884498e-01 2.972903847694396973e-01 1.000000000000000000e+00
-4.479248627093502244e-01 -1.326419906757265454e-01 2.857916057109832764e-01 1.000000000000000000e+00
-3.903610447246713133e-01 -1.645291899042955475e-01 2.865802347660064697e-01 1.000000000000000000e+00
-3.316732335104796703e-01 -1.942024362540115678e-01 2.946007549762725830e-01 1.000000000000000000e+00
-2.710232981543767017e-01 -2.295232957668255636e-01 3.149611651897430420e-01 1.000000000000000000e+00
-2.204322745436753661e-01 -2.713399355734378848e-01 3.403570353984832764e-01 1.000000000000000000e+00
-1.864018132379182402e-01 -3.127180255674932297e-01 3.666830658912658691e-01 1.000000000000000000e+00
-1.578692291963010308e-01 -3.497759898321970429e-01 3.777695298194885254e-01 1.000000000000000000e+00
-1.161722877565486700e-01 -3.876003945370714021e-01 3.847651481628417969e-01 1.000000000000000000e+00
-7.194157261473055343e-02 -4.256395690452451919e-01 3.766736388206481934e-01 1.000000000000000000e+00
-2.987467667546164773e-02 -4.651973787989635012e-01 3.675915002822875977e-01 1.000000000000000000e+00
1.535335934266979230e-02 -4.964973143770938790e-01 3.553912341594696045e-01 1.000000000000000000e+00
6.771188348557130587e-02 -5.262126970386086233e-01 3.415137529373168945e-01 1.000000000000000000e+00
1.218949025536609498e-01 -5.447016343965190854e-01 3.227705359458923340e-01 1.000000000000000000e+00
1.703781293431070043e-01 -5.634989813184080321e-01 3.006747663021087646e-01 1.000000000000000000e+00
2.094104732630157617e-01 -5.758392624610340071e-01 2.705856561660766602e-01 1.000000000000000000e+00
2.284879702869566653e-01 -5.950348128076539123e-01 2.296827435493469238e-01 0.000000000000000000e+00
-6.239987593070679406e-01 5.544502215305124881e-02 2.286048829555511475e-01 1.000000000000000000e+00
-6.054736810265592961e-01 4.197630128839463515e-02 2.859357893466949463e-01 1.000000000000000000e+00
-5.740610869223594648e-01 1.531593294119204529e-02 3.160543441772460938e-01 1.000000000000000000e+00
-5.384215432341532548e-01 -2.074912532957995381e-02 3.313707411289215088e-01 1.000000000000000000e+00
-4.891914321422456968e-01 -5.688631793157838956e-02 3.342643380165100098e-01 1.000000000000000000e+00
-4.320183892002477655e-01 -9.064619646989555135e-02 3.326029479503631592e-01 1.000000000000000000e+00
-3.731104028494351965e-01 -1.201590319141790930e-01 3.348585963249206543e-01 1.000000000000000000e+00
-3.102048089907886164e-01 -1.499515327717567126e-01 3.411136269569396973e-01 1.000000000000000000e+00
-2.481566611549597678e-01 -1.821066068327488185e-01 3.524491190910339355e-01 1.000000000000000000e+00
-1.935775578583659173e-01 -2.173184745953136709e-01 3.758567869663238525e-01 1.000000000000000000e+00
-1.541656064935426618e-01 -2.560318840929173834e-01 3.938758969306945801e-01 1.000000000000000000e+00
-1.217309091661049752e-01 -2.871402200977171693e-01 3.995360732078552246e-01 1.000000000000000000e+00
-7.931588025813612886e-02 -3.281399578326901767e-01 3.988797962665557861e-01 1.000000000000000000e+00
-3.167258747595153023e-02 -3.661169552025982932e-01 3.925254046916961670e-01 1.000000000000000000e+00
1.237515765976873738e-02 -4.051867360606968838e-01 3.828613162040710449e-01 1.000000000000000000e+00
5.513227146367624676e-02 -4.343453377799584292e-01 3.688964843750000000e-01 1.000000000000000000e+00
1.019789150520200582e-01 -4.611230851002638964e-01 3.524861633777618408e-01 1.000000000000000000e+00
1.488234302245141083e-01 -4.831340027805629544e-01 3.335793912410736084e-01 1.000000000000000000e+00
1.924876179653609576e-01 -4.978674346651981164e-01 3.141800165176391602e-01 1.000000000000000000e+00
2.257107458511797837e-01 -5.063250532925913650e-01 2.868733108043670654e-01 1.000000000000000000e+00
2.505228168404977640e-01 -5.279412762732980102e-01 2.430736869573593140e-01 1.000000000000000000e+00
-5.683743601667542444e-01 8.818646424395118477e-02 2.164546847343444824e-01 1.000000000000000000e+00
-5.611022797044118438e-01 8.217288867814409592e-02 2.789260745048522949e-01 1.000000000000000000e+00
-5.386067997067829349e-01 6.116064057331066506e-02 3.131457269191741943e-01 1.000000000000000000e+00
-5.062158929549480657e-01 2.782117684888962827e-02 3.365626037120819092e-01 1.000000000000000000e+00
-4.622189242349714067e-01 -9.817771185824719637e-03 3.540765345096588135e-01 1.000000000000000000e+00
-4.097031291268514730e-01 -4.080799064767276496e-02 3.641170263290405273e-01 1.000000000000000000e+00
-3.495763086006644649e-01 -6.764933756238114548e-02 3.699039816856384277e-01 1.000000000000000000e+00
-2.848066228526538457e-01 -9.782282485707292918e-02 3.743706345558166504e-01 1.000000000000000000e+00
-2.219658719204412600e-01 -1.332534150070740775e-01 3.851195573806762695e-01 1.000000000000000000e+00
-1.671810920031142622e-01 -1.656009829448385762e-01 4.031126499176025391e-01 1.000000000000000000e+00
-1.228412678901244781e-01 -2.022690480310571082e-01 4.154978692531585693e-01 1.000000000000000000e+00
-8.755795990224464476e-02 -2.376756144774070378e-01 4.180692434310913086e-01 1.000000000000000000e+00
-4.328070410295832560e-02 -2.733232608972392952e-01 4.115154743194580078e-01 1.000000000000000000e+00
3.996975305106426068e-03 -3.087355698516988101e-01 4.045982062816619873e-01 1.000000000000000000e+00
5.103598764676606225e-02 -3.397863016512964185e-01 3.931986093521118164e-01 1.000000000000000000e+00
9.432615371721511655e-02 -3.658678673278988880e-01 3.795789778232574463e-01 1.000000000000000000e+00
1.361944853164370195e-01 -3.964698194845524548e-01 3.634872436523437500e-01 1.000000000000000000e+00
1.788784321913296504e-01 -4.206487289054033907e-01 3.461270630359649658e-01 1.000000000000000000e+00
2.181724237467940752e-01 -4.348936682790851549e-01 3.269554376602172852e-01 1.000000000000000000e+00
2.517678031353732249e-01 -4.478615792163110898e-01 2.983647286891937256e-01 1.000000000000000000e+00
2.714522358512951872e-01 -4.764961059477639815e-01 2.515970468521118164e-01 1.000000000000000000e+00
-5.066851138194199411e-01 1.257320148623654044e-01 2.001132667064666748e-01 1.000000000000000000e+00
-5.140666917941936198e-01 1.304788668961776033e-01 2.651764750480651855e-01 1.000000000000000000e+00
-4.974914742397688050e-01 1.132669790481471983e-01 3.044453561305999756e-01 1.000000000000000000e+00
-4.737694155833516718e-01 8.033549681731169678e-02 3.380844891071319580e-01 1.000000000000000000e+00
-4.315225947477898671e-01 3.862267655238282860e-02 3.621174097061157227e-01 1.000000000000000000e+00
-3.830668687769970826e-01 8.026256169596346357e-03 3.787179589271545410e-01 1.000000000000000000e+00
-3.253897706002331081e-01 -1.980092660520613168e-02 3.908218145370483398e-01 1.000000000000000000e+00
-2.617438146639320395e-01 -4.732840314024762407e-02 4.017252624034881592e-01 1.000000000000000000e+00
-1.995865486373084585e-01 -8.146669715791984845e-02 4.119799137115478516e-01 1.000000000000000000e+00
-1.423500127851178576e-01 -1.124914967918820563e-01 4.242322742938995361e-01 1.000000000000000000e+00
-9.253919056062595572e-02 -1.460664046658860793e-01 4.309581816196441650e-01 1.000000000000000000e+00
-5.188637407245823285e-02 -1.826924480270502305e-01 4.316458106040954590e-01 1.000000000000000000e+00
-6.946527667732127487e-03 -2.179508893743086206e-01 4.249367415904998779e-01 1.000000000000000000e+00
4.416199470532117255e-02 -2.477342865126078708e-01 4.127100706100463867e-01 1.000000000000000000e+00
9.626260120876029003e-02 -2.753634844665303616e-01 3.995543420314788818e-01 1.000000000000000000e+00
1.374381861324329157e-01 -3.011071483219089351e-01 3.851394653320312500e-01 1.000000000000000000e+00
1.758258518575189777e-01 -3.368410798773551207e-01 3.706695139408111572e-01 1.000000000000000000e+00
2.102016907817547131e-01 -3.632482036169240036e-01 3.581851720809936523e-01 1.000000000000000000e+00
2.454327524825492268e-01 -3.845578978367669709e-01 3.400253057479858398e-01 1.000000000000000000e+00
2.761413730444278181e-01 -4.046889975848513288e-01 3.042288124561309814e-01 1.000000000000000000e+00
2.931748638194237033e-01 -4.303969209126926598e-01 2.552750706672668457e-01 1.000000000000000000e+00
-4.397751478837533812e-01 1.630252217620327959e-01 1.839934736490249634e-01 0.000000000000000000e+00
-4.643957562769984726e-01 1.738325377306204900e-01 2.494236230850219727e-01 1.000000000000000000e+00
-4.570474110922755351e-01 1.624080865327119927e-01 2.924698591232299805e-01 1.000000000000000000e+00
-4.364214177806202133e-01 1.344036551864969675e-01 3.380975723266601562e-01 1.000000000000000000e+00
-3.990496807654649314e-01 9.752739652243577750e-02 3.695641756057739258e-01 1.000000000000000000e+00
-3.548312092831391595e-01 6.375645443638450205e-02 3.923511803150177002e-01 1.000000000000000000e+00
-3.046141875865004400e-01 2.893605582241193241e-02 4.055564105510711670e-01 1.000000000000000000e+00
-2.414066220949854236e-01 -2.394183339797739674e-03 4.177147746086120605e-01 1.000000000000000000e+00
-1.791100027821166951e-01 -2.988926475340254740e-02 4.264874458312988281e-01 1.000000000000000000e+00
-1.224433278831967703e-01 -6.073142760478786317e-02 4.335251748561859131e-01 1.000000000000000000e+00
-6.641878788020967594e-02 -9.234248990153662295e-02 4.370433092117309570e-01 1.000000000000000000e+00
-1.888950100615800765e-02 -1.264110848855729829e-01 4.385588765144348145e-01 1.000000000000000000e+00
2.824388866602968451e-02 -1.629902714879051251e-01 4.341434836387634277e-01 1.000000000000000000e+00
7.994785117813277275e-02 -1.904897414421111157e-01 4.222582280635833740e-01 1.000000000000000000e+00
1.348410446436309473e-01 -2.198007883124366291e-01 4.082811176776885986e-01 1.000000000000000000e+00
1.749140390343002227e-01 -2.479434797610136076e-01 3.913671076297760010e-01 1.000000000000000000e+00
2.143392205582888566e-01 -2.820180609146275552e-01 3.772772848606109619e-01 1.000000000000000000e+00
2.440741435524445002e-01 -3.124351201152198443e-01 3.677148520946502686e-01 1.000000000000000000e+00
2.756963945203838584e-01 -3.396045196594908444e-01 3.461058735847473145e-01 0.000000000000000000e+00
2.995469404786645362e-01 -3.663516446601751131e-01 3.046325147151947021e-01 0.000000000000000000e+00
3.173903909490965458e-01 -3.931820412968047851e-01 2.527005672454833984e-01 0.000000000000000000e+00
-3.852565977546684728e-01 2.105142676153796411e-01 1.698222607374191284e-01 0.000000000000000000e+00
-4.124781197796572596e-01 2.181481050152031809e-01 2.330789566040039062e-01 0.000000000000000000e+00
-4.104859225442443194e-01 2.115898867995140709e-01 2.836631536483764648e-01 1.000000000000000000e+00
-3.904881385463559451e-01 1.876505927491596837e-01 3.315742611885070801e-01 1.000000000000000000e+00
-3.599297346209263115e-01 1.516435285419386325e-01 3.699177205562591553e-01 1.000000000000000000e+00
-3.242863766429300298e-01 1.168388507024606116e-01 3.964723646640777588e-01 1.000000000000000000e+00
-2.803585814380717967e-01 8.151670439367800225e-02 4.167541265487670898e-01 1.000000000000000000e+00
-2.210038121512634401e-01 4.880859519159412574e-02 4.331470429897308350e-01 1.000000000000000000e+00
-1.632746362748081492e-01 1.704873739744471040e-02 4.397265911102294922e-01 1.000000000000000000e+00
-1.077044695918158573e-01 -1.457831040869080053e-02 4.436053037643432617e-01 1.000000000000000000e+00
-4.946875840197746677e-02 -4.266349379956368981e-02 4.442950189113616943e-01 1.000000000000000000e+00
7.893804429794822053e-03 -7.203765162426720159e-02 4.456731081008911133e-01 1.000000000000000000e+00
6.074994851053037298e-02 -1.015151653753205846e-01 4.447745680809020996e-01 1.000000000000000000e+00
1.140739990008997895e-01 -1.326017694113569567e-01 4.317121803760528564e-01 1.000000000000000000e+00
1.691195138110943574e-01 -1.665988267054911709e-01 4.161395132541656494e-01 1.000000000000000000e+00
2.124635066754478885e-01 -1.996265881433938183e-01 3.966081738471984863e-01 1.000000000000000000e+00
2.471069833560838591e-01 -2.300987280066338070e-01 3.815487325191497803e-01 1.000000000000000000e+00
2.719051616904614721e-01 -2.619930342475329521e-01 3.700202703475952148e-01 0.000000000000000000e+00
3.025575478197143342e-01 -3.003630246380248336e-01 3.438036441802978516e-01 0.000000000000000000e+00
3.256274314106299972e-01 -3.345674207192303462e-01 2.999241948127746582e-01 0.000000000000000000e+00
3.469338118345088318e-01 -3.598469634788069582e-01 2.526710033416748047e-01 0.000000000000000000e+00
-3.589023050897080513e-01 2.741017606044400257e-01 1.669984608888626099e-01 0.000000000000000000e+00
-3.735945068197873975e-01 2.732952595847598642e-01 2.296388894319534302e-01 1.000000000000000000e+00
-3.686956521768206541e-01 2.624731711457690686e-01 2.801618874073028564e-01 1.000000000000000000e+00
-3.471652138379018315e-01 2.406531312740197714e-01 3.246019184589385986e-01 1.000000000000000000e+00
-3.213978845270843987e-01 2.047335744610194741e-01 3.683776259422302246e-01 1.000000000000000000e+00
-2.925267559248034832e-01 1.670724045004277625e-01 4.065226316452026367e-01 1.000000000000000000e+00
-2.510782122051061216e-01 1.311425796614590078e-01 4.290612637996673584e-01 1.000000000000000000e+00
-1.993262971161097741e-01 9.855810297112577167e-02 4.449428021907806396e-01 1.000000000000000000e+00
-1.454471252156473160e-01 6.739060332772878192e-02 4.520637392997741699e-01 1.000000000000000000e+00
-8.829493179277209114e-02 3.700261228171881911e-02 4.520064890384674072e-01 1.000000000000000000e+00
-3.123651905910062448e-02 7.038374870260497365e-03 4.494604468345642090e-01 1.000000000000000000e+00
2.243340690939540222e-02 -1.986950874735643816e-02 4.489505887031555176e-01 1.000000000000000000e+00
7.689084542522847676e-02 -4.866710295278699194e-02 4.476852416992187500e-01 1.000000000000000000e+00
1.402089779054557506e-01 -8.384617651594332421e-02 4.393690228462219238e-01 1.000000000000000000e+00
1.965456587856035664e-01 -1.194821377220259273e-01 4.214905500411987305e-01 1.000000000000000000e+00
2.434968423633225854e-01 -1.526237272610443674e-01 3.994472920894622803e-01 1.000000000000000000e+00
2.783887114956574704e-01 -1.847692023772881109e-01 3.797464370727539062e-01 1.000000000000000000e+00
3.025182880303264876e-01 -2.179662519005908239e-01 3.648185729980468750e-01 0.000000000000000000e+00
3.315483840084783584e-01 -2.629123044287601241e-01 3.398410677909851074e-01 0.000000000000000000e+00
3.556870853358499174e-01 -3.028299007547917143e-01 2.992217540740966797e-01 0.000000000000000000e+00
3.768386972636407206e-01 -3.285748342839816538e-01 2.506422996520996094e-01 0.000000000000000000e+00
-3.364334671686941558e-01 3.419966404378895208e-01 1.762893944978713989e-01 0.000000000000000000e+00
-3.465503360991544768e-01 3.378881419374453188e-01 2.347554862499237061e-01 1.000000000000000000e+00
-3.346844651517231761e-01 3.258500905771349876e-01 2.846279740333557129e-01 1.000000000000000000e+00
-3.148219751717328263e-01 2.987957203191622946e-01 3.273746371269226074e-01 1.000000000000000000e+00
-2.897137066677923922e-01 2.623616242428288836e-01 3.763614594936370850e-01 1.000000000000000000e+00
-2.606456047689957867e-01 2.179279825621429356e-01 4.202720522880554199e-01 1.000000000000000000e+00
-2.206338313099666104e-01 1.807837542352494775e-01 4.455318450927734375e-01 1.000000000000000000e+00
-1.739939733313073944e-01 1.456240813932983269e-01 4.570784568786621094e-01 1.000000000000000000e+00
-1.215842170598628591e-01 1.139452904280815748e-01 4.623357951641082764e-01 1.000000000000000000e+00
-6.854585898212454953e-02 8.636530418815158150e-02 4.585257768630981445e-01 1.000000000000000000e+00
-1.540216012488931224e-02 5.718923260018221599e-02 4.539974331855773926e-01 1.000000000000000000e+00
3.775568821964443017e-02 3.316741633753250706e-02 4.519836902618408203e-01 1.000000000000000000e+00
9.346462998680390988e-02 1.726366525142609964e-03 4.489113688468933105e-01 1.000000000000000000e+00
1.581875327329674841e-01 -3.755865828830107223e-02 4.375428557395935059e-01 1.000000000000000000e+00
2.187348207566112701e-01 -7.755366783833501920e-02 4.223254621028900146e-01 1.000000000000000000e+00
2.716400632816839966e-01 -1.085505148921113994e-01 4.006419479846954346e-01 1.000000000000000000e+00
3.102351125748679106e-01 -1.388790499057626637e-01 3.782195448875427246e-01 1.000000000000000000e+00
3.355178163480828646e-01 -1.766561236997593043e-01 3.583395183086395264e-01 0.000000000000000000e+00
3.625814246684134767e-01 -2.221214254015828060e-01 3.351383209228515625e-01 0.000000000000000000e+00
3.902151744819751800e-01 -2.688194592020772267e-01 3.012034296989440918e-01 0.000000000000000000e+00
4.079523806498453475e-01 -2.980127688510876283e-01 2.483666539192199707e-01 0.000000000000000000e+00
-3.175588334633484000e-01 4.186120772815235536e-01 1.992506682872772217e-01 0.000000000000000000e+00
-3.246465846837283675e-01 4.082339215978980640e-01 2.542362511157989502e-01 1.000000000000000000e+00
-3.107012988662469777e-01 3.915160264245517441e-01 3.023825883865356445e-01 1.000000000000000000e+00
-2.920095772150823610e-01 3.579682887798580904e-01 3.467862010002136230e-01 1.000000000000000000e+00
-2.628257295335627575e-01 3.201186697228620148e-01 3.929323256015777588e-01 1.000000000000000000e+00
-2.250196955862830417e-01 2.743703466649318190e-01 4.327083230018615723e-01 1.000000000000000000e+00
-1.870089543957858813e-01 2.345598402126103377e-01 4.563879370689392090e-01 1.000000000000000000e+00
-1.451368559219783361e-01 1.992882437802604989e-01 4.676009118556976318e-01 1.000000000000000000e+00
-9.513660073558716235e-02 1.665906923637285597e-01 4.696155190467834473e-01 1.000000000000000000e+00
-4.578679786226463183e-02 1.348879751594478094e-01 4.645071625709533691e-01 1.000000000000000000e+00
1.834768219512609988e-03 1.087853465953019932e-01 4.580061435699462891e-01 1.000000000000000000e+00
5.757436391642968554e-02 8.139608143032886489e-02 4.527532458305358887e-01 1.000000000000000000e+00
1.145986087268489606e-01 4.785441688308782193e-02 4.467164278030395508e-01 1.000000000000000000e+00
1.747167575389548255e-01 9.279587540476960661e-03 4.364913105964660645e-01 1.000000000000000000e+00
2.406363357548881865e-01 -3.499290566492763155e-02 4.244802892208099365e-01 1.000000000000000000e+00
2.967548013268708207e-01 -6.850120966448326743e-02 4.013105034828186035e-01 1.000000000000000000e+00
3.384986311355915878e-01 -9.976549954548551147e-02 3.754206895828247070e-01 1.000000000000000000e+00
3.672444150104011151e-01 -1.367269053802508683e-01 3.521832227706909180e-01 0.000000000000000000e+00
3.988196327295803201e-01 -1.825534898675097439e-01 3.294784426689147949e-01 0.000000000000000000e+00
4.253892905220754139e-01 -2.293236896093669430e-01 2.947268187999725342e-01 0.000000000000000000e+00
4.387146594182343429e-01 -2.664821530343449707e-01 2.391531467437744141e-01 0.000000000000000000e+00
-2.912534469477288113e-01 4.978226325652310158e-01 2.199642360210418701e-01 1.000000000000000000e+00
-3.037870767578983999e-01 4.804472570918268404e-01 2.833805084228515625e-01 1.000000000000000000e+00
-2.900034557145926284e-01 4.465090973843086064e-01 3.299517929553985596e-01 1.000000000000000000e+00
-2.688918042675462750e-01 4.086730285391088069e-01 3.692761063575744629e-01 1.000000000000000000e+00
-2.341558047177167423e-01 3.675339111761102839e-01 4.088726639747619629e-01 1.000000000000000000e+00
-1.911840159409190221e-01 3.285955758018050954e-01 4.416627585887908936e-01 1.000000000000000000e+00
-1.546646357166238106e-01 2.903089360725995549e-01 4.608540236949920654e-01 1.000000000000000000e+00
-1.166481994332216332e-01 2.577199602061878148e-01 4.698368608951568604e-01 1.000000000000000000e+00
-6.926911470763967571e-02 2.220871389403192564e-01 4.716800749301910400e-01 1.000000000000000000e+00
-2.357250056447622588e-02 1.851149645857593784e-01 4.660410881042480469e-01 1.000000000000000000e+00
2.303073970536112514e-02 1.534832964313558867e-01 4.580633044242858887e-01 1.000000000000000000e+00
7.686646874172096966e-02 1.259411527930325847e-01 4.495030939579010010e-01 1.000000000000000000e+00
1.342395142849713285e-01 8.641847770590416200e-02 4.432502985000610352e-01 1.000000000000000000e+00
1.901978850528853182e-01 4.843761336264519601e-02 4.320101141929626465e-01 1.000000000000000000e+00
2.560418307491658663e-01 3.344521016733492669e-03 4.197325408458709717e-01 1.000000000000000000e+00
3.149249820694933755e-01 -3.242260118191500617e-02 3.979915082454681396e-01 1.000000000000000000e+00
3.593149174682735980e-01 -6.417105298518616108e-02 3.696569800376892090e-01 0.000000000000000000e+00
3.964019525217378215e-01 -9.966122824226955612e-02 3.445254266262054443e-01 0.000000000000000000e+00
4.350305085594879384e-01 -1.390512092452174941e-01 3.210879862308502197e-01 1.000000000000000000e+00
4.676595450054092939e-01 -1.815901920346568721e-01 2.842567861080169678e-01 1.000000000000000000e+00
4.734381729641924386e-01 -2.272371255801380885e-01 2.295276224613189697e-01 0.000000000000000000e+00
-2.632204400382233689e-01 5.753089813497820337e-01 2.444748431444168091e-01 1.000000000000000000e+00
-2.751477452857152839e-01 5.455359417995043758e-01 2.987881898880004883e-01 1.000000000000000000e+00
-2.615907267734283170e-01 4.997811333952594803e-01 3.452607989311218262e-01 1.000000000000000000e+00
-2.389143419652786648e-01 4.556475562025468218e-01 3.807972371578216553e-01 1.000000000000000000e+00
-2.065114865818909462e-01 4.113084182929344079e-01 4.153670966625213623e-01 1.000000000000000000e+00
-1.632758690701270887e-01 3.704197691139239357e-01 4.432888925075531006e-01 1.000000000000000000e+00
-1.258529868543039054e-01 3.336209131371530301e-01 4.586630463600158691e-01 1.000000000000000000e+00
-8.491517337650547614e-02 3.020109769515129106e-01 4.661266803741455078e-01 1.000000000000000000e+00
-4.178736750323251703e-02 2.684771214250475380e-01 4.651431441307067871e-01 1.000000000000000000e+00
2.458583724322352393e-03 2.316407547531019184e-01 4.603846073150634766e-01 1.000000000000000000e+00
4.946813015051683415e-02 1.954974034428648422e-01 4.527471959590911865e-01 1.000000000000000000e+00
9.956910576813690628e-02 1.620114109312396078e-01 4.455751478672027588e-01 1.000000000000000000e+00
1.527809652990373412e-01 1.201561040252966117e-01 4.342646896839141846e-01 1.000000000000000000e+00
2.083238063362154446e-01 8.130843047340538532e-02 4.208239018917083740e-01 0.000000000000000000e+00
2.726481105309432884e-01 3.634659921882482658e-02 4.088463187217712402e-01 1.000000000000000000e+00
3.312848081546033163e-01 -3.723400111422137115e-03 3.908610343933105469e-01 0.000000000000000000e+00
3.771992161374467800e-01 -3.611996507766954134e-02 3.606165647506713867e-01 0.000000000000000000e+00
4.211368315580080735e-01 -6.630285111957928690e-02 3.361889123916625977e-01 0.000000000000000000e+00
4.661268011023257385e-01 -1.006398675279803756e-01 3.130022287368774414e-01 1.000000000000000000e+00
5.046567124411360794e-01 -1.414289342406717387e-01 2.761395573616027832e-01 1.000000000000000000e+00
5.066807832307353987e-01 -1.876349773417863298e-01 2.217144519090652466e-01 0.000000000000000000e+00
-2.312346804044116411e-01 6.419708077148407188e-01 2.595299482345581055e-01 1.000000000000000000e+00
-2.358919914585624056e-01 6.088547644343760279e-01 2.974365055561065674e-01 1.000000000000000000e+00
-2.195765143947980835e-01 5.561857971420554048e-01 3.407578766345977783e-01 1.000000000000000000e+00
-2.024714055874700658e-01 5.050437785611480157e-01 3.753828704357147217e-01 1.000000000000000000e+00
-1.725752972395405704e-01 4.541839120575968947e-01 4.028358161449432373e-01 1.000000000000000000e+00
-1.288219794508052851e-01 4.102762946564632585e-01 4.266034364700317383e-01 1.000000000000000000e+00
-8.838458604208887515e-02 3.735335361350602956e-01 4.427083730697631836e-01 1.000000000000000000e+00
-5.378478403322234369e-02 3.401739894373238537e-01 4.509504437446594238e-01 1.000000000000000000e+00
-1.414931871112268258e-02 3.047420821983067296e-01 4.531079530715942383e-01 1.000000000000000000e+00
3.075106770668509237e-02 2.652153768187894278e-01 4.478482007980346680e-01 1.000000000000000000e+00
7.913426948790268367e-02 2.263167332390693953e-01 4.410901069641113281e-01 1.000000000000000000e+00
1.265366034687944730e-01 1.877500224331529466e-01 4.317649602890014648e-01 1.000000000000000000e+00
1.748213014795970688e-01 1.466114490279180060e-01 4.199521541595458984e-01 1.000000000000000000e+00
2.301427820000398194e-01 1.098784988684169406e-01 4.096014499664306641e-01 0.000000000000000000e+00
2.941500417952005453e-01 7.107768866080280135e-02 3.985108733177185059e-01 1.000000000000000000e+00
3.551934403726660916e-01 3.343750783076951394e-02 3.814149498939514160e-01 1.000000000000000000e+00
4.026605171812266404e-01 -6.067354944506997416e-03 3.536289036273956299e-01 0.000000000000000000e+00
4.497497580295991559e-01 -3.957013770690773202e-02 3.267723619937896729e-01 0.000000000000000000e+00
4.968463745764610806e-01 -7.019458574395398553e-02 3.022814393043518066e-01 1.000000000000000000e+00
5.413685562491563630e-01 -1.082629890915700610e-01 2.671057283878326416e-01 1.000000000000000000e+00
5.505594141368057581e-01 -1.445890838685943147e-01 2.142344266176223755e-01 0.000000000000000000e+00
-1.921834336229457096e-01 7.048523884065482914e-01 2.385052144527435303e-01 1.000000000000000000e+00
-1.943122709412309912e-01 6.681588363307817691e-01 2.712495625019073486e-01 1.000000000000000000e+00
-1.811539405424328342e-01 6.098129308884226996e-01 3.079370260238647461e-01 1.000000000000000000e+00
-1.608325425049657031e-01 5.555209200700839123e-01 3.401444852352142334e-01 1.000000000000000000e+00
-1.316064004609654170e-01 5.019751192046304489e-01 3.715051412582397461e-01 1.000000000000000000e+00
-9.327453716330771916e-02 4.555333593165065698e-01 3.970727026462554932e-01 1.000000000000000000e+00
-5.637433908929231907e-02 4.134044232162296661e-01 4.121825098991394043e-01 1.000000000000000000e+00
-2.283725932891583765e-02 3.734607485276819627e-01 4.218923449516296387e-01 1.000000000000000000e+00
1.245382475251427534e-02 3.361068290927347046e-01 4.282276034355163574e-01 1.000000000000000000e+00
5.800269311822277285e-02 2.933455532875367533e-01 4.256213009357452393e-01 1.000000000000000000e+00
1.094773188225098837e-01 2.498680602805249396e-01 4.182352423667907715e-01 1.000000000000000000e+00
1.552753962351072770e-01 2.088249903169266675e-01 4.088957905769348145e-01 1.000000000000000000e+00
2.042831813840309263e-01 1.725705043526114535e-01 3.986678719520568848e-01 1.000000000000000000e+00
2.634550715438834789e-01 1.340785554705082316e-01 3.881382942199707031e-01 1.000000000000000000e+00
3.297243843087602211e-01 1.036940810521709139e-01 3.826537430286407471e-01 1.000000000000000000e+00
3.893882743876156960e-01 6.651983363242555680e-02 3.667741417884826660e-01 1.000000000000000000e+00
4.369422790712299554e-01 2.419406121289066625e-02 3.404144048690795898e-01 1.000000000000000000e+00
4.805784918413776863e-01 -1.246794394676539741e-02 3.126965165138244629e-01 1.000000000000000000e+00
5.312347047729242266e-01 -4.087896594056500410e-02 2.865132689476013184e-01 1.000000000000000000e+00
5.768277535725843119e-01 -7.530149830459470506e-02 2.517420053482055664e-01 1.000000000000000000e+00
5.901924981619645072e-01 -1.056483039770754750e-01 2.050865292549133301e-01 0.000000000000000000e+00
-1.529523883857323296e-01 7.494134926938433860e-01 1.934671700000762939e-01 1.000000000000000000e+00
-1.529876652979359486e-01 7.097910296745093550e-01 2.262457609176635742e-01 1.000000000000000000e+00
-1.471616642814266296e-01 6.565102903393409406e-01 2.549094557762145996e-01 1.000000000000000000e+00
-1.252476211324297928e-01 6.006839656478115685e-01 2.871151566505432129e-01 1.000000000000000000e+00
-9.558171887106681197e-02 5.498480385542146021e-01 3.251764178276062012e-01 1.000000000000000000e+00
-6.579371718956775195e-02 5.078188218975144830e-01 3.566305637359619141e-01 1.000000000000000000e+00
-3.198109187033920664e-02 4.580540358853976146e-01 3.688204288482666016e-01 1.000000000000000000e+00
2.067829755065725417e-03 4.133248499662410813e-01 3.802562952041625977e-01 0.000000000000000000e+00
3.936232213361265386e-02 3.667519817691119455e-01 3.848899304866790771e-01 0.000000000000000000e+00
8.530588519891352250e-02 3.174606102328937363e-01 3.878104686737060547e-01 1.000000000000000000e+00
1.359897148529468358e-01 2.741877981273190268e-01 3.880742788314819336e-01 1.000000000000000000e+00
1.868902214551745877e-01 2.344104349029953460e-01 3.814651072025299072e-01 1.000000000000000000e+00
2.392287877482172087e-01 1.964147783329980579e-01 3.696116209030151367e-01 1.000000000000000000e+00
3.047875586478499543e-01 1.620423151079102841e-01 3.581274747848510742e-01 1.000000000000000000e+00
3.673510149269972325e-01 1.335941195937240256e-01 3.544788360595703125e-01 1.000000000000000000e+00
4.264583453345541786e-01 9.866002985589336638e-02 3.410838842391967773e-01 1.000000000000000000e+00
4.759637069573743329e-01 5.433283004112163250e-02 3.155302405357360840e-01 1.000000000000000000e+00
5.180209723417585899e-01 1.138533892249038448e-02 2.940382361412048340e-01 1.000000000000000000e+00
5.670862049622915624e-01 -1.600107211058515722e-02 2.678519487380981445e-01 1.000000000000000000e+00
6.184206871269238848e-01 -4.875654910203919279e-02 2.333526611328125000e-01 1.000000000000000000e+00
6.244716680207844650e-01 -6.955513375834670997e-02 1.852410137653350830e-01 0.000000000000000000e+00
-1.202029383936153994e-01 7.813550718937035677e-01 1.480298936367034912e-01 1.000000000000000000e+00
-1.212275282809152088e-01 7.438077089608033932e-01 1.840573698282241821e-01 1.000000000000000000e+00
-1.154085657881070981e-01 6.945080344954285279e-01 2.133163213729858398e-01 1.000000000000000000e+00
-9.693046017026391015e-02 6.459994563766031650e-01 2.501041591167449951e-01 1.000000000000000000e+00
-6.722803766466628472e-02 6.007115507601619164e-01 2.824919223785400391e-01 1.000000000000000000e+00
-3.631427258601699348e-02 5.566653334477003057e-01 3.054169118404388428e-01 1.000000000000000000e+00
-6.425244908637300911e-03 5.030628872178481981e-01 3.171280026435852051e-01 0.000000000000000000e+00
3.074311248902864002e-02 4.534945055197920905e-01 3.254675865173339844e-01 0.000000000000000000e+00
7.228435293366963776e-02 4.018070856457295337e-01 3.344585001468658447e-01 0.000000000000000000e+00
1.165215060065978442e-01 3.542166450115775689e-01 3.430104255676269531e-01 1.000000000000000000e+00
1.666136044442502739e-01 3.094943079553040821e-01 3.466028869152069092e-01 1.000000000000000000e+00
2.200971965613016113e-01 2.677153171382131713e-01 3.425661325454711914e-01 1.000000000000000000e+00
2.810250232117942337e-01 2.256314307506383232e-01 3.314770460128784180e-01 1.000000000000000000e+00
3.453960682615205835e-01 1.942913766410817034e-01 3.236770033836364746e-01 0.000000000000000000e+00
4.080749858321635060e-01 1.695796889082045178e-01 3.170814216136932373e-01 1.000000000000000000e+00
4.680762508966365143e-01 1.345193272122352235e-01 3.009255528450012207e-01 1.000000000000000000e+00
5.170846801020889671e-01 8.520170872610682844e-02 2.813737690448760986e-01 1.000000000000000000e+00
5.579162308380792856e-01 4.426942702217545600e-02 2.656138539314270020e-01 1.000000000000000000e+00
6.059678528253495955e-01 5.705903571677661823e-03 2.410857379436492920e-01 1.000000000000000000e+00
6.492511068126428642e-01 -2.545060628097012279e-02 2.043576538562774658e-01 1.000000000000000000e+00
6.514835410845678521e-01 -5.398301119848109009e-02 1.606892049312591553e-01 0.000000000000000000e+00
-1.405883574939705838e-01 8.260940358817145945e-01 1.140920370817184448e-01 1.000000000000000000e+00
-1.331078397923175505e-01 7.963272762118649428e-01 1.587096750736236572e-01 0.000000000000000000e+00
-1.125645807442890445e-01 7.531324463127475610e-01 1.917300522327423096e-01 0.000000000000000000e+00
-8.436370293716471958e-02 7.073724327727117789e-01 2.291307598352432251e-01 1.000000000000000000e+00
-4.866216123479916167e-02 6.575579345527762243e-01 2.576257288455963135e-01 0.000000000000000000e+00
-1.188928879013517736e-02 6.055820195006565987e-01 2.714077830314636230e-01 1.000000000000000000e+00
2.739458752168660860e-02 5.455092944545334444e-01 2.768274545669555664e-01 1.000000000000000000e+00
6.465533081128846393e-02 4.875148305084823219e-01 2.796144187450408936e-01 1.000000000000000000e+00
1.033607310905860777e-01 4.343911619410019131e-01 2.951378822326660156e-01 1.000000000000000000e+00
1.447381994186258125e-01 3.909635866076952015e-01 3.032355010509490967e-01 1.000000000000000000e+00
1.976386372029683147e-01 3.395307863821991345e-01 3.046457767486572266e-01 1.000000000000000000e+00
2.496091350679652821e-01 2.930231944337902128e-01 2.970594167709350586e-01 1.000000000000000000e+00
3.135476283285134613e-01 2.529407446610753007e-01 2.918244302272796631e-01 1.000000000000000000e+00
3.760749700268429252e-01 2.287092096315024303e-01 2.834852933883666992e-01 1.000000000000000000e+00
4.419696183818821456e-01 2.050507611062003799e-01 2.747117877006530762e-01 1.000000000000000000e+00
5.051041749950641035e-01 1.670279711853852045e-01 2.596114277839660645e-01 1.000000000000000000e+00
5.556621963062924330e-01 1.143226522362239261e-01 2.387868165969848633e-01 1.000000000000000000e+00
6.039936101474022712e-01 6.435299039349562378e-02 2.279661595821380615e-01 1.000000000000000000e+00
6.545316854625726766e-01 2.763714263486688472e-02 2.160389274358749390e-01 1.000000000000000000e+00
6.786255636165530181e-01 -8.593932072189502946e-03 1.784518063068389893e-01 1.000000000000000000e+00
6.669534153899460138e-01 -3.968768526740462654e-02 1.410001814365386963e-01 0.000000000000000000e+00
