-1.033272433121017686e+00 -2.808027460011039422e-01 1.550724208354949951e-01 1.000000000000000000e+00
-9.671261575436562730e-01 -2.994963063085347432e-01 1.862681061029434204e-01 1.000000000000000000e+00
-8.883147750621955829e-01 -3.173597212142707513e-01 1.880302727222442627e-01 1.000000000000000000e+00
-8.068352652623284049e-01 -3.432445875488729370e-01 1.721067726612091064e-01 1.000000000000000000e+00
-7.235482457172229820e-01 -3.573182210567822370e-01 1.392481774091720581e-01 1.000000000000000000e+00
-6.551740877275757935e-01 -3.593740600334465185e-01 1.113969087600708008e-01 1.000000000000000000e+00
-5.754605835638757494e-01 -3.596161409945810017e-01 9.454643726348876953e-02 1.000000000000000000e+00
-4.872763531028955208e-01 -3.687839656295192059e-01 9.435845911502838135e-02 1.000000000000000000e+00
-4.003672768607015042e-01 -3.833261443352349862e-01 9.055167436599731445e-02 1.000000000000000000e+00
-3.026009380002562255e-01 -3.927335540476223352e-01 9.256628155708312988e-02 1.000000000000000000e+00
-2.150842293259916382e-01 -4.158500467846349968e-01 1.047337800264358521e-01 1.000000000000000000e+00
-1.545292389657825227e-01 -4.599355660333331319e-01 1.211824566125869751e-01 0.000000000000000000e+00
-1.287355046543730008e-01 -5.372383969027555439e-01 1.379606574773788452e-01 0.000000000000000000e+00
-1.403986334553986859e-01 -6.247002725271075807e-01 1.531046777963638306e-01 1.000000000000000000e+00
-1.348908411451464895e-01 -7.022566693738836463e-01 1.596270948648452759e-01 1.000000000000000000e+00
-1.257019009391043829e-01 -7.647127354830252077e-01 1.635598391294479370e-01 1.000000000000000000e+00
-9.139400800302427408e-02 -8.206720545550305612e-01 1.607759743928909302e-01 1.000000000000000000e+00
-3.648989850376177513e-02 -8.666149011239068223e-01 1.474947780370712280e-01 1.000000000000000000e+00
2.260305982845295381e-02 -9.002201428750375989e-01 1.289715915918350220e-01 1.000000000000000000e+00
8.800422127099027936e-02 -9.323674408424793558e-01 1.012518852949142456e-01 1.000000000000000000e+00
1.508850011725759721e-01 -9.671159580063166672e-01 6.108355894684791565e-02 1.000000000000000000e+00
-9.861662913863922242e-01 -2.198458011466463691e-01 1.875808089971542358e-01 1.000000000000000000e+00
-9.225911210821652331e-01 -2.444063081339150068e-01 2.183926552534103394e-01 1.000000000000000000e+00
-8.486373736258274736e-01 -2.648415658826343000e-01 2.266968488693237305e-01 1.000000000000000000e+00
-7.672090301000525914e-01 -2.804724411493240144e-01 2.054536491632461548e-01 1.000000000000000000e+00
-6.855630823954159681e-01 -2.902409848160879546e-01 1.692570298910140991e-01 1.000000000000000000e+00
-6.128689461903868985e-01 -2.924132439250515247e-01 1.364652067422866821e-01 1.000000000000000000e+00
-5.486074039214479114e-01 -3.020602255439979733e-01 1.234065443277359009e-01 1.000000000000000000e+00
-4.735066405195983985e-01 -3.166234473809218519e-01 1.287070661783218384e-01 1.000000000000000000e+00
-3.947058685072502571e-01 -3.367441737359164744e-01 1.377660036087036133e-01 1.000000000000000000e+00
-3.165441494025375557e-01 -3.580686759875659764e-01 1.455552875995635986e-01 1.000000000000000000e+00
-2.344340898217220359e-01 -3.793368937572072497e-01 1.593120545148849487e-01 1.000000000000000000e+00
-1.656080438590531445e-01 -4.097897514372535466e-01 1.751860678195953369e-01 1.000000000000000000e+00
-1.247281717612450935e-01 -4.702107569660464725e-01 1.904923319816589355e-01 1.000000000000000000e+00
-1.247133887541299058e-01 -5.553139579704711171e-01 2.089529037475585938e-01 1.000000000000000000e+00
-1.109657189726039328e-01 -6.371392405155217320e-01 2.189766168594360352e-01 1.000000000000000000e+00
-9.390952158297272145e-02 -7.064652850787874749e-01 2.202158719301223755e-01 1.000000000000000000e+00
-5.348517262387042503e-02 -7.601947197632028530e-01 2.175836414098739624e-01 1.000000000000000000e+00
-6.447624885195790689e-04 -7.988953679853307843e-01 2.120341956615447998e-01 1.000000000000000000e+00
5.868687344681228213e-02 -8.323594599407986294e-01 1.881596148014068604e-01 1.000000000000000000e+00
1.168603982787619344e-01 -8.675235871778017582e-01 1.566983461380004883e-01 1.000000000000000000e+00
1.714216431653883266e-01 -9.071194133888769162e-01 9.997983276844024658e-02 1.000000000000000000e+00
-9.440509265713358245e-01 -1.669157235910885828e-01 2.084853798151016235e-01 1.000000000000000000e+00
-8.837048792126194208e-01 -1.922591504362955450e-01 2.431476861238479614e-01 1.000000000000000000e+00
-8.103299344268819482e-01 -2.137603441307038832e-01 2.585750520229339600e-01 1.000000000000000000e+00
-7.374208809045836865e-01 -2.280658063788473244e-01 2.425459772348403931e-01 1.000000000000000000e+00
-6.586018276966940643e-01 -2.410930390053522832e-01 2.000230401754379272e-01 1.000000000000000000e+00
-5.797846394868508835e-01 -2.419257448280941747e-01 1.614552736282348633e-01 1.000000000000000000e+00
-5.160985702874796299e-01 -2.550060930204349763e-01 1.439330875873565674e-01 1.000000000000000000e+00
-4.450274459983324382e-01 -2.699694781105456132e-01 1.524289995431900024e-01 1.000000000000000000e+00
-3.648327670702516956e-01 -2.951192770653374153e-01 1.655145585536956787e-01 1.000000000000000000e+00
-2.942852712757367262e-01 -3.183166430191973761e-01 1.839734315872192383e-01 1.000000000000000000e+00
-2.232004795538708730e-01 -3.481634408714581186e-01 2.001993656158447266e-01 1.000000000000000000e+00
-1.639331070258059353e-01 -3.826960924139346520e-01 2.234652936458587646e-01 1.000000000000000000e+00
-1.247448197664068614e-01 -4.299632561832958944e-01 2.455921769142150879e-01 1.000000000000000000e+00
-1.013191061385819713e-01 -5.003755409365208129e-01 2.657660543918609619e-01 1.000000000000000000e+00
-6.892706142183735452e-02 -5.847866590782602181e-01 2.827582657337188721e-01 1.000000000000000000e+00
-4.145829544677148704e-02 -6.589134193477350632e-01 2.893671393394470215e-01 1.000000000000000000e+00
1.200300098741780008e-03 -7.110115602605362461e-01 2.820814847946166992e-01 1.000000000000000000e+00
5.230723142826382288e-02 -7.483943818968499251e-01 2.696820199489593506e-01 1.000000000000000000e+00
1.100227886042939862e-01 -7.811652424880104473e-01 2.406671196222305298e-01 1.000000000000000000e+00
1.681661362927098224e-01 -8.135083125667854631e-01 2.053954303264617920e-01 1.000000000000000000e+00
2.255112226703291922e-01 -8.483963779460421684e-01 1.506840437650680542e-01 1.000000000000000000e+00
-8.986109340520431754e-01 -1.077304636606349897e-01 2.204319536685943604e-01 1.000000000000000000e+00
-8.395016859628789962e-01 -1.370269698682242687e-01 2.646947503089904785e-01 1.000000000000000000e+00
-7.705582715638192859e-01 -1.625621648741558123e-01 2.825559377670288086e-01 1.000000000000000000e+00
-6.986815208020984436e-01 -1.773115598776644486e-01 2.732025384902954102e-01 1.000000000000000000e+00
-6.278479466878708060e-01 -1.913965941080958688e-01 2.442058026790618896e-01 1.000000000000000000e+00
-5.547752158793806121e-01 -2.026047476794464175e-01 1.975523978471755981e-01 1.000000000000000000e+00
-4.872971736460599557e-01 -2.129908375073040760e-01 1.671168357133865356e-01 1.000000000000000000e+00
-4.167538121939661777e-01 -2.311132974807002249e-01 1.733871102333068848e-01 1.000000000000000000e+00
-3.437706908537662143e-01 -2.570759616292974670e-01 1.965231746435165405e-01 1.000000000000000000e+00
-2.746431434590075882e-01 -2.813970257847305811e-01 2.160672843456268311e-01 1.000000000000000000e+00
-2.120310378628775805e-01 -3.103471178247856899e-01 2.335946112871170044e-01 1.000000000000000000e+00
-1.523180256320827153e-01 -3.490030587773557125e-01 2.582593858242034912e-01 1.000000000000000000e+00
-1.005376298102051147e-01 -3.945093904362045878e-01 2.869133651256561279e-01 1.000000000000000000e+00
-6.322035706003803490e-02 -4.559180546762897634e-01 3.037178814411163330e-01 1.000000000000000000e+00
-3.281960342146333920e-02 -5.376639536321701218e-01 3.264123499393463135e-01 1.000000000000000000e+00
-2.684037753719226149e-03 -6.131416046901161376e-01 3.399463891983032227e-01 1.000000000000000000e+00
3.878515265339244067e-02 -6.609820498929225296e-01 3.327166140079498291e-01 1.000000000000000000e+00
9.114163267414115976e-02 -6.947062511239752158e-01 3.101261258125305176e-01 1.000000000000000000e+00
1.461313002758807822e-01 -7.252708927829845109e-01 2.837587296962738037e-01 1.000000000000000000e+00
2.086446860989971119e-01 -7.570383212047977484e-01 2.434405237436294556e-01 1.000000000000000000e+00
2.774046563399130694e-01 -7.854173115937290728e-01 1.954903155565261841e-01 1.000000000000000000e+00
-8.411327057799777851e-01 -5.152608173796291435e-02 2.143563926219940186e-01 1.000000000000000000e+00
-7.925487269491663378e-01 -7.469138052555113205e-02 2.687410712242126465e-01 1.000000000000000000e+00
-7.322567961439379047e-01 -1.059805475838869748e-01 2.971686124801635742e-01 1.000000000000000000e+00
-6.636597866927893552e-01 -1.280665709482324277e-01 2.991724014282226562e-01 1.000000000000000000e+00
-5.947116939935450652e-01 -1.470296814253147233e-01 2.807899415493011475e-01 1.000000000000000000e+00
-5.267387529282973047e-01 -1.647804378049811391e-01 2.398602664470672607e-01 1.000000000000000000e+00
-4.576808992988185554e-01 -1.726652596876870616e-01 2.028963863849639893e-01 1.000000000000000000e+00
-3.897594722191632388e-01 -1.922263812615783440e-01 2.024117559194564819e-01 1.000000000000000000e+00
-3.252624713126619493e-01 -2.174549948230855567e-01 2.241770476102828979e-01 1.000000000000000000e+00
-2.588125132038004983e-01 -2.424092732305463127e-01 2.415763288736343384e-01 1.000000000000000000e+00
-1.988255240671714941e-01 -2.672809411807477442e-01 2.595210075378417969e-01 1.000000000000000000e+00
-1.382736209636157843e-01 -3.068786113164452267e-01 2.878098487854003906e-01 1.000000000000000000e+00
-8.279623003090810784e-02 -3.586279870578188422e-01 3.162630796432495117e-01 1.000000000000000000e+00
-4.050354288745425246e-02 -4.161295752206712883e-01 3.379442989826202393e-01 1.000000000000000000e+00
-7.377637244437906805e-03 -4.897685489389054236e-01 3.607670962810516357e-01 1.000000000000000000e+00
2.592895193814465093e-02 -5.505928998079476777e-01 3.714033067226409912e-01 1.000000000000000000e+00
7.044396864659302482e-02 -5.915491209218330937e-01 3.591854274272918701e-01 1.000000000000000000e+00
1.235058183240200780e-01 -6.280346150799256399e-01 3.383002579212188721e-01 1.000000000000000000e+00
1.790181068472948001e-01 -6.612729685147690217e-01 3.096651136875152588e-01 1.000000000000000000e+00
2.430249241005461025e-01 -6.910439007226211183e-01 2.713631391525268555e-01 1.000000000000000000e+00
3.093245509862143638e-01 -7.129747393907494013e-01 2.196731567382812500e-01 1.000000000000000000e+00
-7.677006730879322172e-01 -7.492403112933199161e-03 1.923652589321136475e-01 1.000000000000000000e+00
-7.429810406741107487e-01 -2.045357055439733784e-02 2.576041221618652344e-01 1.000000000000000000e+00
-6.916278242353153249e-01 -5.021782248676048832e-02 3.023435473442077637e-01 1.000000000000000000e+00
-6.276298578202512690e-01 -7.791748997139325006e-02 3.131484687328338623e-01 1.000000000000000000e+00
-5.623711948725292897e-01 -9.856843421736705135e-02 3.062618374824523926e-01 1.000000000000000000e+00
-4.949240778893034820e-01 -1.194813843471088655e-01 2.768834233283996582e-01 1.000000000000000000e+00
-4.286529001263800764e-01 -1.383000154274957594e-01 2.482902705669403076e-01 1.000000000000000000e+00
-3.678517721708673416e-01 -1.532744535286283682e-01 2.375493943691253662e-01 1.000000000000000000e+00
-3.060310803397396362e-01 -1.761651972083044804e-01 2.528769075870513916e-01 1.000000000000000000e+00
-2.429752026731043790e-01 -2.028835793753933081e-01 2.730194628238677979e-01 1.000000000000000000e+00
-1.829855477483070814e-01 -2.293409908906807182e-01 2.967758774757385254e-01 1.000000000000000000e+00
-1.258406062175537188e-01 -2.665926620711406292e-01 3.216004371643066406e-01 1.000000000000000000e+00
-6.955383774275497588e-02 -3.216994030813313254e-01 3.513137400150299072e-01 1.000000000000000000e+00
-2.422376420437866162e-02 -3.754935753250594477e-01 3.736757338047027588e-01 1.000000000000000000e+00
1.340646996940605962e-02 -4.301151007417685079e-01 3.894833922386169434e-01 1.000000000000000000e+00
5.498945686749712181e-02 -4.810446149124839588e-01 3.902029693126678467e-01 1.000000000000000000e+00
1.008514657809294057e-01 -5.216703836606197964e-01 3.768524527549743652e-01 1.000000000000000000e+00
1.546055142248751735e-01 -5.587963202552594932e-01 3.573901653289794922e-01 1.000000000000000000e+00
2.098827497740046177e-01 -5.903264197731078466e-01 3.294248878955841064e-01 1.000000000000000000e+00
2.691832813351355269e-01 -6.181874253938403063e-01 2.863447070121765137e-01 1.000000000000000000e+00
3.267588477538367897e-01 -6.384640845516130758e-01 2.316710054874420166e-01 1.000000000000000000e+00
-6.847683192730460444e-01 2.318965966602748452e-02 1.642411947250366211e-01 1.000000000000000000e+00
-6.769190587937712333e-01 2.372399741144859409e-02 2.443915009498596191e-01 1.000000000000000000e+00
-6.400054790953535466e-01 -8.857160214570392043e-05 3.054251968860626221e-01 1.000000000000000000e+00
-5.891428308998006846e-01 -2.562644293295768261e-02 3.255849480628967285e-01 1.000000000000000000e+00
-5.273498190114325190e-01 -5.273934199262172995e-02 3.245232701301574707e-01 1.000000000000000000e+00
-4.662658857024117309e-01 -7.603618109441243056e-02 3.104299902915954590e-01 1.000000000000000000e+00
-4.075351057761631979e-01 -1.000999137149952978e-01 2.926324903964996338e-01 1.000000000000000000e+00
-3.510916458553130504e-01 -1.150754265607648735e-01 2.859975695610046387e-01 1.000000000000000000e+00
-2.864192929855822189e-01 -1.342625633427507736e-01 2.978370487689971924e-01 1.000000000000000000e+00
-2.263838362902547696e-01 -1.625942333575164656e-01 3.186954557895660400e-01 1.000000000000000000e+00
-1.705260450250449533e-01 -1.955329898709872172e-01 3.520924746990203857e-01 1.000000000000000000e+00
-1.179351218423653480e-01 -2.364962297522388290e-01 3.752854168415069580e-01 1.000000000000000000e+00
-6.388424368106952744e-02 -2.801531471617175750e-01 3.959214389324188232e-01 1.000000000000000000e+00
-1.524013183414521522e-02 -3.255896098824474505e-01 4.090140759944915771e-01 1.000000000000000000e+00
2.859911284199165293e-02 -3.741305462442171548e-01 4.081719219684600830e-01 1.000000000000000000e+00
7.707371006420515869e-02 -4.194956122035695678e-01 3.986148834228515625e-01 1.000000000000000000e+00
1.289816738598131007e-01 -4.559156839160610208e-01 3.802445232868194580e-01 1.000000000000000000e+00
1.794128120835992990e-01 -4.883687256593130521e-01 3.570187985897064209e-01 1.000000000000000000e+00
2.361676423845357753e-01 -5.171550969492385574e-01 3.304747939109802246e-01 1.000000000000000000e+00
2.859649973738394579e-01 -5.345298718300514063e-01 2.942157685756683350e-01 1.000000000000000000e+00
3.427356643531038749e-01 -5.536773958427931852e-01 2.448718249797821045e-01 1.000000000000000000e+00
-6.007849494968436899e-01 3.832994561605040928e-02 1.511185616254806519e-01 0.000000000000000000e+00
-6.014965147402531187e-01 5.543916374110824385e-02 2.287992537021636963e-01 1.000000000000000000e+00
-5.809558055765595697e-01 4.391223248104553223e-02 3.021099865436553955e-01 1.000000000000000000e+00
-5.454084370460468012e-01 2.270280034545391068e-02 3.345287740230560303e-01 1.000000000000000000e+00
-4.963598524306755966e-01 -1.912919013363989507e-03 3.417191207408905029e-01 1.000000000000000000e+00
-4.401290444339871488e-01 -2.554457267972523593e-02 3.400071859359741211e-01 1.000000000000000000e+00
-3.838155970040809661e-01 -4.865877895020612187e-02 3.345543146133422852e-01 1.000000000000000000e+00
-3.297047228039299283e-01 -7.025192653135309273e-02 3.327687382698059082e-01 1.000000000000000000e+00
-2.647529310602158015e-01 -9.155618907609429369e-02 3.415848314762115479e-01 1.000000000000000000e+00
-2.052680017684936631e-01 -1.201620612189158166e-01 3.691517710685729980e-01 1.000000000000000000e+00
-1.541981557143942139e-01 -1.556154883753647911e-01 4.063435792922973633e-01 1.000000000000000000e+00
-1.051508763342377806e-01 -1.949954608188804173e-01 4.281091690063476562e-01 1.000000000000000000e+00
-5.207322158861914241e-02 -2.391992230510758544e-01 4.349537789821624756e-01 1.000000000000000000e+00
-2.214816889247184228e-04 -2.786598948556887057e-01 4.292317032814025879e-01 1.000000000000000000e+00
5.011341420628687149e-02 -3.197497952363386187e-01 4.148556590080261230e-01 1.000000000000000000e+00
1.010245207409151413e-01 -3.613548565463372553e-01 4.007022678852081299e-01 1.000000000000000000e+00
1.528862072968581454e-01 -3.935664811413188691e-01 3.719569742679595947e-01 1.000000000000000000e+00
2.085520473259701302e-01 -4.207924075119770513e-01 3.473370373249053955e-01 1.000000000000000000e+00
2.600203457346245695e-01 -4.407577068263756059e-01 3.278442919254302979e-01 1.000000000000000000e+00
3.062701056543570832e-01 -4.537865199596998189e-01 2.933520078659057617e-01 1.000000000000000000e+00
3.551077821714237470e-01 -4.746468339440075290e-01 2.476738393306732178e-01 1.000000000000000000e+00
-5.167341236895997003e-01 4.708437288736949666e-02 1.411187946796417236e-01 0.000000000000000000e+00
-5.265771829845308227e-01 7.586637144176200387e-02 2.148450613021850586e-01 0.000000000000000000e+00
-5.240013572643633655e-01 8.840735587699682929e-02 2.954584658145904541e-01 1.000000000000000000e+00
-4.984440562363878224e-01 7.372402605852898527e-02 3.407796621322631836e-01 1.000000000000000000e+00
-4.583307510192958789e-01 5.152030761971682082e-02 3.620934784412384033e-01 1.000000000000000000e+00
-4.049658022808027003e-01 2.762140078694799716e-02 3.668948709964752197e-01 1.000000000000000000e+00
-3.539726252954116248e-01 3.489000413428811065e-03 3.677909672260284424e-01 1.000000000000000000e+00
-3.001484550322558453e-01 -1.879895903884451491e-02 3.723845779895782471e-01 1.000000000000000000e+00
-2.389374068281261698e-01 -4.185884855830697415e-02 3.829055726528167725e-01 1.000000000000000000e+00
-1.808970607691149646e-01 -6.870523728976848932e-02 4.093100428581237793e-01 1.000000000000000000e+00
-1.282462390121672791e-01 -1.064022518279297003e-01 4.331152141094207764e-01 1.000000000000000000e+00
-7.936359049065047633e-02 -1.441029621178696873e-01 4.398812949657440186e-01 1.000000000000000000e+00
-2.881047928727374641e-02 -1.850982217501884464e-01 4.423822760581970215e-01 1.000000000000000000e+00
2.472603873479516101e-02 -2.189406765014505762e-01 4.292528331279754639e-01 1.000000000000000000e+00
7.514634521851407123e-02 -2.540557131966506565e-01 4.138211607933044434e-01 1.000000000000000000e+00
1.219170770643337176e-01 -2.958355311456436487e-01 3.946759402751922607e-01 1.000000000000000000e+00
1.785333759425709876e-01 -3.297643605945728140e-01 3.694758117198944092e-01 1.000000000000000000e+00
2.346655181668954038e-01 -3.506534766814816684e-01 3.453101813793182373e-01 1.000000000000000000e+00
2.804690562305529600e-01 -3.679525795299712909e-01 3.208934366703033447e-01 1.000000000000000000e+00
3.256543685151844780e-01 -3.883777299375820724e-01 2.869042158126831055e-01 1.000000000000000000e+00
3.691015500355828149e-01 -4.115291439727639666e-01 2.447417974472045898e-01 1.000000000000000000e+00
-4.420282657215850453e-01 7.471810162750691653e-02 1.367433667182922363e-01 0.000000000000000000e+00
-4.555625038622518885e-01 1.048324885038743604e-01 2.024123668670654297e-01 0.000000000000000000e+00
-4.696591390127359267e-01 1.293078483204388451e-01 2.896471619606018066e-01 1.000000000000000000e+00
-4.482596245903601173e-01 1.244521099034987255e-01 3.406445086002349854e-01 1.000000000000000000e+00
-4.169202606354478480e-01 1.071849464636463189e-01 3.737780749797821045e-01 1.000000000000000000e+00
-3.712485763531785388e-01 8.514278743188849474e-02 3.900995552539825439e-01 1.000000000000000000e+00
-3.187182300456102846e-01 5.697738673449823099e-02 3.956344127655029297e-01 1.000000000000000000e+00
-2.655174643554912839e-01 3.054204041149528870e-02 4.026959836483001709e-01 1.000000000000000000e+00
-2.057660774191272246e-01 4.389699639530869613e-03 4.130028486251831055e-01 1.000000000000000000e+00
-1.495187900046710539e-01 -2.141810118256912143e-02 4.295344054698944092e-01 1.000000000000000000e+00
-9.364589963098221559e-02 -5.434803846798895444e-02 4.405936598777770996e-01 1.000000000000000000e+00
-4.424904902092040293e-02 -9.150578144527522773e-02 4.447888433933258057e-01 1.000000000000000000e+00
2.286392774731110800e-03 -1.280269423739200385e-01 4.465698599815368652e-01 1.000000000000000000e+00
5.309730571373686564e-02 -1.636390063168969289e-01 4.334867894649505615e-01 1.000000000000000000e+00
9.990809287071003575e-02 -2.000996022242315930e-01 4.127426743507385254e-01 1.000000000000000000e+00
1.495301907271932851e-01 -2.469688997436499944e-01 3.966559767723083496e-01 1.000000000000000000e+00
2.015146536870265348e-01 -2.860124415543724985e-01 3.761611580848693848e-01 1.000000000000000000e+00
2.574278614725830638e-01 -3.097956368487326806e-01 3.524617850780487061e-01 1.000000000000000000e+00
3.053818766270581797e-01 -3.278907487858013226e-01 3.259245455265045166e-01 1.000000000000000000e+00
3.406549429307498822e-01 -3.413084192801991157e-01 2.861592471599578857e-01 1.000000000000000000e+00
3.839171445672119876e-01 -3.558962654133654979e-01 2.435030043125152588e-01 0.000000000000000000e+00
-3.728104542652952991e-01 1.157537906242597781e-01 1.413456201553344727e-01 0.000000000000000000e+00
-3.868451019383319367e-01 1.427785606236876004e-01 1.971125155687332153e-01 0.000000000000000000e+00
-4.138643717740291272e-01 1.749988780061745852e-01 2.880089581012725830e-01 0.000000000000000000e+00
-3.948581239974958690e-01 1.779401379763558000e-01 3.397479951381683350e-01 1.000000000000000000e+00
-3.710332481041364594e-01 1.643398767974967312e-01 3.775546848773956299e-01 1.000000000000000000e+00
-3.321839058004619760e-01 1.440022311499286056e-01 4.068021476268768311e-01 1.000000000000000000e+00
-2.829263465734616068e-01 1.148945112135317942e-01 4.206125736236572266e-01 1.000000000000000000e+00
-2.268334746752372066e-01 8.341126845451544980e-02 4.313751459121704102e-01 1.000000000000000000e+00
-1.702647332471884378e-01 5.764744786883658351e-02 4.407651126384735107e-01 1.000000000000000000e+00
-1.125286084090849070e-01 2.884162580832329292e-02 4.470652043819427490e-01 1.000000000000000000e+00
-5.731293360056169406e-02 -5.902724085867411957e-03 4.547369182109832764e-01 1.000000000000000000e+00
-8.707308411772907847e-03 -4.335435440364213133e-02 4.574436545372009277e-01 1.000000000000000000e+00
3.770144654269994011e-02 -7.612142836388176292e-02 4.578507244586944580e-01 1.000000000000000000e+00
8.516588390487252191e-02 -1.117336766993209246e-01 4.459980726242065430e-01 1.000000000000000000e+00
1.334668940631378309e-01 -1.504695754918722594e-01 4.202074706554412842e-01 1.000000000000000000e+00
1.841726084682603903e-01 -1.996413764188650630e-01 4.029388129711151123e-01 1.000000000000000000e+00
2.346084460656555626e-01 -2.413631212789661140e-01 3.896754086017608643e-01 1.000000000000000000e+00
2.869683294444215771e-01 -2.770363719092686638e-01 3.676253557205200195e-01 1.000000000000000000e+00
3.404326130364987990e-01 -2.973536026770893237e-01 3.348074853420257568e-01 1.000000000000000000e+00
3.734983119064173573e-01 -3.114570550803200111e-01 2.920389771461486816e-01 1.000000000000000000e+00
4.135578588182335924e-01 -3.147929570665329857e-01 2.390766441822052002e-01 0.000000000000000000e+00
-3.096459628529584229e-01 1.668548424684145326e-01 1.478683203458786011e-01 0.000000000000000000e+00
-3.278414843882481722e-01 1.853033083150424365e-01 1.969773471355438232e-01 0.000000000000000000e+00
-3.591418098247272095e-01 2.248529731902860207e-01 2.763902544975280762e-01 0.000000000000000000e+00
-3.476918913936061228e-01 2.307658072514399694e-01 3.375727236270904541e-01 1.000000000000000000e+00
-3.262343196874065709e-01 2.204998254051261930e-01 3.807196617126464844e-01 1.000000000000000000e+00
-2.931083771658977710e-01 1.999235179595091338e-01 4.137759804725646973e-01 1.000000000000000000e+00
-2.445819524909060294e-01 1.748628938336322103e-01 4.391585588455200195e-01 1.000000000000000000e+00
-1.906353350961139947e-01 1.444877022586794069e-01 4.521591663360595703e-01 1.000000000000000000e+00
-1.291341348159451563e-01 1.129308315894925474e-01 4.580581486225128174e-01 1.000000000000000000e+00
-7.314154080704030059e-02 7.754142944719867592e-02 4.626952111721038818e-01 1.000000000000000000e+00
-2.247831042521671041e-02 4.084529587696091729e-02 4.670275449752807617e-01 1.000000000000000000e+00
2.768964048595420890e-02 5.362234217652724413e-03 4.688391685485839844e-01 1.000000000000000000e+00
7.480320665136261371e-02 -2.880841409169670672e-02 4.665970504283905029e-01 1.000000000000000000e+00
1.210276468518522303e-01 -6.331843277652290936e-02 4.561972022056579590e-01 1.000000000000000000e+00
1.714394080620355865e-01 -9.862244540373371615e-02 4.323361217975616455e-01 1.000000000000000000e+00
2.227773146581094321e-01 -1.437380863135987452e-01 4.141719341278076172e-01 1.000000000000000000e+00
2.771963244677236315e-01 -1.923263114393976014e-01 4.002804756164550781e-01 1.000000000000000000e+00
3.298361366775868775e-01 -2.358588218887842647e-01 3.815476000308990479e-01 1.000000000000000000e+00
3.800210635490846034e-01 -2.666443551808391210e-01 3.494907319545745850e-01 1.000000000000000000e+00
4.155768614492995061e-01 -2.768974190180843453e-01 2.988308370113372803e-01 1.000000000000000000e+00
4.526060499531824322e-01 -2.731416079801572971e-01 2.343032807111740112e-01 1.000000000000000000e+00
-2.573595414311469209e-01 2.362907322556118128e-01 1.463128328323364258e-01 0.000000000000000000e+00
-2.765094072281590321e-01 2.466218704955454033e-01 1.918732821941375732e-01 0.000000000000000000e+00
-3.052180755344986451e-01 2.779132449950719175e-01 2.666619122028350830e-01 0.000000000000000000e+00
-3.039383180896017000e-01 2.867136439414043059e-01 3.346449732780456543e-01 1.000000000000000000e+00
-2.830945493775124944e-01 2.745024823033695438e-01 3.830885291099548340e-01 1.000000000000000000e+00
-2.492618463533246009e-01 2.573847873934049235e-01 4.178105890750885010e-01 1.000000000000000000e+00
-2.024662215251032127e-01 2.306860021937846006e-01 4.452202618122100830e-01 1.000000000000000000e+00
-1.497661235168011862e-01 2.044537351919753221e-01 4.621742963790893555e-01 1.000000000000000000e+00
-9.056125476507789762e-02 1.684335738515795600e-01 4.673590362071990967e-01 1.000000000000000000e+00
-3.830636972266467100e-02 1.307695589787133683e-01 4.721842706203460693e-01 1.000000000000000000e+00
1.186888971545583399e-02 9.176325654282828370e-02 4.758104383945465088e-01 1.000000000000000000e+00
6.457480794011939695e-02 5.460550039465184025e-02 4.753286540508270264e-01 1.000000000000000000e+00
1.141765291124366144e-01 1.773790159087062362e-02 4.701628983020782471e-01 1.000000000000000000e+00
1.625670539085830035e-01 -1.951984927248694157e-02 4.594554007053375244e-01 1.000000000000000000e+00
2.095881327662012794e-01 -5.188061049092436428e-02 4.408155381679534912e-01 1.000000000000000000e+00
2.619370895744908556e-01 -9.229292652477678882e-02 4.242424070835113525e-01 1.000000000000000000e+00
3.175897165665947375e-01 -1.378338712829652590e-01 4.091681838035583496e-01 1.000000000000000000e+00
3.753101100934915224e-01 -1.854938331437359089e-01 3.883643746376037598e-01 1.000000000000000000e+00
4.218107385922730268e-01 -2.216778192842935313e-01 3.576544225215911865e-01 1.000000000000000000e+00
4.600272986491170668e-01 -2.359959993439751103e-01 3.073587417602539062e-01 1.000000000000000000e+00
4.964879472400123284e-01 -2.233955667789156441e-01 2.314988374710083008e-01 1.000000000000000000e+00
-2.146149663146713626e-01 3.236941502010791671e-01 1.403935402631759644e-01 0.000000000000000000e+00
-2.362042785326038397e-01 3.282846479636281067e-01 1.842103004455566406e-01 0.000000000000000000e+00
-2.681143371581339863e-01 3.462572390120755017e-01 2.625209987163543701e-01 0.000000000000000000e+00
-2.600697945246399634e-01 3.519421060379900879e-01 3.330572843551635742e-01 1.000000000000000000e+00
-2.334682421045343181e-01 3.356111083972616593e-01 3.839526772499084473e-01 1.000000000000000000e+00
-2.019570138381067137e-01 3.171685431094252716e-01 4.197900295257568359e-01 1.000000000000000000e+00
-1.602560052274730196e-01 2.922854968272149412e-01 4.504742324352264404e-01 1.000000000000000000e+00
-1.105016084135141130e-01 2.617092647848651699e-01 4.674943983554840088e-01 1.000000000000000000e+00
-5.656533807003154279e-02 2.265089755518396863e-01 4.747825860977172852e-01 1.000000000000000000e+00
-6.623018995274676524e-03 1.911555773548862525e-01 4.771128892898559570e-01 1.000000000000000000e+00
4.797617386007971274e-02 1.509427265499676818e-01 4.779037535190582275e-01 1.000000000000000000e+00
1.048225194571125313e-01 1.077857194961217568e-01 4.777285158634185791e-01 1.000000000000000000e+00
1.576404666392960952e-01 6.680193302622108864e-02 4.703615307807922363e-01 1.000000000000000000e+00
2.072449681865259907e-01 2.687455863133499101e-02 4.600845277309417725e-01 1.000000000000000000e+00
2.560156364828163889e-01 -9.278649773097558118e-03 4.468512535095214844e-01 1.000000000000000000e+00
3.072586705228922410e-01 -4.688818984426343373e-02 4.317695796489715576e-01 1.000000000000000000e+00
3.587074338672618379e-01 -8.688181908500863804e-02 4.132934212684631348e-01 1.000000000000000000e+00
4.125628454818762725e-01 -1.352675812872732586e-01 3.865306973457336426e-01 1.000000000000000000e+00
4.649946208474897147e-01 -1.654580432252028277e-01 3.554374575614929199e-01 1.000000000000000000e+00
5.022605903463069899e-01 -1.846559537953393337e-01 3.091088533401489258e-01 1.000000000000000000e+00
5.387918665185943423e-01 -1.744431507351341948e-01 2.310853302478790283e-01 1.000000000000000000e+00
-1.970773886947730369e-01 4.126868625836195847e-01 1.344040334224700928e-01 0.000000000000000000e+00
-2.149070229014276578e-01 4.138517593296121566e-01 1.956440657377243042e-01 0.000000000000000000e+00
-2.389203795013278286e-01 4.260684659124041596e-01 2.747478485107421875e-01 0.000000000000000000e+00
-2.223726100819957141e-01 4.217822051758311486e-01 3.355238139629364014e-01 1.000000000000000000e+00
-1.972271153741080030e-01 4.066824328839392932e-01 3.832589983940124512e-01 1.000000000000000000e+00
-1.629675964834063073e-01 3.850770205698756388e-01 4.150796830654144287e-01 1.000000000000000000e+00
-1.183265606979103379e-01 3.544910736789441130e-01 4.487203657627105713e-01 1.000000000000000000e+00
-7.197462628067526069e-02 3.207403936903144293e-01 4.657051861286163330e-01 1.000000000000000000e+00
-2.122133862029604301e-02 2.824662821118287814e-01 4.707656204700469971e-01 1.000000000000000000e+00
3.106455596590911028e-02 2.453878555521729898e-01 4.730646312236785889e-01 1.000000000000000000e+00
8.417509579007839693e-02 2.082374421752605231e-01 4.740560948848724365e-01 1.000000000000000000e+00
1.433137926725505384e-01 1.637340698508022996e-01 4.735336303710937500e-01 1.000000000000000000e+00
2.000067632536741968e-01 1.169124812468091967e-01 4.667853713035583496e-01 1.000000000000000000e+00
2.502267668398451272e-01 7.097510323152725342e-02 4.546612799167633057e-01 1.000000000000000000e+00
3.024892383149903052e-01 2.637227356420640545e-02 4.432567059993743896e-01 1.000000000000000000e+00
3.531744588150244057e-01 -1.354628160262874581e-02 4.303199052810668945e-01 1.000000000000000000e+00
4.024492771764900390e-01 -4.552169418513105081e-02 4.114032983779907227e-01 1.000000000000000000e+00
4.559032189856139228e-01 -8.282951550451955747e-02 3.821434378623962402e-01 1.000000000000000000e+00
5.093937653326695569e-01 -1.094237975932570717e-01 3.478651344776153564e-01 1.000000000000000000e+00
5.533486504244081727e-01 -1.288509027255958506e-01 3.053199946880340576e-01 1.000000000000000000e+00
5.848441895264775425e-01 -1.206782494776968695e-01 2.357255816459655762e-01 1.000000000000000000e+00
-2.017565107430282501e-01 5.079343780194192082e-01 1.479352116584777832e-01 0.000000000000000000e+00
-2.131714578265975490e-01 5.061848834111561946e-01 2.130406349897384644e-01 0.000000000000000000e+00
-2.116736641976416644e-01 5.067004025887172913e-01 2.907475233078002930e-01 1.000000000000000000e+00
-1.894842124670503836e-01 4.901866140659970617e-01 3.414633572101593018e-01 1.000000000000000000e+00
-1.605839709291605466e-01 4.745128543809474797e-01 3.811533749103546143e-01 1.000000000000000000e+00
-1.202531036800554287e-01 4.500966792764043989e-01 4.074515402317047119e-01 1.000000000000000000e+00
-7.162158320412376211e-02 4.137027491467019091e-01 4.336901307106018066e-01 1.000000000000000000e+00
-2.196470366090691462e-02 3.757172802602431472e-01 4.468928873538970947e-01 1.000000000000000000e+00
2.658880299843111028e-02 3.346606021329319169e-01 4.528474211692810059e-01 1.000000000000000000e+00
7.451112899118209065e-02 2.967666129811660225e-01 4.580422043800354004e-01 1.000000000000000000e+00
1.253722388267642929e-01 2.576169322350029267e-01 4.599995017051696777e-01 1.000000000000000000e+00
1.840082634179372179e-01 2.109857630925820460e-01 4.602736532688140869e-01 1.000000000000000000e+00
2.416325292030037930e-01 1.628876123016447242e-01 4.533428549766540527e-01 1.000000000000000000e+00
2.951015806573188405e-01 1.141143098273224160e-01 4.417895674705505371e-01 1.000000000000000000e+00
3.479178195750487479e-01 6.373103988673248232e-02 4.333216547966003418e-01 1.000000000000000000e+00
4.018036506775758410e-01 2.084081579851543298e-02 4.227266907691955566e-01 1.000000000000000000e+00
4.514366013475506478e-01 -9.489552603046069734e-03 4.037539958953857422e-01 1.000000000000000000e+00
5.045655066609585626e-01 -3.332622961398856720e-02 3.698856234550476074e-01 1.000000000000000000e+00
5.545280246128643231e-01 -5.435080567201139301e-02 3.332704901695251465e-01 1.000000000000000000e+00
5.975592193726382284e-01 -7.765584233583755491e-02 2.902536094188690186e-01 1.000000000000000000e+00
6.313453764710018623e-01 -7.624069867681149137e-02 2.311208099126815796e-01 1.000000000000000000e+00
-2.090364832027543918e-01 6.028707127359508311e-01 1.553677767515182495e-01 0.000000000000000000e+00
-2.115383201303610294e-01 5.984635853745605694e-01 2.281183749437332153e-01 1.000000000000000000e+00
-1.877776971075564294e-01 5.794120297358782423e-01 2.962882816791534424e-01 1.000000000000000000e+00
-1.563973031956187865e-01 5.555776075813310122e-01 3.364295959472656250e-01 1.000000000000000000e+00
-1.163235527958543514e-01 5.344327654910823178e-01 3.719654679298400879e-01 1.000000000000000000e+00
-6.896539398055806513e-02 5.052553241305363096e-01 3.921412527561187744e-01 1.000000000000000000e+00
-2.200364734893098251e-02 4.646918062776510538e-01 4.081906378269195557e-01 1.000000000000000000e+00
3.199360948434684659e-02 4.234266066173322240e-01 4.178335666656494141e-01 1.000000000000000000e+00
7.872568740172594670e-02 3.771997851199017093e-01 4.299118518829345703e-01 1.000000000000000000e+00
1.225400127536807326e-01 3.352653777989268447e-01 4.379277825355529785e-01 1.000000000000000000e+00
1.720000559776395654e-01 2.949690709656006549e-01 4.409890472888946533e-01 1.000000000000000000e+00
2.286772320272837666e-01 2.506353581456449708e-01 4.374994039535522461e-01 1.000000000000000000e+00
2.863624843021456146e-01 1.982565626856987173e-01 4.335487186908721924e-01 1.000000000000000000e+00
3.421292028131684426e-01 1.509617821938507021e-01 4.256601333618164062e-01 1.000000000000000000e+00
3.935930758027292864e-01 1.033546830178248277e-01 4.200199544429779053e-01 1.000000000000000000e+00
4.506943953452737794e-01 5.938522565321355251e-02 4.117124080657958984e-01 1.000000000000000000e+00
5.013400715646925132e-01 2.843418168705638682e-02 3.927268981933593750e-01 1.000000000000000000e+00
5.516546842890583946e-01 1.053100122975031416e-02 3.535589873790740967e-01 1.000000000000000000e+00
6.019791804493999088e-01 -4.972780215254768432e-03 3.129930198192596436e-01 1.000000000000000000e+00
6.414747182344433529e-01 -3.331440742298125146e-02 2.644517719745635986e-01 1.000000000000000000e+00
6.738259015815566411e-01 -4.015022585638738928e-02 2.115038335323333740e-01 1.000000000000000000e+00
-1.912169642397423819e-01 6.952419375685486846e-01 1.624170690774917603e-01 1.000000000000000000e+00
-1.829897308230218900e-01 6.803069489176223339e-01 2.332194298505783081e-01 1.000000000000000000e+00
-1.571607933563936577e-01 6.521434975119757560e-01 2.870966792106628418e-01 1.000000000000000000e+00
-1.205084187516223260e-01 6.223378784477990866e-01 3.248916864395141602e-01 1.000000000000000000e+00
-7.989232270521973156e-02 5.911138704172611558e-01 3.524069488048553467e-01 1.000000000000000000e+00
-2.834057353651370237e-02 5.532912042698878707e-01 3.714613020420074463e-01 1.000000000000000000e+00
2.375693517355983997e-02 5.121289482870567955e-01 3.797806203365325928e-01 1.000000000000000000e+00
7.817795749519051984e-02 4.667289531270009117e-01 3.907091915607452393e-01 1.000000000000000000e+00
1.270136689154453546e-01 4.149221417678190527e-01 4.058802723884582520e-01 1.000000000000000000e+00
1.734505186957177592e-01 3.700206173851015579e-01 4.157382547855377197e-01 1.000000000000000000e+00
2.249487097566784666e-01 3.276457860338999883e-01 4.158890843391418457e-01 1.000000000000000000e+00
2.789026541176663487e-01 2.849023133209308001e-01 4.110513627529144287e-01 1.000000000000000000e+00
3.348801345301130050e-01 2.369855019798896567e-01 4.089515209197998047e-01 1.000000000000000000e+00
3.901062248785744924e-01 1.819542986589426092e-01 4.043094515800476074e-01 1.000000000000000000e+00
4.439081732158528526e-01 1.276421205735913389e-01 3.994142413139343262e-01 1.000000000000000000e+00
4.971954558492525655e-01 8.906906139861794913e-02 3.930705189704895020e-01 1.000000000000000000e+00
5.482803022301547813e-01 6.366681862631398681e-02 3.719545602798461914e-01 1.000000000000000000e+00
5.986614226814708228e-01 4.870127351021724671e-02 3.300869464874267578e-01 1.000000000000000000e+00
6.439848159443581910e-01 3.353083149008478925e-02 2.826525568962097168e-01 1.000000000000000000e+00
6.804251919011197192e-01 6.669738776854394757e-05 2.361700236797332764e-01 1.000000000000000000e+00
7.128339478432988985e-01 -1.721015982724138915e-02 1.899229288101196289e-01 1.000000000000000000e+00
-1.532120551194079972e-01 7.794567356899244626e-01 1.674928963184356689e-01 1.000000000000000000e+00
-1.417709980631862154e-01 7.552805025939538508e-01 2.313340455293655396e-01 1.000000000000000000e+00
-1.146390064811467213e-01 7.178892937347864933e-01 2.712617814540863037e-01 1.000000000000000000e+00
-8.561040671611697128e-02 6.802696489566901761e-01 2.986747026443481445e-01 1.000000000000000000e+00
-4.664488662452220824e-02 6.385217625138002173e-01 3.233487308025360107e-01 1.000000000000000000e+00
6.063730315535031945e-03 5.947767687276459547e-01 3.349581956863403320e-01 1.000000000000000000e+00
6.545793324748139241e-02 5.459211323847575903e-01 3.426370918750762939e-01 1.000000000000000000e+00
1.204355257771226595e-01 4.991966514368225694e-01 3.543939590454101562e-01 1.000000000000000000e+00
1.718762390734266676e-01 4.498003131743879557e-01 3.682164847850799561e-01 1.000000000000000000e+00
2.228577729919166694e-01 3.999778175899476040e-01 3.768718838691711426e-01 1.000000000000000000e+00
2.794546158312101181e-01 3.577041597485964286e-01 3.842321932315826416e-01 1.000000000000000000e+00
3.310149432006770920e-01 3.179414939206018920e-01 3.823377192020416260e-01 1.000000000000000000e+00
3.826472126063740764e-01 2.647200354449530391e-01 3.762684464454650879e-01 1.000000000000000000e+00
4.346883709799886364e-01 2.047508019853483963e-01 3.730420172214508057e-01 1.000000000000000000e+00
4.892863995286528822e-01 1.480944056491090566e-01 3.653193414211273193e-01 0.000000000000000000e+00
5.405139235284767141e-01 1.110854581692234389e-01 3.584007322788238525e-01 1.000000000000000000e+00
5.956783108907182100e-01 9.072391525854966998e-02 3.406982421875000000e-01 1.000000000000000000e+00
6.507071750615729400e-01 7.470533113240823697e-02 2.954166829586029053e-01 1.000000000000000000e+00
6.914457498497481591e-01 5.018267201510240305e-02 2.459185868501663208e-01 1.000000000000000000e+00
7.224170243031906580e-01 2.022477638725594939e-02 2.018836140632629395e-01 1.000000000000000000e+00
7.508563057589168199e-01 -1.164677582380335696e-02 1.593419313430786133e-01 1.000000000000000000e+00
-1.027669978989010358e-01 8.426103321419211589e-01 1.516896337270736694e-01 1.000000000000000000e+00
-9.565640308662815006e-02 8.210732925528543280e-01 2.154464125633239746e-01 1.000000000000000000e+00
-6.910844038440405734e-02 7.688240130412931084e-01 2.439014315605163574e-01 1.000000000000000000e+00
-4.045220802596810605e-02 7.226356189329923296e-01 2.665930092334747314e-01 1.000000000000000000e+00
3.731597673457487385e-03 6.774546187977990019e-01 2.853314876556396484e-01 1.000000000000000000e+00
5.424811487561465029e-02 6.260178673052551046e-01 2.886919677257537842e-01 1.000000000000000000e+00
1.136256276555507039e-01 5.706673173131409094e-01 2.959897518157958984e-01 1.000000000000000000e+00
1.702189090861449539e-01 5.229278243492302414e-01 3.068876862525939941e-01 1.000000000000000000e+00
2.275891044487647341e-01 4.740701965677497354e-01 3.154652714729309082e-01 1.000000000000000000e+00
2.744832106568879104e-01 4.286294822836762552e-01 3.241614401340484619e-01 1.000000000000000000e+00
3.261588399500795488e-01 3.859339977090037732e-01 3.341844677925109863e-01 1.000000000000000000e+00
3.769733551275439298e-01 3.426502814234659300e-01 3.386935591697692871e-01 1.000000000000000000e+00
4.273341041630499548e-01 2.887578793638381214e-01 3.350597023963928223e-01 1.000000000000000000e+00
4.799568363625541512e-01 2.310395088856697920e-01 3.346708416938781738e-01 1.000000000000000000e+00
5.292720419416052646e-01 1.788978513517810454e-01 3.277226686477661133e-01 1.000000000000000000e+00
5.801774165048361187e-01 1.300001840642152351e-01 3.166424334049224854e-01 1.000000000000000000e+00
6.425045554043826712e-01 1.020003045776394224e-01 2.934685647487640381e-01 0.000000000000000000e+00
7.040978544510820836e-01 8.899667418630047289e-02 2.499608695507049561e-01 0.000000000000000000e+00
7.423379008392587686e-01 7.241597754156925415e-02 2.017280459403991699e-01 1.000000000000000000e+00
7.684296449797767270e-01 4.654845463512929937e-02 1.627508550882339478e-01 1.000000000000000000e+00
7.914079382005219099e-01 2.835682114661564057e-03 1.283586919307708740e-01 1.000000000000000000e+00
-9.556983345978681266e-02 8.829436017613914167e-01 9.690766036510467529e-02 1.000000000000000000e+00
-7.532657567945882926e-02 8.844623634474815255e-01 1.765084266662597656e-01 1.000000000000000000e+00
-5.439581850622116077e-02 8.391340600767427382e-01 2.121567875146865845e-01 1.000000000000000000e+00
-1.808799438802644044e-02 7.803183858608810919e-01 2.333598136901855469e-01 1.000000000000000000e+00
3.475435450235592194e-02 7.262019377400144027e-01 2.482143938541412354e-01 1.000000000000000000e+00
9.336279266408942235e-02 6.712644900835798012e-01 2.592998147010803223e-01 1.000000000000000000e+00
1.536096895616839153e-01 6.097544521361137893e-01 2.698215842247009277e-01 1.000000000000000000e+00
2.174339055937618559e-01 5.502137046118951158e-01 2.738368511199951172e-01 1.000000000000000000e+00
2.731081749925760582e-01 4.981133193794107239e-01 2.742977440357208252e-01 1.000000000000000000e+00
3.220481155691982678e-01 4.464195037210866301e-01 2.770605981349945068e-01 0.000000000000000000e+00
3.704754003197803236e-01 3.988340601226612603e-01 2.835279703140258789e-01 1.000000000000000000e+00
4.254752490196133108e-01 3.513549793648091391e-01 2.888328433036804199e-01 0.000000000000000000e+00
4.708712296923485696e-01 3.013294202642432529e-01 2.885963916778564453e-01 1.000000000000000000e+00
5.209168823029419748e-01 2.465489063982390094e-01 2.856384515762329102e-01 1.000000000000000000e+00
5.719149272493361247e-01 2.027130440066951533e-01 2.789578437805175781e-01 1.000000000000000000e+00
6.231898769904468116e-01 1.591004756185620261e-01 2.722386121749877930e-01 1.000000000000000000e+00
6.891394742992320577e-01 1.281983430701017501e-01 2.452713102102279663e-01 0.000000000000000000e+00
7.411745003063883175e-01 1.151017788777963236e-01 2.027345448732376099e-01 1.000000000000000000e+00
7.722032419877752352e-01 1.005978049731666157e-01 1.655577719211578369e-01 1.000000000000000000e+00
7.974917514893724579e-01 7.339532278699262280e-02 1.286443173885345459e-01 0.000000000000000000e+00
8.271144532310118480e-01 1.601689825220109498e-02 9.432888031005859375e-02 1.000000000000000000e+00
