-8.608693057576439767e-01 -5.340808709161529721e-01 3.473722189664840698e-02 1.000000000000000000e+00
-7.813925615154537763e-01 -5.826369169231137013e-01 3.676278516650199890e-02 1.000000000000000000e+00
-6.805322870431856908e-01 -6.032543965713699219e-01 3.331438452005386353e-02 1.000000000000000000e+00
-6.095711660286519118e-01 -5.915746513753188385e-01 3.251028433442115784e-02 1.000000000000000000e+00
-5.565879992490386785e-01 -5.795991564749106706e-01 3.256410360336303711e-02 1.000000000000000000e+00
-5.436835878074504080e-01 -5.508518605819108238e-01 3.417284041643142700e-02 0.000000000000000000e+00
-5.830802596225995726e-01 -4.995998703365264193e-01 3.776904195547103882e-02 1.000000000000000000e+00
-6.320758761861047237e-01 -4.342259884416879157e-01 4.333276301622390747e-02 1.000000000000000000e+00
-6.366630338109091625e-01 -3.938057488003153805e-01 5.729994922876358032e-02 1.000000000000000000e+00
-6.005594111737496688e-01 -3.860447859686708116e-01 5.672814697027206421e-02 0.000000000000000000e+00
-5.402402535043832055e-01 -3.849792504180426511e-01 5.199586972594261169e-02 0.000000000000000000e+00
-4.993603603331509544e-01 -3.730054782700674698e-01 4.698536172509193420e-02 0.000000000000000000e+00
-4.401900941440551329e-01 -3.966621355543077376e-01 4.443432763218879700e-02 0.000000000000000000e+00
-3.793682352074310149e-01 -4.482084003643512782e-01 4.209567606449127197e-02 1.000000000000000000e+00
-2.843258432149778914e-01 -5.267491210530310664e-01 4.324233904480934143e-02 1.000000000000000000e+00
-1.598435245578088693e-01 -6.085529508521896336e-01 3.569579496979713440e-02 1.000000000000000000e+00
-3.946614035820694699e-02 -6.910044934192633992e-01 3.230617195367813110e-02 1.000000000000000000e+00
6.407627525959747050e-02 -7.711321430531437038e-01 3.203715756535530090e-02 1.000000000000000000e+00
1.646017140938709211e-01 -8.450738365108072525e-01 3.172968327999114990e-02 1.000000000000000000e+00
2.480485544885295268e-01 -9.141990934877670671e-01 3.180443868041038513e-02 1.000000000000000000e+00
3.056509684497322743e-01 -9.583751652404908228e-01 3.182914853096008301e-02 1.000000000000000000e+00
-8.241499176637403501e-01 -5.027276195746563925e-01 3.884389251470565796e-02 1.000000000000000000e+00
-7.495787083400058393e-01 -5.446952912958183957e-01 4.093582928180694580e-02 1.000000000000000000e+00
-6.612834630800480396e-01 -5.555655114358085678e-01 3.735366463661193848e-02 1.000000000000000000e+00
-5.765300071612790012e-01 -5.312355898567430179e-01 3.622252121567726135e-02 1.000000000000000000e+00
-5.306273476124577781e-01 -5.070713053923253666e-01 3.741346672177314758e-02 1.000000000000000000e+00
-5.303858356337782798e-01 -4.687760993161600442e-01 4.184268787503242493e-02 0.000000000000000000e+00
-5.645668033355678572e-01 -4.112880929752401604e-01 6.664648652076721191e-02 0.000000000000000000e+00
-5.889567420269128384e-01 -3.626226653596814620e-01 9.503775835037231445e-02 1.000000000000000000e+00
-5.779175551712424364e-01 -3.364507368398715892e-01 1.039803922176361084e-01 1.000000000000000000e+00
-5.386725593271719514e-01 -3.229578869044424927e-01 1.083821356296539307e-01 1.000000000000000000e+00
-4.971222256999647815e-01 -3.196572302202967397e-01 1.117965430021286011e-01 0.000000000000000000e+00
-4.550416741817784327e-01 -3.241210450929340459e-01 9.678064286708831787e-02 0.000000000000000000e+00
-3.977034050569056012e-01 -3.560697997937531389e-01 6.289450824260711670e-02 1.000000000000000000e+00
-3.238170346062686500e-01 -4.080264906145957271e-01 4.749042540788650513e-02 1.000000000000000000e+00
-2.248638470772017228e-01 -4.694910257707380907e-01 4.422790929675102234e-02 1.000000000000000000e+00
-1.135089651788724341e-01 -5.392849424993233498e-01 3.881707414984703064e-02 1.000000000000000000e+00
-6.259186325504206838e-03 -6.175048150353579235e-01 3.523811325430870056e-02 1.000000000000000000e+00
9.064621754331997350e-02 -6.972895368363292157e-01 3.574567288160324097e-02 1.000000000000000000e+00
1.798532677239625399e-01 -7.667632639567771857e-01 3.445659577846527100e-02 1.000000000000000000e+00
2.648088599281898659e-01 -8.233045888598695683e-01 3.331514075398445129e-02 1.000000000000000000e+00
3.414957462167620417e-01 -8.652199458053174697e-01 3.274358808994293213e-02 1.000000000000000000e+00
-7.870563709221812809e-01 -4.443160704157415042e-01 4.236410930752754211e-02 1.000000000000000000e+00
-7.238835660439755237e-01 -4.811909276970897098e-01 4.566140845417976379e-02 1.000000000000000000e+00
-6.494037626979491939e-01 -4.763184148344421498e-01 4.304460436105728149e-02 1.000000000000000000e+00
-5.581766562150279887e-01 -4.700165337513962927e-01 4.237431287765502930e-02 1.000000000000000000e+00
-5.060687161599479733e-01 -4.491673518034514645e-01 4.597313702106475830e-02 1.000000000000000000e+00
-5.023006719992406666e-01 -3.985329182558730032e-01 7.635712623596191406e-02 1.000000000000000000e+00
-5.180030704678534326e-01 -3.501574398846449832e-01 9.847351908683776855e-02 0.000000000000000000e+00
-5.251039715049687917e-01 -3.119958287815470799e-01 1.268264353275299072e-01 1.000000000000000000e+00
-5.042693302197602812e-01 -2.908897196450798139e-01 1.457340717315673828e-01 1.000000000000000000e+00
-4.712044216032513777e-01 -2.761227599424542767e-01 1.502314656972885132e-01 0.000000000000000000e+00
-4.265243578360343180e-01 -2.734619240288402309e-01 1.531110405921936035e-01 0.000000000000000000e+00
-3.862856446711983027e-01 -2.829282537183568369e-01 1.285916715860366821e-01 0.000000000000000000e+00
-3.314001324688412020e-01 -3.096399885371820537e-01 9.150445461273193359e-02 1.000000000000000000e+00
-2.504600812564892198e-01 -3.619146193781226373e-01 6.354415416717529297e-02 1.000000000000000000e+00
-1.508540337756324456e-01 -4.200806209976130079e-01 4.659418761730194092e-02 1.000000000000000000e+00
-5.849023732508459861e-02 -4.825531981346586341e-01 4.287623241543769836e-02 1.000000000000000000e+00
3.454855144107743525e-02 -5.532295434305163351e-01 4.257589206099510193e-02 1.000000000000000000e+00
1.279499084715544077e-01 -6.285478372542427916e-01 4.436828196048736572e-02 1.000000000000000000e+00
2.128810344302211888e-01 -6.874334752386324077e-01 4.294340685009956360e-02 1.000000000000000000e+00
2.939744580243043859e-01 -7.392726448407582751e-01 4.149959236383438110e-02 1.000000000000000000e+00
3.695051508911013638e-01 -7.702631382571217822e-01 3.909417986869812012e-02 1.000000000000000000e+00
-7.531548684361553114e-01 -3.756525427009305140e-01 4.570407792925834656e-02 1.000000000000000000e+00
-6.993194449644472011e-01 -3.973925509757137986e-01 6.585797667503356934e-02 1.000000000000000000e+00
-6.301743473585508237e-01 -4.195710550624043300e-01 5.999403819441795349e-02 0.000000000000000000e+00
-5.443061283700927344e-01 -4.095412852285698069e-01 6.549109518527984619e-02 0.000000000000000000e+00
-4.958171063889764696e-01 -3.776748960064530425e-01 9.420372545719146729e-02 1.000000000000000000e+00
-4.726055514351475417e-01 -3.401714711631254051e-01 1.139871627092361450e-01 1.000000000000000000e+00
-4.708894792777537641e-01 -2.943497757102938039e-01 1.348611712455749512e-01 1.000000000000000000e+00
-4.636440777705187477e-01 -2.525324523344821825e-01 1.657159030437469482e-01 1.000000000000000000e+00
-4.305683058038061173e-01 -2.297759147571768468e-01 1.722911596298217773e-01 0.000000000000000000e+00
-3.939774129143000514e-01 -2.255199786781074134e-01 1.660155355930328369e-01 0.000000000000000000e+00
-3.448730680183489383e-01 -2.285316449587260768e-01 1.687858402729034424e-01 0.000000000000000000e+00
-2.989330874351714407e-01 -2.397765084351296538e-01 1.449313908815383911e-01 0.000000000000000000e+00
-2.369254743308979450e-01 -2.762282956511254994e-01 1.249500662088394165e-01 1.000000000000000000e+00
-1.690297252186978572e-01 -3.295285489771544452e-01 9.541137516498565674e-02 1.000000000000000000e+00
-8.969864048496142828e-02 -3.899021498380847994e-01 6.658557057380676270e-02 1.000000000000000000e+00
-1.254543092775173285e-03 -4.549898124846858405e-01 6.336836516857147217e-02 1.000000000000000000e+00
8.566134118254242757e-02 -5.215109632061273315e-01 5.998879298567771912e-02 1.000000000000000000e+00
1.692501110895615890e-01 -5.794651347650019435e-01 6.788437068462371826e-02 1.000000000000000000e+00
2.569621704066742396e-01 -6.277167856953048686e-01 6.826274096965789795e-02 1.000000000000000000e+00
3.365517839091764496e-01 -6.692204627612104995e-01 5.934790149331092834e-02 1.000000000000000000e+00
4.072242411582591703e-01 -6.982657632149626981e-01 5.408630520105361938e-02 1.000000000000000000e+00
-7.426775412179836833e-01 -2.832198256163552808e-01 4.558877646923065186e-02 1.000000000000000000e+00
-6.834248463299126275e-01 -3.084171082643506479e-01 6.125729158520698547e-02 1.000000000000000000e+00
-6.000465893944932905e-01 -3.399555001746434879e-01 8.835218846797943115e-02 0.000000000000000000e+00
-5.254500498148039211e-01 -3.329622316519127989e-01 1.159030050039291382e-01 0.000000000000000000e+00
-4.817324514801816226e-01 -2.981256907949605406e-01 1.481282413005828857e-01 1.000000000000000000e+00
-4.454559951539910911e-01 -2.599788626989777418e-01 1.624602377414703369e-01 1.000000000000000000e+00
-4.192369569942581697e-01 -2.327436429482229452e-01 1.826788485050201416e-01 1.000000000000000000e+00
-3.890169395788103945e-01 -1.929945391858258197e-01 1.954659670591354370e-01 1.000000000000000000e+00
-3.584457440848576870e-01 -1.701058290915903326e-01 1.952810436487197876e-01 0.000000000000000000e+00
-3.158258498829895067e-01 -1.649366761724110897e-01 1.794703304767608643e-01 0.000000000000000000e+00
-2.773588111054452465e-01 -1.642690595552863675e-01 1.712307929992675781e-01 0.000000000000000000e+00
-2.278171505093450344e-01 -1.825254516765379698e-01 1.608984917402267456e-01 0.000000000000000000e+00
-1.655095414057270731e-01 -2.327121750574534242e-01 1.407492905855178833e-01 1.000000000000000000e+00
-1.059363355397988787e-01 -2.904518665726121829e-01 1.143250018358230591e-01 1.000000000000000000e+00
-3.308330571588385949e-02 -3.512884927112832067e-01 9.356045722961425781e-02 1.000000000000000000e+00
5.263526035022414451e-02 -4.179563039288304305e-01 9.363546967506408691e-02 1.000000000000000000e+00
1.391477044548833364e-01 -4.834823780936419180e-01 1.142023652791976929e-01 1.000000000000000000e+00
2.217455808799870809e-01 -5.269619099544503582e-01 1.179433166980743408e-01 1.000000000000000000e+00
3.011022171406332326e-01 -5.515705907895669391e-01 1.113819330930709839e-01 1.000000000000000000e+00
3.728293465901404424e-01 -5.841108870459486013e-01 9.015680849552154541e-02 1.000000000000000000e+00
4.517353750882884267e-01 -6.128293650312790497e-01 8.133630454540252686e-02 1.000000000000000000e+00
-7.144065310549372327e-01 -1.614463692066784861e-01 4.517323151230812073e-02 1.000000000000000000e+00
-6.604532966049290188e-01 -2.095116889197148058e-01 7.145036756992340088e-02 1.000000000000000000e+00
-5.697196138142370803e-01 -2.421959272004732822e-01 1.060267686843872070e-01 0.000000000000000000e+00
-5.031560844366178564e-01 -2.264671448046927660e-01 1.345478296279907227e-01 1.000000000000000000e+00
-4.620244059923814817e-01 -1.897617283910704722e-01 1.639825850725173950e-01 1.000000000000000000e+00
-4.174527649929586359e-01 -1.871774943746249975e-01 1.851200461387634277e-01 1.000000000000000000e+00
-3.726835606411411095e-01 -1.826999607027973704e-01 1.995436549186706543e-01 1.000000000000000000e+00
-3.303148616563977846e-01 -1.763685241422332239e-01 2.149372994899749756e-01 1.000000000000000000e+00
-2.894489085553104690e-01 -1.543181254015915105e-01 2.207322716712951660e-01 1.000000000000000000e+00
-2.427762682310438958e-01 -1.260340707889309741e-01 1.928941905498504639e-01 0.000000000000000000e+00
-2.028337315074060232e-01 -1.213898990148034041e-01 1.770117431879043579e-01 0.000000000000000000e+00
-1.624948352836595444e-01 -1.428480186300336019e-01 1.665742248296737671e-01 0.000000000000000000e+00
-1.096614215251615343e-01 -1.851553623400571114e-01 1.459627598524093628e-01 0.000000000000000000e+00
-5.097989019139800848e-02 -2.459094438759195644e-01 1.303896456956863403e-01 1.000000000000000000e+00
1.089037687029059676e-02 -3.098152772801388011e-01 1.276072561740875244e-01 1.000000000000000000e+00
9.391850939841783763e-02 -3.736668887637487613e-01 1.379236280918121338e-01 1.000000000000000000e+00
1.835702825878352262e-01 -4.308012935823742895e-01 1.552253216505050659e-01 1.000000000000000000e+00
2.666553344348763788e-01 -4.594651545203907728e-01 1.557652205228805542e-01 1.000000000000000000e+00
3.450015316126103238e-01 -4.809201658055433093e-01 1.410031765699386597e-01 1.000000000000000000e+00
4.127690067913674099e-01 -5.052069711585821521e-01 1.180268526077270508e-01 1.000000000000000000e+00
4.932216033589106319e-01 -5.319885169636096034e-01 9.723038971424102783e-02 1.000000000000000000e+00
-6.743208320236200315e-01 -6.507346969536526027e-02 4.825669154524803162e-02 1.000000000000000000e+00
-6.318590622606525820e-01 -1.151259711688416565e-01 7.652163505554199219e-02 1.000000000000000000e+00
-5.530538332190744200e-01 -1.420057349359677146e-01 1.249716281890869141e-01 1.000000000000000000e+00
-4.814662414482747677e-01 -1.302584704886022016e-01 1.610820144414901733e-01 1.000000000000000000e+00
-4.355552368234485439e-01 -1.128712306773422269e-01 1.727192252874374390e-01 1.000000000000000000e+00
-3.852780715739847484e-01 -1.177607919402123005e-01 1.946209073066711426e-01 1.000000000000000000e+00
-3.390096511370739862e-01 -1.360705103615423295e-01 2.113629579544067383e-01 1.000000000000000000e+00
-2.920403918296998746e-01 -1.457348775554994369e-01 2.377939820289611816e-01 1.000000000000000000e+00
-2.391956721790887697e-01 -1.354554192543742930e-01 2.475615739822387695e-01 1.000000000000000000e+00
-1.932655539584628712e-01 -1.156131044439304978e-01 2.346497774124145508e-01 0.000000000000000000e+00
-1.488171924909344190e-01 -1.022158646343483412e-01 2.068774402141571045e-01 0.000000000000000000e+00
-1.110721081549575356e-01 -1.092490251491946146e-01 1.852772533893585205e-01 0.000000000000000000e+00
-6.214486431644917347e-02 -1.371187130207203175e-01 1.702141463756561279e-01 0.000000000000000000e+00
-6.389283110145319022e-03 -1.887855652327095346e-01 1.609796583652496338e-01 1.000000000000000000e+00
5.954561548522178949e-02 -2.529465451211015958e-01 1.545861512422561646e-01 1.000000000000000000e+00
1.374020610149030430e-01 -3.124061336201565120e-01 1.604173332452774048e-01 1.000000000000000000e+00
2.256053155096298668e-01 -3.606833940292858975e-01 1.776112169027328491e-01 1.000000000000000000e+00
3.078918373597153701e-01 -3.906768352554952362e-01 1.783576309680938721e-01 1.000000000000000000e+00
3.878449753331582039e-01 -4.103861583196409257e-01 1.621934026479721069e-01 1.000000000000000000e+00
4.582002762301073950e-01 -4.343483394258257357e-01 1.396037042140960693e-01 1.000000000000000000e+00
5.317600494345443574e-01 -4.550544604819453665e-01 1.157446205615997314e-01 1.000000000000000000e+00
-6.472753679215734746e-01 5.348182194941208945e-03 4.872049763798713684e-02 1.000000000000000000e+00
-6.017171113453591014e-01 -4.223278593500789935e-02 8.189143240451812744e-02 1.000000000000000000e+00
-5.329281862195162089e-01 -5.083617997468814487e-02 1.365255266427993774e-01 1.000000000000000000e+00
-4.602813071683800605e-01 -4.110493626885630691e-02 1.754996329545974731e-01 1.000000000000000000e+00
-4.022144981568600564e-01 -3.945842748492972563e-02 1.789541691541671753e-01 1.000000000000000000e+00
-3.520687783911896629e-01 -5.150179461650855606e-02 1.973700225353240967e-01 1.000000000000000000e+00
-3.030243873872452420e-01 -7.794169279915066917e-02 2.255962491035461426e-01 1.000000000000000000e+00
-2.623529209186113986e-01 -1.127761579238137080e-01 2.816423475742340088e-01 1.000000000000000000e+00
-2.094815749964535900e-01 -1.248472892918490729e-01 3.051705658435821533e-01 1.000000000000000000e+00
-1.578125258799857322e-01 -1.071860791602000929e-01 2.835314273834228516e-01 0.000000000000000000e+00
-1.122513980497166219e-01 -8.249148724275012778e-02 2.522275447845458984e-01 0.000000000000000000e+00
-6.727526847677871291e-02 -7.080327579850441422e-02 2.181848585605621338e-01 0.000000000000000000e+00
-2.444519847809883614e-02 -8.491839234206047249e-02 2.089812755584716797e-01 0.000000000000000000e+00
3.149875279926837857e-02 -1.195233731449377723e-01 2.031785100698471069e-01 1.000000000000000000e+00
1.029361542753995107e-01 -1.915800171928151996e-01 1.988135427236557007e-01 1.000000000000000000e+00
1.837578940156253671e-01 -2.498735393708313157e-01 1.931931525468826294e-01 1.000000000000000000e+00
2.631397604334614337e-01 -2.927264266196237252e-01 2.010282129049301147e-01 1.000000000000000000e+00
3.456983098976373903e-01 -3.256708097373707256e-01 2.008990943431854248e-01 1.000000000000000000e+00
4.212619286727445900e-01 -3.470585981162373490e-01 1.859516501426696777e-01 1.000000000000000000e+00
4.865384302740987099e-01 -3.671068740386417284e-01 1.570966839790344238e-01 1.000000000000000000e+00
5.645913011912649937e-01 -3.783321550355558949e-01 1.236108690500259399e-01 1.000000000000000000e+00
-6.206308257159867114e-01 5.783321010364822490e-02 5.603920668363571167e-02 1.000000000000000000e+00
-5.746425237709913425e-01 2.687367354751613036e-02 9.841261804103851318e-02 1.000000000000000000e+00
-5.148229537704488434e-01 2.811089428555343939e-02 1.491697728633880615e-01 1.000000000000000000e+00
-4.404096792247969572e-01 2.525196818393823928e-02 2.003748267889022827e-01 1.000000000000000000e+00
-3.775249585928753815e-01 2.443602627019159090e-02 2.124459892511367798e-01 1.000000000000000000e+00
-3.185098665632845050e-01 1.727009264582329839e-03 2.211924344301223755e-01 1.000000000000000000e+00
-2.704338942342870977e-01 -2.968728125027020326e-02 2.612110078334808350e-01 1.000000000000000000e+00
-2.232342707896645129e-01 -6.506081510409970903e-02 3.191256225109100342e-01 1.000000000000000000e+00
-1.689576646444564401e-01 -8.834855048661206800e-02 3.430843353271484375e-01 1.000000000000000000e+00
-1.107538941803442312e-01 -7.714423754683204237e-02 3.197688460350036621e-01 1.000000000000000000e+00
-6.857796961233375566e-02 -5.680565940024065452e-02 3.019442558288574219e-01 1.000000000000000000e+00
-2.354369846187508164e-02 -3.505189544777471272e-02 2.644149363040924072e-01 0.000000000000000000e+00
2.050038384929176588e-02 -4.482324846540970686e-02 2.465881556272506714e-01 0.000000000000000000e+00
7.204110634875610097e-02 -7.085122969248666691e-02 2.499347627162933350e-01 0.000000000000000000e+00
1.433766494287485316e-01 -1.345130960641005846e-01 2.528527081012725830e-01 1.000000000000000000e+00
2.224373463242194093e-01 -1.885266268492596931e-01 2.412221282720565796e-01 1.000000000000000000e+00
2.960498109918291432e-01 -2.278501831018654444e-01 2.249694913625717163e-01 1.000000000000000000e+00
3.774835071673649511e-01 -2.596892611661471006e-01 2.207587361335754395e-01 1.000000000000000000e+00
4.549009247811764411e-01 -2.842919150019266317e-01 2.040173411369323730e-01 1.000000000000000000e+00
5.216008518972889973e-01 -3.071535352092816806e-01 1.714171320199966431e-01 1.000000000000000000e+00
6.015255223087407899e-01 -3.091340999145055779e-01 1.299177855253219604e-01 1.000000000000000000e+00
-5.980371224879031944e-01 1.247637963849487774e-01 5.483040586113929749e-02 1.000000000000000000e+00
-5.501107398609830224e-01 9.455590672515995498e-02 1.046366840600967407e-01 1.000000000000000000e+00
-4.903254141748555894e-01 8.579486239862474384e-02 1.523636728525161743e-01 1.000000000000000000e+00
-4.178525383877966792e-01 7.481933835763004970e-02 1.982269883155822754e-01 1.000000000000000000e+00
-3.498716210314682384e-01 6.181407477591135957e-02 2.178882509469985962e-01 1.000000000000000000e+00
-2.850394947273887092e-01 3.753164215840552875e-02 2.380765378475189209e-01 1.000000000000000000e+00
-2.355184755503467176e-01 9.382931613025599638e-03 2.869272232055664062e-01 1.000000000000000000e+00
-1.812948585304289817e-01 -2.127541302693551628e-02 3.436211049556732178e-01 1.000000000000000000e+00
-1.252991193129539826e-01 -4.363319400212318372e-02 3.683492839336395264e-01 1.000000000000000000e+00
-7.041790082078897006e-02 -2.925815257544435444e-02 3.381896317005157471e-01 1.000000000000000000e+00
-2.966835731528873546e-02 -1.553818381010215952e-02 3.310896456241607666e-01 1.000000000000000000e+00
2.269491229933730606e-02 -1.187926047436751315e-03 3.023526072502136230e-01 1.000000000000000000e+00
6.780992232356368443e-02 -1.150961417368077944e-02 2.883918285369873047e-01 0.000000000000000000e+00
1.174473879746851940e-01 -3.864091560107591611e-02 2.911407649517059326e-01 0.000000000000000000e+00
1.851114031770602353e-01 -8.864988991675273877e-02 3.053496181964874268e-01 1.000000000000000000e+00
2.635065539193395256e-01 -1.334190205115854400e-01 2.865610718727111816e-01 1.000000000000000000e+00
3.334503026943809734e-01 -1.705240944162122463e-01 2.648689448833465576e-01 1.000000000000000000e+00
4.103796808758605197e-01 -1.988497268949288022e-01 2.474969029426574707e-01 1.000000000000000000e+00
4.910374430335986418e-01 -2.224952995580107840e-01 2.212203741073608398e-01 1.000000000000000000e+00
5.614106998051024977e-01 -2.413437179235827790e-01 1.840667873620986938e-01 1.000000000000000000e+00
6.438357636145993768e-01 -2.418997296858505786e-01 1.256197243928909302e-01 1.000000000000000000e+00
-5.801540250039125546e-01 1.908478842873323200e-01 4.914225265383720398e-02 1.000000000000000000e+00
-5.334362243314665353e-01 1.566253597929110897e-01 9.194888174533843994e-02 1.000000000000000000e+00
-4.613149586281097836e-01 1.326333505717816885e-01 1.456723213195800781e-01 1.000000000000000000e+00
-3.988335411895889138e-01 1.022487391761867093e-01 1.883001774549484253e-01 1.000000000000000000e+00
-3.288284687499641867e-01 8.217242506281041692e-02 2.108881175518035889e-01 1.000000000000000000e+00
-2.624592995642529569e-01 5.727021250123978668e-02 2.409828156232833862e-01 1.000000000000000000e+00
-2.047565339567458120e-01 3.783838692186784758e-02 3.008118271827697754e-01 1.000000000000000000e+00
-1.448477338095496281e-01 2.477213158199783466e-02 3.453937172889709473e-01 1.000000000000000000e+00
-8.809574842088763180e-02 1.811816626320406076e-02 3.613079786300659180e-01 0.000000000000000000e+00
-3.497329816074697117e-02 1.865308747905926323e-02 3.467876911163330078e-01 1.000000000000000000e+00
1.088027084627103680e-02 2.402621007160698346e-02 3.446350097656250000e-01 1.000000000000000000e+00
6.887973051095963584e-02 2.984633291983813941e-02 3.345354199409484863e-01 1.000000000000000000e+00
1.213679615801534356e-01 1.242132953231242509e-02 3.285325467586517334e-01 1.000000000000000000e+00
1.707239547718510109e-01 -1.352529247207032159e-02 3.409785628318786621e-01 0.000000000000000000e+00
2.265964302624998150e-01 -4.664361168235466037e-02 3.534242808818817139e-01 1.000000000000000000e+00
2.989819567060199024e-01 -8.271208384785605494e-02 3.381033241748809814e-01 1.000000000000000000e+00
3.788659554086586390e-01 -1.181317052805322398e-01 3.089435100555419922e-01 1.000000000000000000e+00
4.487129560929432603e-01 -1.432550412828152986e-01 2.784781754016876221e-01 1.000000000000000000e+00
5.185084006447870930e-01 -1.590490564633785520e-01 2.375791519880294800e-01 1.000000000000000000e+00
5.857508736050682785e-01 -1.812465793154596216e-01 1.907580345869064331e-01 1.000000000000000000e+00
6.596853810250606909e-01 -1.795831274984316384e-01 1.255434155464172363e-01 1.000000000000000000e+00
-5.751587699816893551e-01 2.695361452875806307e-01 5.020282417535781860e-02 1.000000000000000000e+00
-5.238348666760331840e-01 2.125741737629252559e-01 9.260767698287963867e-02 1.000000000000000000e+00
-4.414024377047589542e-01 1.829079554001984131e-01 1.353504359722137451e-01 1.000000000000000000e+00
-3.771960972706570048e-01 1.504051487655672092e-01 1.896222382783889771e-01 1.000000000000000000e+00
-3.152327172838957359e-01 1.185787252925509239e-01 2.364884465932846069e-01 1.000000000000000000e+00
-2.484427170841593258e-01 9.132033004347117622e-02 2.794771492481231689e-01 1.000000000000000000e+00
-1.838700257060885690e-01 8.379502077856319786e-02 3.240784406661987305e-01 1.000000000000000000e+00
-1.226454865591683208e-01 8.830406317091973878e-02 3.430655002593994141e-01 1.000000000000000000e+00
-6.049225609328970354e-02 8.168442646023808817e-02 3.432613909244537354e-01 1.000000000000000000e+00
1.498731396335245547e-03 7.256352312149369488e-02 3.337021768093109131e-01 1.000000000000000000e+00
5.652060972704932296e-02 6.058866569216934950e-02 3.362396061420440674e-01 1.000000000000000000e+00
1.071813745182350064e-01 5.346873535295126878e-02 3.472716212272644043e-01 1.000000000000000000e+00
1.629494259233419950e-01 3.451812668480852553e-02 3.584339916706085205e-01 1.000000000000000000e+00
2.198423977886290182e-01 1.947695431741502947e-02 3.672094643115997314e-01 1.000000000000000000e+00
2.751319191440994016e-01 -4.569866880202777537e-03 3.796323239803314209e-01 1.000000000000000000e+00
3.445728349429816317e-01 -3.356523385518164759e-02 3.731751143932342529e-01 1.000000000000000000e+00
4.188061951290527052e-01 -6.488123791930677786e-02 3.490146100521087646e-01 1.000000000000000000e+00
4.874877933051626755e-01 -8.901669393934297236e-02 3.165382146835327148e-01 1.000000000000000000e+00
5.426997433859487296e-01 -1.011796000700108111e-01 2.676336169242858887e-01 1.000000000000000000e+00
6.043233460167273252e-01 -1.173294084089909484e-01 2.040021270513534546e-01 1.000000000000000000e+00
6.706624223526016504e-01 -1.167035066351798656e-01 1.403481066226959229e-01 1.000000000000000000e+00
-5.569181407817808127e-01 3.595617926334260250e-01 4.931255057454109192e-02 1.000000000000000000e+00
-5.000622212646909093e-01 2.909054931031347935e-01 8.738699555397033691e-02 1.000000000000000000e+00
-4.105009689691627717e-01 2.585927266084391274e-01 1.366223245859146118e-01 1.000000000000000000e+00
-3.475990734964730100e-01 2.152379494192229181e-01 1.946219056844711304e-01 1.000000000000000000e+00
-2.878738808264584836e-01 1.836492973920808569e-01 2.411451786756515503e-01 1.000000000000000000e+00
-2.254579227120311335e-01 1.584090829105209985e-01 2.801109254360198975e-01 1.000000000000000000e+00
-1.664356723036385100e-01 1.539962169922883262e-01 3.159397244453430176e-01 1.000000000000000000e+00
-1.083171491089956473e-01 1.504793153651453053e-01 3.418163657188415527e-01 1.000000000000000000e+00
-4.626905263963843745e-02 1.376491732560783943e-01 3.497084975242614746e-01 1.000000000000000000e+00
1.721374230936483646e-02 1.223685277638020819e-01 3.437462151050567627e-01 1.000000000000000000e+00
7.619904705377063270e-02 1.038414158978528679e-01 3.497937321662902832e-01 1.000000000000000000e+00
1.330735164525613801e-01 8.643635323802886794e-02 3.645472526550292969e-01 1.000000000000000000e+00
1.923358998474338222e-01 6.879996760015280599e-02 3.724348843097686768e-01 1.000000000000000000e+00
2.544187556130114158e-01 5.699809137382930158e-02 3.765108287334442139e-01 1.000000000000000000e+00
3.149039613287986095e-01 3.790985744023031567e-02 3.834697902202606201e-01 1.000000000000000000e+00
3.860579884689667174e-01 1.136104126432391226e-02 3.888074457645416260e-01 1.000000000000000000e+00
4.565105550726559214e-01 -1.469340291526180509e-02 3.701465427875518799e-01 1.000000000000000000e+00
5.244659630489231228e-01 -3.195656240450570063e-02 3.412934243679046631e-01 1.000000000000000000e+00
5.712943991987102788e-01 -4.362264148492711602e-02 3.054980635643005371e-01 1.000000000000000000e+00
6.221375123299783816e-01 -5.957967013881843021e-02 2.402940690517425537e-01 1.000000000000000000e+00
6.886207941080328965e-01 -8.078568837968069793e-02 1.772741973400115967e-01 1.000000000000000000e+00
-5.322877174411887458e-01 4.395422391305259247e-01 5.030073970556259155e-02 1.000000000000000000e+00
-4.781743723820436331e-01 3.746737664379617971e-01 8.185923099517822266e-02 1.000000000000000000e+00
-3.859184455219032972e-01 3.376282196885005416e-01 1.375762671232223511e-01 1.000000000000000000e+00
-3.151136089729149603e-01 3.034385973947871240e-01 2.000949233770370483e-01 1.000000000000000000e+00
-2.609810159748905956e-01 2.742272304553679541e-01 2.394158393144607544e-01 1.000000000000000000e+00
-2.022223335178388870e-01 2.551856122533109894e-01 2.642948627471923828e-01 1.000000000000000000e+00
-1.455874478794083327e-01 2.378481426017863554e-01 2.955819368362426758e-01 1.000000000000000000e+00
-8.795443530618671235e-02 2.161662021475390383e-01 3.262818753719329834e-01 1.000000000000000000e+00
-2.788854858623437960e-02 2.011446544064834363e-01 3.384413123130798340e-01 1.000000000000000000e+00
3.236074014501312546e-02 1.771375039300265297e-01 3.442798852920532227e-01 1.000000000000000000e+00
8.983385811169654345e-02 1.506170525831679596e-01 3.542912602424621582e-01 1.000000000000000000e+00
1.469790051083363636e-01 1.309828536423149059e-01 3.705088496208190918e-01 1.000000000000000000e+00
2.083903298682337757e-01 1.163334151584059228e-01 3.793320357799530029e-01 1.000000000000000000e+00
2.789118276426625354e-01 1.063994240378124539e-01 3.758258223533630371e-01 1.000000000000000000e+00
3.494313023683627284e-01 8.438549285784488485e-02 3.793643414974212646e-01 1.000000000000000000e+00
4.238316378315218902e-01 5.989351664625500171e-02 3.816394209861755371e-01 1.000000000000000000e+00
4.987312659355652711e-01 3.823766509123593949e-02 3.745245039463043213e-01 1.000000000000000000e+00
5.667525494360550198e-01 2.452862289637025572e-02 3.473870754241943359e-01 1.000000000000000000e+00
6.137824475217241726e-01 5.909325336015569530e-03 3.178915381431579590e-01 1.000000000000000000e+00
6.575132167465060906e-01 -2.915967646389849843e-02 2.613660395145416260e-01 1.000000000000000000e+00
7.395111538564815845e-01 -6.167371523365783315e-02 2.041618674993515015e-01 1.000000000000000000e+00
-5.071873527884330768e-01 5.138596704255750103e-01 6.182445958256721497e-02 1.000000000000000000e+00
-4.552556445120453099e-01 4.617729565770763434e-01 9.213122725486755371e-02 1.000000000000000000e+00
-3.627682300377259583e-01 4.301456572069388695e-01 1.502573788166046143e-01 1.000000000000000000e+00
-2.940604428636225953e-01 3.996358011826376955e-01 2.061844915151596069e-01 1.000000000000000000e+00
-2.349394199986556409e-01 3.728611253139174631e-01 2.336546331644058228e-01 1.000000000000000000e+00
-1.769142520734643953e-01 3.416827412468925740e-01 2.545431554317474365e-01 1.000000000000000000e+00
-1.264773397314321868e-01 3.139900174555519952e-01 2.728052735328674316e-01 1.000000000000000000e+00
-7.197852486416254914e-02 2.879931564077442552e-01 2.978551983833312988e-01 1.000000000000000000e+00
-1.648848987690158807e-02 2.647445543740742369e-01 3.271491229534149170e-01 1.000000000000000000e+00
4.292789283407359713e-02 2.382331224527970415e-01 3.404452502727508545e-01 1.000000000000000000e+00
9.970576692443343381e-02 2.118056154436170901e-01 3.546972870826721191e-01 1.000000000000000000e+00
1.625988800475647589e-01 1.855338989916016645e-01 3.711590468883514404e-01 1.000000000000000000e+00
2.304193074731197555e-01 1.681028317262464322e-01 3.798268437385559082e-01 1.000000000000000000e+00
3.053121815446893095e-01 1.579985568009568409e-01 3.747499287128448486e-01 1.000000000000000000e+00
3.829113469059918784e-01 1.421532910526043247e-01 3.700923919677734375e-01 1.000000000000000000e+00
4.613451252349313747e-01 1.211280301082931776e-01 3.680917620658874512e-01 1.000000000000000000e+00
5.379043171092277031e-01 8.810805003229685295e-02 3.644391894340515137e-01 1.000000000000000000e+00
6.064620246241397838e-01 7.105720529242659511e-02 3.399024009704589844e-01 1.000000000000000000e+00
6.554549121792039301e-01 4.660052706646461429e-02 3.069479167461395264e-01 1.000000000000000000e+00
7.080952933715221054e-01 1.592097202499037634e-02 2.463296949863433838e-01 1.000000000000000000e+00
7.822587846194741790e-01 8.246157351702143590e-03 1.951123028993606567e-01 1.000000000000000000e+00
-4.655930955596324083e-01 5.996883938657113777e-01 7.191891968250274658e-02 1.000000000000000000e+00
-4.161892867682992492e-01 5.547146192479339710e-01 1.009203642606735229e-01 1.000000000000000000e+00
-3.346994509905468762e-01 5.192976109198655932e-01 1.646876931190490723e-01 1.000000000000000000e+00
-2.754879230367589527e-01 4.865146225730460072e-01 2.100661247968673706e-01 1.000000000000000000e+00
-2.202224991419246269e-01 4.584275728670375027e-01 2.243352085351943970e-01 1.000000000000000000e+00
-1.637235318215856661e-01 4.200872801996776151e-01 2.366186231374740601e-01 1.000000000000000000e+00
-1.081360954674160102e-01 3.837760421867535410e-01 2.496280372142791748e-01 1.000000000000000000e+00
-5.722565274565177829e-02 3.548658329191908822e-01 2.740109264850616455e-01 1.000000000000000000e+00
-3.307473936892485478e-03 3.243395343556143562e-01 3.092596530914306641e-01 1.000000000000000000e+00
5.550536590340671150e-02 3.021586489719829682e-01 3.336897194385528564e-01 1.000000000000000000e+00
1.168727999889360991e-01 2.790388898542108254e-01 3.521424829959869385e-01 1.000000000000000000e+00
1.816365746414431159e-01 2.512834199421496439e-01 3.681557774543762207e-01 1.000000000000000000e+00
2.536986292909981233e-01 2.259493655023803171e-01 3.760864138603210449e-01 1.000000000000000000e+00
3.367022692317844790e-01 2.149491486765143233e-01 3.664034903049468994e-01 1.000000000000000000e+00
4.185625441978111372e-01 2.061546924358220734e-01 3.583553731441497803e-01 1.000000000000000000e+00
5.002118636503287696e-01 1.820295834670952739e-01 3.463086485862731934e-01 1.000000000000000000e+00
5.733465081792814555e-01 1.447664167337040508e-01 3.463854193687438965e-01 1.000000000000000000e+00
6.521820197315146839e-01 1.130713123039355783e-01 3.251168429851531982e-01 1.000000000000000000e+00
7.127772603320516875e-01 8.275310326816948114e-02 2.776162028312683105e-01 1.000000000000000000e+00
7.660248300974419333e-01 6.839341909941687447e-02 2.292421460151672363e-01 1.000000000000000000e+00
8.335283184905512011e-01 6.628675102344838699e-02 1.789663732051849365e-01 1.000000000000000000e+00
-3.881186954066342953e-01 6.924624372029521968e-01 7.031926512718200684e-02 1.000000000000000000e+00
-3.508167430359009353e-01 6.541316170397950547e-01 1.083421111106872559e-01 1.000000000000000000e+00
-2.934862605412904557e-01 6.141805982628943950e-01 1.587915420532226562e-01 1.000000000000000000e+00
-2.520235396754253454e-01 5.783170019280045038e-01 1.988443732261657715e-01 1.000000000000000000e+00
-2.050749639339578545e-01 5.510684953832566402e-01 2.068533748388290405e-01 1.000000000000000000e+00
-1.515361067617966018e-01 5.130525964721730503e-01 2.194043099880218506e-01 1.000000000000000000e+00
-9.255517475292385221e-02 4.640849127325183954e-01 2.274467051029205322e-01 1.000000000000000000e+00
-3.962067177827244269e-02 4.261899225931004564e-01 2.608994543552398682e-01 1.000000000000000000e+00
1.484557411181042230e-02 3.923538846995240914e-01 2.894745171070098877e-01 1.000000000000000000e+00
7.674817834301900232e-02 3.680412538650602028e-01 3.194040060043334961e-01 1.000000000000000000e+00
1.385943163339350970e-01 3.473148878336761447e-01 3.487595617771148682e-01 1.000000000000000000e+00
2.052735282740046074e-01 3.237564537798904296e-01 3.647331297397613525e-01 1.000000000000000000e+00
2.812996784184714216e-01 2.967907525886507303e-01 3.632025420665740967e-01 1.000000000000000000e+00
3.693336817062906619e-01 2.794544209020358161e-01 3.565866053104400635e-01 1.000000000000000000e+00
4.516449964400127137e-01 2.625940430389423486e-01 3.501162827014923096e-01 1.000000000000000000e+00
5.352341667420926763e-01 2.457281386703379367e-01 3.364518284797668457e-01 1.000000000000000000e+00
6.110053073796444245e-01 2.098271580808188375e-01 3.309482038021087646e-01 1.000000000000000000e+00
6.963594191099664599e-01 1.565052412746553157e-01 3.137197196483612061e-01 1.000000000000000000e+00
7.784052561132746018e-01 1.172396356216630631e-01 2.764088511466979980e-01 1.000000000000000000e+00
8.330801289034863721e-01 1.186491526764128501e-01 2.235973179340362549e-01 1.000000000000000000e+00
8.943473167098325849e-01 1.304337486948469738e-01 1.498639285564422607e-01 1.000000000000000000e+00
-2.943131290255135979e-01 7.883392683072922846e-01 6.236433610320091248e-02 1.000000000000000000e+00
-2.579513990880734076e-01 7.557437807527855878e-01 1.116062253713607788e-01 1.000000000000000000e+00
-2.332434202778652099e-01 7.198341389858975425e-01 1.556302160024642944e-01 1.000000000000000000e+00
-2.190254338138061252e-01 6.819088031155515761e-01 1.838268041610717773e-01 1.000000000000000000e+00
-1.764671266943244887e-01 6.523447487136152523e-01 1.944592148065567017e-01 1.000000000000000000e+00
-1.305074846063166982e-01 6.021112054523601875e-01 2.076316475868225098e-01 1.000000000000000000e+00
-8.300023131441308655e-02 5.538652864934547893e-01 2.246563434600830078e-01 1.000000000000000000e+00
-1.830161568970392616e-02 5.054564278182060999e-01 2.569814622402191162e-01 1.000000000000000000e+00
4.423368649463807478e-02 4.679786071853488938e-01 2.832095623016357422e-01 1.000000000000000000e+00
1.114019704648279430e-01 4.302588741787513604e-01 3.069300949573516846e-01 1.000000000000000000e+00
1.716198492572227341e-01 4.035558321474314591e-01 3.341961503028869629e-01 1.000000000000000000e+00
2.396168772463944663e-01 3.873902398136840342e-01 3.493117690086364746e-01 1.000000000000000000e+00
3.111655780127307036e-01 3.645252373217359176e-01 3.455425202846527100e-01 1.000000000000000000e+00
3.980527049664737693e-01 3.398324866947303180e-01 3.434726893901824951e-01 1.000000000000000000e+00
4.838703503708967624e-01 3.222567424693273952e-01 3.379609584808349609e-01 1.000000000000000000e+00
5.741488788078075167e-01 3.124237351977660060e-01 3.241731226444244385e-01 1.000000000000000000e+00
6.556481344062020655e-01 2.947382642864430080e-01 3.150947093963623047e-01 1.000000000000000000e+00
7.472374087583772972e-01 2.561118155911184524e-01 2.941243350505828857e-01 1.000000000000000000e+00
8.231282464456999293e-01 2.171292260258768647e-01 2.663204371929168701e-01 1.000000000000000000e+00
8.878599473464902081e-01 2.068664262666256026e-01 2.098246663808822632e-01 1.000000000000000000e+00
9.486864055579579125e-01 2.170289165264209230e-01 1.239286512136459351e-01 1.000000000000000000e+00
-2.143332673159368262e-01 8.867495254021979800e-01 4.171243682503700256e-02 1.000000000000000000e+00
-1.752647824734300253e-01 8.572827670000489064e-01 9.368111193180084229e-02 1.000000000000000000e+00
-1.690079352980179972e-01 8.184400417515906856e-01 1.448488086462020874e-01 1.000000000000000000e+00
-1.698030777420245219e-01 7.771036771375611218e-01 1.744834482669830322e-01 1.000000000000000000e+00
-1.408153604200503284e-01 7.401866203241413977e-01 1.902830004692077637e-01 1.000000000000000000e+00
-9.089391457201845270e-02 6.928507571917073005e-01 2.046555429697036743e-01 1.000000000000000000e+00
-4.124536956809471411e-02 6.356825822107123880e-01 2.278814464807510376e-01 1.000000000000000000e+00
2.436258538666130624e-02 5.780378106667563021e-01 2.615809142589569092e-01 1.000000000000000000e+00
8.835338683747853694e-02 5.320180882461962302e-01 2.793036699295043945e-01 1.000000000000000000e+00
1.546769215229645833e-01 4.906843051266379652e-01 3.007595837116241455e-01 1.000000000000000000e+00
2.125140512835244910e-01 4.595948719833953255e-01 3.210180699825286865e-01 1.000000000000000000e+00
2.787679277651341492e-01 4.339260925411085323e-01 3.312238156795501709e-01 1.000000000000000000e+00
3.570532543569061579e-01 4.132609026603380475e-01 3.327226340770721436e-01 1.000000000000000000e+00
4.390431809314864764e-01 3.914000303949157766e-01 3.249502480030059814e-01 1.000000000000000000e+00
5.236187060267327720e-01 3.794506902481867838e-01 3.161028623580932617e-01 1.000000000000000000e+00
6.145527760086698654e-01 3.714493955496209754e-01 3.044154047966003418e-01 1.000000000000000000e+00
6.946932698946338691e-01 3.585480450229059368e-01 2.893657684326171875e-01 1.000000000000000000e+00
7.835766744255612259e-01 3.358437063174813941e-01 2.656947076320648193e-01 1.000000000000000000e+00
8.668331375054960652e-01 3.113831084346078693e-01 2.341704070568084717e-01 1.000000000000000000e+00
9.171837857853386566e-01 3.182871836891774109e-01 1.599875539541244507e-01 1.000000000000000000e+00
9.859576223394148631e-01 3.179546029075779323e-01 8.635267615318298340e-02 1.000000000000000000e+00
-1.217551225305747442e-01 9.692701677274054850e-01 4.479304328560829163e-02 1.000000000000000000e+00
-1.131873847247346632e-01 9.336188650684649204e-01 7.680965960025787354e-02 1.000000000000000000e+00
-1.259733055700905102e-01 8.943028517846535186e-01 1.305014342069625854e-01 1.000000000000000000e+00
-1.329330146646944266e-01 8.593723023820978302e-01 1.750542372465133667e-01 1.000000000000000000e+00
-1.182656795752364820e-01 8.173571838462245776e-01 1.976881176233291626e-01 1.000000000000000000e+00
-6.682132057653628054e-02 7.653646629357916398e-01 2.099378556013107300e-01 1.000000000000000000e+00
-7.196848337750638702e-03 6.915378828605931449e-01 2.377444058656692505e-01 1.000000000000000000e+00
5.825307700851373172e-02 6.263412600738791358e-01 2.667560279369354248e-01 1.000000000000000000e+00
1.205871701380647476e-01 5.786875043365518057e-01 2.804619371891021729e-01 1.000000000000000000e+00
1.867708194333431437e-01 5.398217142252459411e-01 2.941425144672393799e-01 1.000000000000000000e+00
2.492991357775444783e-01 4.994371835012743066e-01 3.055916130542755127e-01 1.000000000000000000e+00
3.144205791232270730e-01 4.711312652109487242e-01 3.110637068748474121e-01 1.000000000000000000e+00
3.911865276312495587e-01 4.529352747919693223e-01 3.014088273048400879e-01 1.000000000000000000e+00
4.749882497587260000e-01 4.278704965673361116e-01 2.826892137527465820e-01 1.000000000000000000e+00
5.510201371429463979e-01 4.283540210185212693e-01 2.780720889568328857e-01 1.000000000000000000e+00
6.436235753057710784e-01 4.292249593012186226e-01 2.629202008247375488e-01 1.000000000000000000e+00
7.302203868644370210e-01 4.147239567494089840e-01 2.557547390460968018e-01 1.000000000000000000e+00
8.205738523980001808e-01 4.213525812755355426e-01 2.346938997507095337e-01 1.000000000000000000e+00
9.041961079761611231e-01 4.086035389226267411e-01 1.973595470190048218e-01 1.000000000000000000e+00
9.599911175592470425e-01 4.118951234976305775e-01 1.079275459051132202e-01 1.000000000000000000e+00
1.024517015398758613e+00 4.067043176350288447e-01 5.359274893999099731e-02 1.000000000000000000e+00
-7.222448333536019005e-02 1.036494728277069566e+00 5.464100837707519531e-02 1.000000000000000000e+00
-8.465746647128574720e-02 9.826056834773433390e-01 8.328753709793090820e-02 1.000000000000000000e+00
-1.025072468715286234e-01 9.259774306991972459e-01 1.198692768812179565e-01 1.000000000000000000e+00
-1.253181749568371695e-01 8.798455555147496332e-01 1.536736488342285156e-01 1.000000000000000000e+00
-1.329769527542670193e-01 8.260052956921748457e-01 1.866889446973800659e-01 1.000000000000000000e+00
-7.900707029909703749e-02 7.616798482641811141e-01 2.022945284843444824e-01 1.000000000000000000e+00
-2.662469103993830855e-02 6.977735090977799093e-01 2.182923704385757446e-01 0.000000000000000000e+00
3.122038340156585434e-02 6.336005068208500068e-01 2.358831316232681274e-01 0.000000000000000000e+00
1.001454007012504976e-01 5.845172985694271350e-01 2.667284309864044189e-01 1.000000000000000000e+00
1.682081145538264488e-01 5.453402223717319641e-01 2.755192518234252930e-01 1.000000000000000000e+00
2.403759630614998866e-01 5.100484217938772158e-01 2.822891473770141602e-01 1.000000000000000000e+00
3.166676383515853455e-01 4.756314106670024300e-01 2.650192975997924805e-01 1.000000000000000000e+00
3.912580719065967827e-01 4.572303126097447823e-01 2.417085319757461548e-01 1.000000000000000000e+00
4.793451960286079228e-01 4.455197686041443839e-01 2.128390371799468994e-01 1.000000000000000000e+00
5.492970949504800693e-01 4.566716403276647185e-01 2.113764733076095581e-01 1.000000000000000000e+00
6.300363796499504065e-01 4.506791171126887097e-01 1.958053559064865112e-01 1.000000000000000000e+00
7.365860782761284309e-01 4.380867978159677101e-01 1.901224106550216675e-01 1.000000000000000000e+00
8.398935884337572766e-01 4.802270503450697392e-01 1.814442574977874756e-01 1.000000000000000000e+00
9.201917220698642152e-01 4.997431906948878177e-01 1.356160342693328857e-01 1.000000000000000000e+00
9.841149621225184774e-01 5.006332056948923359e-01 5.282868072390556335e-02 1.000000000000000000e+00
1.036902288302169683e+00 5.000914501041333615e-01 3.711095452308654785e-02 1.000000000000000000e+00
