1.010816297206476033e-01 -8.778571514957027588e-01 3.265355899930000305e-02 1.000000000000000000e+00
1.338706977503648088e-01 -8.071674456488669991e-01 3.287715464830398560e-02 1.000000000000000000e+00
1.679843780085066851e-01 -7.434005071839153711e-01 3.318895027041435242e-02 1.000000000000000000e+00
1.985863617752966215e-01 -6.835192763440013364e-01 3.391423448920249939e-02 1.000000000000000000e+00
2.293979628931554493e-01 -6.311299217814141382e-01 3.553202375769615173e-02 1.000000000000000000e+00
2.556215529125275276e-01 -5.813168249441915680e-01 3.693469241261482239e-02 1.000000000000000000e+00
2.863228768012576197e-01 -5.247895138682290295e-01 3.916363418102264404e-02 1.000000000000000000e+00
3.209676969126898927e-01 -4.700076038878678308e-01 4.291193187236785889e-02 1.000000000000000000e+00
3.617562736682672364e-01 -4.262756598196836832e-01 4.621192812919616699e-02 1.000000000000000000e+00
4.118074778090629606e-01 -3.879886526226427046e-01 5.161947384476661682e-02 1.000000000000000000e+00
4.672804341030539210e-01 -3.471344993220493724e-01 6.170333549380302429e-02 1.000000000000000000e+00
5.310255194270525614e-01 -3.023318935927868933e-01 7.476083934307098389e-02 1.000000000000000000e+00
5.922532577831925993e-01 -2.419400115363148640e-01 8.042179048061370850e-02 1.000000000000000000e+00
6.440261198558988598e-01 -1.885243496023509824e-01 9.257687628269195557e-02 1.000000000000000000e+00
6.779239028825436719e-01 -1.397289200325604330e-01 8.739365637302398682e-02 1.000000000000000000e+00
7.144035386286931022e-01 -1.000365143181226046e-01 8.683854341506958008e-02 1.000000000000000000e+00
7.571242375554871895e-01 -6.716772552444694178e-02 8.459499478340148926e-02 1.000000000000000000e+00
7.991929247358178223e-01 -2.567653446241263682e-02 7.531356811523437500e-02 1.000000000000000000e+00
8.418109328662151114e-01 2.497525305004028029e-02 7.198722660541534424e-02 1.000000000000000000e+00
8.736189908499927270e-01 9.372097765615955423e-02 6.391951441764831543e-02 1.000000000000000000e+00
8.883273558964759342e-01 1.527206228657711495e-01 4.272507131099700928e-02 1.000000000000000000e+00
6.659543454194216672e-02 -8.204910338406763426e-01 3.423452004790306091e-02 1.000000000000000000e+00
9.386996676564546283e-02 -7.481884945418741939e-01 3.645416721701622009e-02 1.000000000000000000e+00
1.185682096538477337e-01 -6.807175224423911430e-01 3.760140761733055115e-02 1.000000000000000000e+00
1.470826810873172852e-01 -6.238420151774558553e-01 3.867364674806594849e-02 1.000000000000000000e+00
1.705431131816030066e-01 -5.724013018811517917e-01 4.013539478182792664e-02 1.000000000000000000e+00
1.947056906986560088e-01 -5.228198757334816538e-01 4.252472519874572754e-02 1.000000000000000000e+00
2.260277639089666724e-01 -4.696874827683594211e-01 4.520891606807708740e-02 1.000000000000000000e+00
2.654575947571816696e-01 -4.152663550796075187e-01 4.849681630730628967e-02 1.000000000000000000e+00
3.024787226762869485e-01 -3.679015475989586559e-01 5.843012407422065735e-02 1.000000000000000000e+00
3.520904194808110454e-01 -3.267682794282799619e-01 7.032644748687744141e-02 1.000000000000000000e+00
4.108825665355804180e-01 -2.927242560569254248e-01 8.646011352539062500e-02 1.000000000000000000e+00
4.689753906893436852e-01 -2.551881357958655228e-01 1.006400436162948608e-01 1.000000000000000000e+00
5.254559819837318901e-01 -2.124658774356764923e-01 1.198683083057403564e-01 1.000000000000000000e+00
5.789329254354307341e-01 -1.623503980338125985e-01 1.356112658977508545e-01 1.000000000000000000e+00
6.265767134430852980e-01 -1.181261524332408164e-01 1.427328437566757202e-01 1.000000000000000000e+00
6.734404054316517341e-01 -8.268509932809686713e-02 1.490042805671691895e-01 1.000000000000000000e+00
7.112854094087358581e-01 -4.451210857590098824e-02 1.410427093505859375e-01 1.000000000000000000e+00
7.481545241819744785e-01 -2.936202348359784331e-03 1.265831440687179565e-01 1.000000000000000000e+00
7.929920275018039755e-01 4.706951612326959467e-02 1.145018488168716431e-01 1.000000000000000000e+00
8.326706301233544050e-01 1.170230429671655914e-01 1.051288545131683350e-01 1.000000000000000000e+00
8.493900741933835263e-01 1.853092404839705720e-01 8.759714663028717041e-02 1.000000000000000000e+00
2.069802227576067466e-02 -7.708772810601982606e-01 3.946533054113388062e-02 1.000000000000000000e+00
4.381474682044006475e-02 -6.938704158977314629e-01 4.090314731001853943e-02 1.000000000000000000e+00
6.353169582998818843e-02 -6.251617172980290515e-01 4.223962500691413879e-02 1.000000000000000000e+00
8.756024636877651757e-02 -5.671304380798036782e-01 4.282879829406738281e-02 1.000000000000000000e+00
1.119644306949182100e-01 -5.196005308568254488e-01 4.423185437917709351e-02 1.000000000000000000e+00
1.377590290167221565e-01 -4.693464304702092971e-01 4.736479371786117554e-02 1.000000000000000000e+00
1.681511846982006175e-01 -4.144656071047490564e-01 6.137951835989952087e-02 1.000000000000000000e+00
2.065398619476509767e-01 -3.603345761742975939e-01 7.719489932060241699e-02 1.000000000000000000e+00
2.454651265305616836e-01 -3.101395814743618806e-01 8.814485371112823486e-02 1.000000000000000000e+00
2.985279390000594169e-01 -2.734901005141586183e-01 9.609630703926086426e-02 1.000000000000000000e+00
3.541096657733448505e-01 -2.463559791991802306e-01 1.130281090736389160e-01 1.000000000000000000e+00
4.019701412659060780e-01 -2.192681680510922826e-01 1.350416541099548340e-01 1.000000000000000000e+00
4.609269442040063725e-01 -1.796784320596269413e-01 1.700546145439147949e-01 1.000000000000000000e+00
5.193831795590548861e-01 -1.364741296563066475e-01 1.970164179801940918e-01 1.000000000000000000e+00
5.708269906487244416e-01 -9.564331649016533099e-02 2.132778018712997437e-01 1.000000000000000000e+00
6.189232250751435238e-01 -5.329835671784577400e-02 2.117713838815689087e-01 1.000000000000000000e+00
6.600407000314316708e-01 -1.654771673577132285e-02 1.922552883625030518e-01 1.000000000000000000e+00
6.993425730475676394e-01 2.117626256581373045e-02 1.705138683319091797e-01 1.000000000000000000e+00
7.395348614587688996e-01 6.666809570877491042e-02 1.566210389137268066e-01 1.000000000000000000e+00
7.816850817175438060e-01 1.293844607543196967e-01 1.518146097660064697e-01 1.000000000000000000e+00
8.191867574666582552e-01 1.992163939402617490e-01 1.361594498157501221e-01 1.000000000000000000e+00
-2.136562835617283884e-02 -7.120195442895228544e-01 4.151431843638420105e-02 1.000000000000000000e+00
3.409743264804254714e-03 -6.406305168587701493e-01 4.501938447356224060e-02 1.000000000000000000e+00
1.694219016440934311e-02 -5.692603712161502516e-01 4.625343903899192810e-02 1.000000000000000000e+00
3.242314909094581865e-02 -5.038039552552151523e-01 4.614949971437454224e-02 1.000000000000000000e+00
5.898773872490739589e-02 -4.535854584188785954e-01 5.345219001173973083e-02 1.000000000000000000e+00
9.354778571891603223e-02 -4.078496687800242659e-01 7.249335944652557373e-02 1.000000000000000000e+00
1.266435036816863924e-01 -3.560611491530961681e-01 8.799596130847930908e-02 1.000000000000000000e+00
1.690758970912417114e-01 -3.043787869008549585e-01 1.031527817249298096e-01 1.000000000000000000e+00
2.135558160115926529e-01 -2.601366604998024412e-01 1.162946671247482300e-01 1.000000000000000000e+00
2.663387681386220063e-01 -2.291512997793342665e-01 1.276657581329345703e-01 1.000000000000000000e+00
3.173899721147894759e-01 -2.017723790314925325e-01 1.492187231779098511e-01 1.000000000000000000e+00
3.567968434672781908e-01 -1.822611803996623814e-01 1.828353106975555420e-01 1.000000000000000000e+00
4.134699088821035540e-01 -1.499836381336097368e-01 2.206657230854034424e-01 1.000000000000000000e+00
4.708204005930444191e-01 -1.124339887341778699e-01 2.527687549591064453e-01 1.000000000000000000e+00
5.285738899327344642e-01 -7.105286416702974450e-02 2.613944113254547119e-01 1.000000000000000000e+00
5.752402293031486646e-01 -3.131319076198690876e-02 2.560681402683258057e-01 1.000000000000000000e+00
6.104808109233506030e-01 1.052699727914185868e-02 2.429533600807189941e-01 1.000000000000000000e+00
6.521505149622528474e-01 5.388190090890371264e-02 2.242703437805175781e-01 1.000000000000000000e+00
6.918029654643023107e-01 9.668954878417579391e-02 2.190411686897277832e-01 1.000000000000000000e+00
7.288953110206788377e-01 1.630103966080692635e-01 2.132273763418197632e-01 1.000000000000000000e+00
7.637928594408505134e-01 2.229056623485374256e-01 1.853863596916198730e-01 1.000000000000000000e+00
-6.886630673970878247e-02 -6.561801962218036799e-01 4.564679786562919617e-02 1.000000000000000000e+00
-4.182783901451492259e-02 -5.902034352691530872e-01 5.021309852600097656e-02 1.000000000000000000e+00
-2.925813150201994617e-02 -5.119563780158289390e-01 5.077607184648513794e-02 1.000000000000000000e+00
-1.509683254920807238e-02 -4.466696031201502493e-01 6.242766603827476501e-02 1.000000000000000000e+00
1.500330869236260467e-02 -3.974967063750961538e-01 8.040899038314819336e-02 1.000000000000000000e+00
5.540999812193883600e-02 -3.466928530332159530e-01 9.623458981513977051e-02 1.000000000000000000e+00
9.341239950478685827e-02 -3.011552273393477419e-01 1.142626553773880005e-01 1.000000000000000000e+00
1.406247038824551265e-01 -2.563665774852983970e-01 1.289949119091033936e-01 1.000000000000000000e+00
1.880197187996851815e-01 -2.197151735751317891e-01 1.430437564849853516e-01 1.000000000000000000e+00
2.350039455066367244e-01 -1.919316180568941821e-01 1.624791771173477173e-01 1.000000000000000000e+00
2.805645425500323809e-01 -1.634132677962725211e-01 1.886674910783767700e-01 1.000000000000000000e+00
3.239066756846953887e-01 -1.442008376368240086e-01 2.219892442226409912e-01 1.000000000000000000e+00
3.733518410711298419e-01 -1.168064819228041840e-01 2.631550431251525879e-01 1.000000000000000000e+00
4.338433582774815500e-01 -8.077766994175150650e-02 2.948606908321380615e-01 1.000000000000000000e+00
4.844948612987070025e-01 -4.191303886877972840e-02 3.036185801029205322e-01 1.000000000000000000e+00
5.256853978168888331e-01 -7.466166699734988477e-03 2.985794544219970703e-01 1.000000000000000000e+00
5.593364110455023575e-01 3.607190713365515666e-02 2.849121093750000000e-01 1.000000000000000000e+00
5.956577221552206147e-01 8.298295110652365025e-02 2.638398408889770508e-01 1.000000000000000000e+00
6.318354178786379505e-01 1.329690502201712199e-01 2.543855011463165283e-01 1.000000000000000000e+00
6.699743118303885803e-01 1.888905424956382195e-01 2.476673126220703125e-01 1.000000000000000000e+00
7.085071945220189349e-01 2.470676498097111873e-01 2.166027575731277466e-01 1.000000000000000000e+00
-1.190595365403631090e-01 -5.955917834107253839e-01 5.232512578368186951e-02 1.000000000000000000e+00
-9.018858706218838006e-02 -5.348341299294516737e-01 6.725999712944030762e-02 1.000000000000000000e+00
-7.837790214452611259e-02 -4.616072259491085239e-01 7.239715754985809326e-02 1.000000000000000000e+00
-6.470475852787954674e-02 -3.903645429130977451e-01 9.415054321289062500e-02 1.000000000000000000e+00
-2.486045557140842410e-02 -3.412027097157777633e-01 1.125043779611587524e-01 1.000000000000000000e+00
1.884173809008310441e-02 -2.967176172697720826e-01 1.278631985187530518e-01 1.000000000000000000e+00
6.132205246639532703e-02 -2.573368664266479922e-01 1.487074941396713257e-01 1.000000000000000000e+00
1.075936181118761770e-01 -2.198003194287469486e-01 1.653856337070465088e-01 1.000000000000000000e+00
1.536526516882957827e-01 -1.888323232098652882e-01 1.841629594564437866e-01 1.000000000000000000e+00
1.972452372018786981e-01 -1.614633873138535680e-01 2.130779623985290527e-01 1.000000000000000000e+00
2.395336372205855713e-01 -1.359410457796288441e-01 2.425799071788787842e-01 1.000000000000000000e+00
2.858075367478027373e-01 -1.097236934938363301e-01 2.742945253849029541e-01 1.000000000000000000e+00
3.338642690404549640e-01 -8.609401019264295574e-02 3.023313879966735840e-01 1.000000000000000000e+00
3.854736118776510567e-01 -5.097689776515368365e-02 3.269194662570953369e-01 1.000000000000000000e+00
4.335205239546002787e-01 -1.699068011362084296e-02 3.371600508689880371e-01 1.000000000000000000e+00
4.748669616654238590e-01 1.477063701515823890e-02 3.367208838462829590e-01 1.000000000000000000e+00
5.049008902079840100e-01 5.401929963504914500e-02 3.224384784698486328e-01 1.000000000000000000e+00
5.346217941066536694e-01 1.034960751578668237e-01 2.957865297794342041e-01 1.000000000000000000e+00
5.713439849659832648e-01 1.571824146896798613e-01 2.784523069858551025e-01 1.000000000000000000e+00
6.109688082088339245e-01 2.127719583862749675e-01 2.641830444335937500e-01 1.000000000000000000e+00
6.420006266101622172e-01 2.674492124734276777e-01 2.279819995164871216e-01 1.000000000000000000e+00
-1.726202363167651521e-01 -5.322695784912607753e-01 7.590453326702117920e-02 1.000000000000000000e+00
-1.454222427699575770e-01 -4.727684279312179827e-01 9.293849766254425049e-02 1.000000000000000000e+00
-1.274207758619241293e-01 -4.010164950613622215e-01 1.082255095243453979e-01 1.000000000000000000e+00
-1.055716810064826205e-01 -3.353528008994505760e-01 1.418649256229400635e-01 1.000000000000000000e+00
-5.983999014864600785e-02 -2.919035515492971467e-01 1.591564118862152100e-01 1.000000000000000000e+00
-1.134222269646366354e-02 -2.581270671526666449e-01 1.701170653104782104e-01 0.000000000000000000e+00
3.224939870795955066e-02 -2.277535193048057516e-01 1.861533224582672119e-01 1.000000000000000000e+00
7.296515097766617663e-02 -1.967779247993909908e-01 2.108892351388931274e-01 1.000000000000000000e+00
1.153165170709593290e-01 -1.683124280038910126e-01 2.381023317575454712e-01 1.000000000000000000e+00
1.583897625317459146e-01 -1.416345384215089986e-01 2.704490423202514648e-01 1.000000000000000000e+00
1.997114508228705343e-01 -1.155543095902576839e-01 3.016031682491302490e-01 1.000000000000000000e+00
2.424791856326027895e-01 -8.773669415006721262e-02 3.250854611396789551e-01 1.000000000000000000e+00
2.887594071870965839e-01 -6.090092115607434464e-02 3.472434878349304199e-01 1.000000000000000000e+00
3.364066723097533518e-01 -2.619206417668587528e-02 3.640196919441223145e-01 1.000000000000000000e+00
3.774420557418544653e-01 3.754567705896050267e-03 3.742563426494598389e-01 1.000000000000000000e+00
4.178277771142965280e-01 3.795043431863420746e-02 3.701627254486083984e-01 1.000000000000000000e+00
4.452432273259960271e-01 7.529627209537950727e-02 3.520639538764953613e-01 1.000000000000000000e+00
4.698036921664161536e-01 1.220561985429122198e-01 3.215391635894775391e-01 1.000000000000000000e+00
5.049216686042998781e-01 1.769235138434246957e-01 2.963959574699401855e-01 1.000000000000000000e+00
5.470262648995616317e-01 2.379302130525493275e-01 2.723018527030944824e-01 1.000000000000000000e+00
5.771315375199386200e-01 2.957788383660405751e-01 2.301846444606781006e-01 1.000000000000000000e+00
-2.215039108506254295e-01 -4.598969595200971261e-01 9.890106320381164551e-02 1.000000000000000000e+00
-1.876896944878655438e-01 -4.116497866924484494e-01 1.331058889627456665e-01 1.000000000000000000e+00
-1.613980056980119926e-01 -3.517244913224162883e-01 1.589550077915191650e-01 1.000000000000000000e+00
-1.337402585225794249e-01 -2.921957925285156299e-01 1.864436119794845581e-01 1.000000000000000000e+00
-8.848518003277215660e-02 -2.541978429065415712e-01 2.065097987651824951e-01 0.000000000000000000e+00
-3.946648806970727563e-02 -2.327046887234866801e-01 2.203094661235809326e-01 0.000000000000000000e+00
2.647928441257607624e-03 -2.112560310757471416e-01 2.386284470558166504e-01 1.000000000000000000e+00
4.167510937222376755e-02 -1.863620582230603451e-01 2.608508169651031494e-01 1.000000000000000000e+00
8.445883891096589435e-02 -1.583584908872397723e-01 2.889795303344726562e-01 1.000000000000000000e+00
1.261974306566701343e-01 -1.329926221622897697e-01 3.246111571788787842e-01 1.000000000000000000e+00
1.577570764324136288e-01 -1.031414831846323710e-01 3.505956232547760010e-01 1.000000000000000000e+00
1.950085790254794116e-01 -7.052377370424829650e-02 3.697984814643859863e-01 1.000000000000000000e+00
2.380792759190201169e-01 -3.616402960778768161e-02 3.869153857231140137e-01 1.000000000000000000e+00
2.812485121443792924e-01 -3.545013575099731362e-03 3.989110291004180908e-01 1.000000000000000000e+00
3.184021919020513236e-01 2.586883999545597224e-02 4.018059968948364258e-01 1.000000000000000000e+00
3.487482600046831194e-01 5.395269707768979295e-02 3.918225169181823730e-01 1.000000000000000000e+00
3.761625301046243042e-01 9.103591784136375042e-02 3.705475032329559326e-01 1.000000000000000000e+00
4.084163753051017753e-01 1.358657925816127987e-01 3.419187366962432861e-01 1.000000000000000000e+00
4.474641976551261280e-01 1.933586141999750763e-01 3.129291832447052002e-01 1.000000000000000000e+00
4.905034424629655110e-01 2.541467398527221810e-01 2.802464365959167480e-01 1.000000000000000000e+00
5.282319946976140601e-01 3.147128991277867160e-01 2.354441136121749878e-01 1.000000000000000000e+00
-2.683432472291086279e-01 -3.893632971115169594e-01 1.301127374172210693e-01 1.000000000000000000e+00
-2.288726340366033507e-01 -3.517381363646217007e-01 1.733545064926147461e-01 1.000000000000000000e+00
-1.957505426833772710e-01 -3.057070553683879366e-01 2.003958821296691895e-01 1.000000000000000000e+00
-1.646148797156742061e-01 -2.595738894367047300e-01 2.276487797498703003e-01 1.000000000000000000e+00
-1.269357762710411064e-01 -2.282219341107998012e-01 2.520078718662261963e-01 0.000000000000000000e+00
-8.057927418909867356e-02 -2.150464762864380264e-01 2.720586359500885010e-01 1.000000000000000000e+00
-3.768356047386306473e-02 -1.991198776571715956e-01 2.864021658897399902e-01 1.000000000000000000e+00
8.053398740037409631e-03 -1.763029436459501720e-01 3.090349137783050537e-01 1.000000000000000000e+00
4.867341444335153422e-02 -1.501874497562963873e-01 3.370352089405059814e-01 1.000000000000000000e+00
8.449985174583404812e-02 -1.156901133216048927e-01 3.668015599250793457e-01 1.000000000000000000e+00
1.167953327642841516e-01 -8.282897944929007439e-02 3.889392614364624023e-01 1.000000000000000000e+00
1.495630863424560197e-01 -4.358719598532954931e-02 4.035388827323913574e-01 1.000000000000000000e+00
1.864516940331309158e-01 -6.826630420430732094e-03 4.140383601188659668e-01 1.000000000000000000e+00
2.298597975224255519e-01 2.356757991991260959e-02 4.193505644798278809e-01 1.000000000000000000e+00
2.673402734067389375e-01 4.921149272157802901e-02 4.188300371170043945e-01 1.000000000000000000e+00
2.916553066115679660e-01 7.211026537589547425e-02 4.048593640327453613e-01 1.000000000000000000e+00
3.179854965475362172e-01 1.053496724819516506e-01 3.842304646968841553e-01 1.000000000000000000e+00
3.549022372595921349e-01 1.443842501848314752e-01 3.537218868732452393e-01 0.000000000000000000e+00
4.011733234846711627e-01 1.982822722632904267e-01 3.218068778514862061e-01 1.000000000000000000e+00
4.462600621931698264e-01 2.577547840397700352e-01 2.870954275131225586e-01 1.000000000000000000e+00
4.807709606934587043e-01 3.208266103372996447e-01 2.443030327558517456e-01 1.000000000000000000e+00
-3.213091021906961386e-01 -3.262364270298321323e-01 1.415118277072906494e-01 1.000000000000000000e+00
-2.896845199751985067e-01 -3.080223608811975544e-01 1.932661533355712891e-01 1.000000000000000000e+00
-2.510012784015054343e-01 -2.778682927469571240e-01 2.271496057510375977e-01 1.000000000000000000e+00
-2.119686447220132108e-01 -2.399015423295932370e-01 2.538105547428131104e-01 1.000000000000000000e+00
-1.676215463263883154e-01 -2.098582308448833922e-01 2.809809744358062744e-01 0.000000000000000000e+00
-1.202922949808144099e-01 -2.021813351709498829e-01 3.086301982402801514e-01 1.000000000000000000e+00
-7.914404228840113409e-02 -1.865378896066917647e-01 3.246772587299346924e-01 1.000000000000000000e+00
-3.482305386542870751e-02 -1.621566489712081838e-01 3.447213470935821533e-01 1.000000000000000000e+00
1.727156778552216276e-03 -1.301467708033360871e-01 3.693165183067321777e-01 1.000000000000000000e+00
3.630995780240064974e-02 -9.300155729385865822e-02 3.931251466274261475e-01 1.000000000000000000e+00
6.879617306669778831e-02 -5.592321107663279084e-02 4.134116172790527344e-01 1.000000000000000000e+00
1.019398027766019454e-01 -1.532562671634956492e-02 4.261814057826995850e-01 1.000000000000000000e+00
1.390355358859275414e-01 2.263939568022538262e-02 4.272207021713256836e-01 1.000000000000000000e+00
1.825954944704069605e-01 5.116097939438121744e-02 4.287216961383819580e-01 1.000000000000000000e+00
2.278885261972982690e-01 7.480206868645286611e-02 4.244104921817779541e-01 1.000000000000000000e+00
2.536168169896824698e-01 9.607691273093345308e-02 4.087378382682800293e-01 0.000000000000000000e+00
2.742487898854703010e-01 1.229542793960504699e-01 3.864140808582305908e-01 1.000000000000000000e+00
3.105989610497063569e-01 1.571771516019719317e-01 3.632382154464721680e-01 0.000000000000000000e+00
3.585641029721883810e-01 2.023189077528455559e-01 3.348631262779235840e-01 1.000000000000000000e+00
4.128570304844823013e-01 2.546899178996184232e-01 3.045420348644256592e-01 1.000000000000000000e+00
4.314466672001973646e-01 3.187046903705262890e-01 2.592464983463287354e-01 1.000000000000000000e+00
-3.730597001906765242e-01 -2.769475843045245411e-01 1.455463916063308716e-01 1.000000000000000000e+00
-3.448682422041943751e-01 -2.690419102685178698e-01 2.021656185388565063e-01 1.000000000000000000e+00
-3.045693222662605448e-01 -2.514129793544721547e-01 2.453889846801757812e-01 1.000000000000000000e+00
-2.584689834612112214e-01 -2.202554474407479868e-01 2.744694948196411133e-01 1.000000000000000000e+00
-2.106193397087172681e-01 -1.939848426118619962e-01 3.053249418735504150e-01 1.000000000000000000e+00
-1.637398215785349498e-01 -1.834826066062203720e-01 3.302409648895263672e-01 1.000000000000000000e+00
-1.195807455424732074e-01 -1.686978820069474638e-01 3.517940342426300049e-01 1.000000000000000000e+00
-8.407471780199361755e-02 -1.449546498275096629e-01 3.739582002162933350e-01 1.000000000000000000e+00
-4.844017905204826141e-02 -1.101792640477467222e-01 3.937755227088928223e-01 1.000000000000000000e+00
-1.251779313184168269e-02 -7.575944488708989677e-02 4.117996394634246826e-01 1.000000000000000000e+00
1.951680811394909329e-02 -3.476359124762494479e-02 4.314274787902832031e-01 1.000000000000000000e+00
5.693316415369821526e-02 1.020335162942660398e-02 4.427066743373870850e-01 1.000000000000000000e+00
9.693010719040760781e-02 4.742350223555638622e-02 4.363549053668975830e-01 1.000000000000000000e+00
1.418373477394544446e-01 7.952719401985769432e-02 4.344980716705322266e-01 1.000000000000000000e+00
1.908636208668952061e-01 1.032325994027569610e-01 4.280779957771301270e-01 1.000000000000000000e+00
2.190524920905499717e-01 1.249271364963529807e-01 4.078621566295623779e-01 0.000000000000000000e+00
2.407847137350707656e-01 1.523537556229078993e-01 3.854656219482421875e-01 1.000000000000000000e+00
2.713923346428490091e-01 1.820233773436519820e-01 3.654386699199676514e-01 1.000000000000000000e+00
3.223920338530471552e-01 2.179349473288594297e-01 3.422373831272125244e-01 1.000000000000000000e+00
3.800233710890404959e-01 2.590536340070423993e-01 3.166309595108032227e-01 1.000000000000000000e+00
3.941952726084308467e-01 3.226514766815902213e-01 2.749828696250915527e-01 1.000000000000000000e+00
-4.284932584009328860e-01 -2.358342186659662110e-01 1.550637632608413696e-01 1.000000000000000000e+00
-3.941514372518015730e-01 -2.351330004738661494e-01 2.099591940641403198e-01 1.000000000000000000e+00
-3.533400116359751708e-01 -2.206840492799674314e-01 2.575765550136566162e-01 1.000000000000000000e+00
-3.039404280662052482e-01 -1.923001066363360378e-01 2.905605733394622803e-01 1.000000000000000000e+00
-2.538386885369559032e-01 -1.689046965925904420e-01 3.209547102451324463e-01 1.000000000000000000e+00
-2.041709456435354120e-01 -1.571740063934018161e-01 3.444228470325469971e-01 1.000000000000000000e+00
-1.627612455130968971e-01 -1.444317918299517223e-01 3.694480359554290771e-01 1.000000000000000000e+00
-1.304404289703356978e-01 -1.214743402257949662e-01 3.909750580787658691e-01 1.000000000000000000e+00
-9.861600220426761099e-02 -8.926929580753710514e-02 4.109856784343719482e-01 1.000000000000000000e+00
-6.436853204388395810e-02 -5.727560729784925142e-02 4.260259270668029785e-01 1.000000000000000000e+00
-3.214809612338553890e-02 -1.434321265351900382e-02 4.445413649082183838e-01 1.000000000000000000e+00
1.099274234570038825e-02 3.287348948437358864e-02 4.518857896327972412e-01 1.000000000000000000e+00
5.996461837969276759e-02 7.409432826954576168e-02 4.462372064590454102e-01 1.000000000000000000e+00
1.120619848441525845e-01 1.059542216086357957e-01 4.420702755451202393e-01 1.000000000000000000e+00
1.552808437152772836e-01 1.354569049307842721e-01 4.300248026847839355e-01 1.000000000000000000e+00
1.863735801177719975e-01 1.598168614077698502e-01 4.100122749805450439e-01 0.000000000000000000e+00
2.083960881814115595e-01 1.826510124066079988e-01 3.841321766376495361e-01 1.000000000000000000e+00
2.357662937512346735e-01 2.102447227140843700e-01 3.632998168468475342e-01 0.000000000000000000e+00
2.868905421671385514e-01 2.416305588378359626e-01 3.446666002273559570e-01 1.000000000000000000e+00
3.478297616376192503e-01 2.808003462649167892e-01 3.225322067737579346e-01 1.000000000000000000e+00
3.640544201453766449e-01 3.371236060079919605e-01 2.857341468334197998e-01 1.000000000000000000e+00
-4.800376950914222451e-01 -1.976714485245342212e-01 1.679777503013610840e-01 1.000000000000000000e+00
-4.417783665200518128e-01 -2.006330864959704474e-01 2.178037762641906738e-01 1.000000000000000000e+00
-3.997552190095372548e-01 -1.878705150046895977e-01 2.615288496017456055e-01 1.000000000000000000e+00
-3.476144044126187604e-01 -1.627628576300525765e-01 2.985459566116333008e-01 1.000000000000000000e+00
-2.976046293068201898e-01 -1.414316737858250517e-01 3.284636735916137695e-01 1.000000000000000000e+00
-2.490804990008942954e-01 -1.261256242806087502e-01 3.549614250659942627e-01 1.000000000000000000e+00
-2.071996603243767832e-01 -1.124565794449798317e-01 3.821277916431427002e-01 1.000000000000000000e+00
-1.756179836006632189e-01 -9.268832718408182014e-02 4.065974652767181396e-01 1.000000000000000000e+00
-1.484613782590933351e-01 -6.617239608672600970e-02 4.285064637660980225e-01 1.000000000000000000e+00
-1.179575703075534943e-01 -3.189018638645725601e-02 4.405481219291687012e-01 1.000000000000000000e+00
-7.922647098737636839e-02 1.138217264049595778e-02 4.540875256061553955e-01 1.000000000000000000e+00
-3.048846254741487821e-02 6.111054772676645375e-02 4.619422852993011475e-01 1.000000000000000000e+00
2.596257458654410710e-02 1.052990014333293478e-01 4.544811844825744629e-01 1.000000000000000000e+00
8.058955802013534342e-02 1.390327805357061686e-01 4.467160999774932861e-01 1.000000000000000000e+00
1.189135714672578670e-01 1.674509780304647699e-01 4.314399659633636475e-01 1.000000000000000000e+00
1.500258060555449413e-01 1.877005789114936374e-01 4.093949794769287109e-01 0.000000000000000000e+00
1.757887415574050927e-01 2.113358782802510771e-01 3.852226734161376953e-01 0.000000000000000000e+00
2.012701361112124721e-01 2.378400504068723387e-01 3.615898787975311279e-01 0.000000000000000000e+00
2.517212519411928251e-01 2.661820885463717645e-01 3.458291292190551758e-01 0.000000000000000000e+00
3.122632979505530759e-01 3.062906364379379687e-01 3.211800158023834229e-01 1.000000000000000000e+00
3.285060506272118319e-01 3.588204137630514601e-01 2.894923985004425049e-01 1.000000000000000000e+00
-5.303340687670948794e-01 -1.643627836096625272e-01 1.888435781002044678e-01 1.000000000000000000e+00
-4.934708650893598891e-01 -1.650073880475002586e-01 2.297522872686386108e-01 1.000000000000000000e+00
-4.471461891463992533e-01 -1.493405404456064345e-01 2.665437161922454834e-01 1.000000000000000000e+00
-3.934027617082783146e-01 -1.291571733370125152e-01 3.006949424743652344e-01 1.000000000000000000e+00
-3.421107424935206920e-01 -1.077442772902344609e-01 3.351443111896514893e-01 1.000000000000000000e+00
-2.935020445360576602e-01 -8.715471992911677512e-02 3.661769926548004150e-01 1.000000000000000000e+00
-2.549387528932266500e-01 -7.280319117555096586e-02 3.926241993904113770e-01 1.000000000000000000e+00
-2.215835157107504394e-01 -5.237394988945655305e-02 4.162665605545043945e-01 1.000000000000000000e+00
-1.905703683633124812e-01 -2.210397792181119370e-02 4.360588490962982178e-01 1.000000000000000000e+00
-1.605505274048671382e-01 1.206812840507892615e-02 4.486310184001922607e-01 1.000000000000000000e+00
-1.232759441438855685e-01 5.140809690391264647e-02 4.595308005809783936e-01 1.000000000000000000e+00
-7.034200356624398243e-02 9.387670104178393038e-02 4.639971256256103516e-01 1.000000000000000000e+00
-4.797660059692121504e-03 1.393898275628662198e-01 4.563306272029876709e-01 1.000000000000000000e+00
4.857436934935086686e-02 1.727724918070109028e-01 4.449038207530975342e-01 1.000000000000000000e+00
8.887741967843879043e-02 1.972528354884117985e-01 4.257038831710815430e-01 0.000000000000000000e+00
1.200927665316078030e-01 2.166025800803087487e-01 4.039729833602905273e-01 0.000000000000000000e+00
1.447267565492551256e-01 2.433174232292117101e-01 3.798990249633789062e-01 0.000000000000000000e+00
1.721334718266007702e-01 2.673978038549563729e-01 3.591233789920806885e-01 0.000000000000000000e+00
2.212902895489479993e-01 2.983365198679240882e-01 3.415840268135070801e-01 0.000000000000000000e+00
2.758709535960257586e-01 3.350639685466054729e-01 3.141829073429107666e-01 0.000000000000000000e+00
2.914562470460509425e-01 3.825746568066626940e-01 2.866975069046020508e-01 1.000000000000000000e+00
-5.789562326426571648e-01 -1.227127200021664311e-01 2.027878314256668091e-01 1.000000000000000000e+00
-5.440729509307062894e-01 -1.238386098398621682e-01 2.390484809875488281e-01 1.000000000000000000e+00
-4.992898591923043972e-01 -1.050976343278565428e-01 2.703030407428741455e-01 1.000000000000000000e+00
-4.443450569108046699e-01 -8.524193789301051649e-02 3.051960766315460205e-01 1.000000000000000000e+00
-3.916684188920550591e-01 -6.076763174765881237e-02 3.429969847202301025e-01 1.000000000000000000e+00
-3.433885084998254955e-01 -4.259439535851916592e-02 3.742726743221282959e-01 1.000000000000000000e+00
-3.040041857112901202e-01 -2.510135642078473173e-02 3.987368345260620117e-01 1.000000000000000000e+00
-2.692717581068719834e-01 -3.639917741234288684e-03 4.187352061271667480e-01 1.000000000000000000e+00
-2.340311975600943006e-01 2.675190076545608253e-02 4.338684678077697754e-01 1.000000000000000000e+00
-2.000232268663738044e-01 6.282628929481723357e-02 4.493073821067810059e-01 1.000000000000000000e+00
-1.618766621881942425e-01 9.973925786393142423e-02 4.588911831378936768e-01 1.000000000000000000e+00
-1.049774091253901226e-01 1.364244398390014601e-01 4.567215144634246826e-01 1.000000000000000000e+00
-3.805376785447073251e-02 1.775985693793114273e-01 4.487791955471038818e-01 1.000000000000000000e+00
2.042933611650349368e-02 2.094808163531804435e-01 4.367369711399078369e-01 1.000000000000000000e+00
6.485944799862669585e-02 2.322775830973893840e-01 4.152740836143493652e-01 0.000000000000000000e+00
1.016286642041823313e-01 2.574156599599392026e-01 3.933768570423126221e-01 0.000000000000000000e+00
1.224744744042462613e-01 2.817173010036538860e-01 3.748365044593811035e-01 0.000000000000000000e+00
1.506188965077902009e-01 3.087268349173449833e-01 3.563832044601440430e-01 0.000000000000000000e+00
1.929590199292430808e-01 3.399071682761135582e-01 3.312036693096160889e-01 1.000000000000000000e+00
2.487566847637850409e-01 3.713176550378879393e-01 3.025286495685577393e-01 1.000000000000000000e+00
2.630756129300276247e-01 4.120933401261770990e-01 2.711129188537597656e-01 1.000000000000000000e+00
-6.350389998339510678e-01 -7.488841704233967222e-02 2.137401103973388672e-01 1.000000000000000000e+00
-6.006602791189483703e-01 -7.583684757438030610e-02 2.460433244705200195e-01 1.000000000000000000e+00
-5.592332777071962191e-01 -5.702213615090484522e-02 2.770450711250305176e-01 1.000000000000000000e+00
-5.095661248696548018e-01 -3.328566327229701138e-02 3.153245151042938232e-01 1.000000000000000000e+00
-4.548297176806171960e-01 -1.125891945038204334e-02 3.509193062782287598e-01 1.000000000000000000e+00
-4.047313393625366351e-01 6.387565626068458791e-03 3.792310059070587158e-01 1.000000000000000000e+00
-3.604237799791709662e-01 2.190191539333768977e-02 3.964402377605438232e-01 1.000000000000000000e+00
-3.201998603581622804e-01 4.332159708272598220e-02 4.117991030216217041e-01 1.000000000000000000e+00
-2.781169064696107363e-01 7.879187902731225879e-02 4.282761812210083008e-01 1.000000000000000000e+00
-2.413189619184388512e-01 1.159252281989338884e-01 4.437792003154754639e-01 1.000000000000000000e+00
-1.966574295936764361e-01 1.497418495662369009e-01 4.502345919609069824e-01 1.000000000000000000e+00
-1.363401461419797567e-01 1.794968094355924304e-01 4.460454881191253662e-01 1.000000000000000000e+00
-7.238448330901946226e-02 2.184777249806947874e-01 4.387198686599731445e-01 1.000000000000000000e+00
-1.338098166276913137e-02 2.474359184352870888e-01 4.243086278438568115e-01 1.000000000000000000e+00
4.226928510581812182e-02 2.698161373389507678e-01 4.072351157665252686e-01 0.000000000000000000e+00
8.395292921486528781e-02 3.003886499219194928e-01 3.871149718761444092e-01 1.000000000000000000e+00
1.060996545777785904e-01 3.346937084824372355e-01 3.693597614765167236e-01 1.000000000000000000e+00
1.298619950846600091e-01 3.653475012627591667e-01 3.473910689353942871e-01 1.000000000000000000e+00
1.730351615036427870e-01 3.916998182941957007e-01 3.250213563442230225e-01 1.000000000000000000e+00
2.211511733387255818e-01 4.158504366429837118e-01 2.850975096225738525e-01 1.000000000000000000e+00
2.278724366378791222e-01 4.491083251421118527e-01 2.382833361625671387e-01 1.000000000000000000e+00
-6.955595983657753001e-01 -2.642426170184475342e-02 2.192800641059875488e-01 1.000000000000000000e+00
-6.663521063022410651e-01 -2.900653588983448383e-02 2.572181224822998047e-01 1.000000000000000000e+00
-6.235041871132168678e-01 -5.061562551643195018e-03 2.949077785015106201e-01 1.000000000000000000e+00
-5.767720775857013704e-01 1.952853152328004604e-02 3.297373652458190918e-01 1.000000000000000000e+00
-5.221028313997657655e-01 4.027007042012803462e-02 3.568169772624969482e-01 1.000000000000000000e+00
-4.689430535198236827e-01 6.307315919161363138e-02 3.771426379680633545e-01 1.000000000000000000e+00
-4.222477592644824917e-01 8.350489767848232048e-02 3.927529454231262207e-01 1.000000000000000000e+00
-3.770271516284011137e-01 1.025416913834737986e-01 4.028695523738861084e-01 1.000000000000000000e+00
-3.285526913834452833e-01 1.353681225943959565e-01 4.157550036907196045e-01 1.000000000000000000e+00
-2.821676453483488167e-01 1.708079692460013344e-01 4.303683042526245117e-01 1.000000000000000000e+00
-2.312802595868981015e-01 2.018062571951612094e-01 4.336404502391815186e-01 1.000000000000000000e+00
-1.722519097392725684e-01 2.286664463853320117e-01 4.267343878746032715e-01 1.000000000000000000e+00
-1.124494250174451482e-01 2.572620557705411759e-01 4.161932766437530518e-01 1.000000000000000000e+00
-4.672314278549485889e-02 2.918926671256691918e-01 4.085008203983306885e-01 1.000000000000000000e+00
1.986313535360811899e-02 3.211530218739482301e-01 3.968164026737213135e-01 1.000000000000000000e+00
6.439249252726234052e-02 3.540193345402737890e-01 3.756972551345825195e-01 1.000000000000000000e+00
9.432276089590987955e-02 3.975917369817760783e-01 3.577176034450531006e-01 1.000000000000000000e+00
1.246413703267368334e-01 4.331167887560022911e-01 3.344844579696655273e-01 1.000000000000000000e+00
1.631026665961714528e-01 4.442104504133730369e-01 3.101585209369659424e-01 1.000000000000000000e+00
1.986763347601549767e-01 4.631662062653901790e-01 2.597422301769256592e-01 1.000000000000000000e+00
1.923065340307337501e-01 4.936907873448898587e-01 1.950391232967376709e-01 0.000000000000000000e+00
-7.604207743851909562e-01 1.984223051674660621e-02 2.189663201570510864e-01 1.000000000000000000e+00
-7.265690157171200703e-01 2.101745324062442855e-02 2.641035318374633789e-01 1.000000000000000000e+00
-6.819713701121661309e-01 4.619315670218226977e-02 3.089713156223297119e-01 1.000000000000000000e+00
-6.296034261486223027e-01 7.244236146873689330e-02 3.348009288311004639e-01 1.000000000000000000e+00
-5.736243402046652395e-01 9.807900393903412617e-02 3.543293774127960205e-01 1.000000000000000000e+00
-5.231983544331094693e-01 1.341070362033893737e-01 3.708894848823547363e-01 1.000000000000000000e+00
-4.718032756370306724e-01 1.601398274395526289e-01 3.826436400413513184e-01 1.000000000000000000e+00
-4.263696262184387686e-01 1.794373731595688970e-01 3.898515105247497559e-01 1.000000000000000000e+00
-3.759774843662372912e-01 2.058670928782956322e-01 3.996254205703735352e-01 1.000000000000000000e+00
-3.207122237904410089e-01 2.319208785133734241e-01 4.067886769771575928e-01 1.000000000000000000e+00
-2.652809164853129897e-01 2.555551703090336857e-01 4.069015681743621826e-01 1.000000000000000000e+00
-2.057425384042339822e-01 2.802928112809704442e-01 3.981575369834899902e-01 1.000000000000000000e+00
-1.497579733699704596e-01 3.072304426711019998e-01 3.889853954315185547e-01 1.000000000000000000e+00
-8.424021267102782540e-02 3.409241295838328356e-01 3.831429779529571533e-01 1.000000000000000000e+00
-1.799061409454202898e-02 3.726808316327000492e-01 3.698286116123199463e-01 1.000000000000000000e+00
3.523417529922814873e-02 4.109422253996475316e-01 3.484162688255310059e-01 1.000000000000000000e+00
7.196180310201566455e-02 4.545199804909106356e-01 3.335317373275756836e-01 1.000000000000000000e+00
1.128600301523502158e-01 4.920844761177305404e-01 3.119112253189086914e-01 1.000000000000000000e+00
1.538933694622985349e-01 5.004337562710264864e-01 2.817535102367401123e-01 1.000000000000000000e+00
1.796458946925764966e-01 5.125393426877195013e-01 2.163021862506866455e-01 0.000000000000000000e+00
1.726277595292243228e-01 5.381630776856602960e-01 1.473432928323745728e-01 0.000000000000000000e+00
-8.246448164956674542e-01 7.061670750521470419e-02 2.102070897817611694e-01 1.000000000000000000e+00
-7.744731448080264258e-01 7.621606384385676281e-02 2.616039514541625977e-01 1.000000000000000000e+00
-7.222893614990510969e-01 1.022262327590818254e-01 2.997694015502929688e-01 1.000000000000000000e+00
-6.686091754071208371e-01 1.328681085179873045e-01 3.226344883441925049e-01 1.000000000000000000e+00
-6.162639275215001655e-01 1.720658155980285542e-01 3.414762914180755615e-01 1.000000000000000000e+00
-5.679005031489463562e-01 2.053325760087683360e-01 3.550724685192108154e-01 1.000000000000000000e+00
-5.180582723026907477e-01 2.280873644918604282e-01 3.617854118347167969e-01 1.000000000000000000e+00
-4.738969835570820965e-01 2.481388014279032050e-01 3.656731843948364258e-01 1.000000000000000000e+00
-4.183696011936844372e-01 2.723008363042816460e-01 3.738512694835662842e-01 1.000000000000000000e+00
-3.588250314771413985e-01 2.940244257473917933e-01 3.809444904327392578e-01 1.000000000000000000e+00
-3.047641684640155502e-01 3.125478247394050113e-01 3.755028247833251953e-01 1.000000000000000000e+00
-2.508981661366237459e-01 3.339376572404244570e-01 3.630834817886352539e-01 1.000000000000000000e+00
-1.973639240443744169e-01 3.552402655213616200e-01 3.503644764423370361e-01 1.000000000000000000e+00
-1.317980737912808897e-01 3.876176642082487245e-01 3.439368307590484619e-01 1.000000000000000000e+00
-6.676998571504991209e-02 4.315888495936489599e-01 3.286566734313964844e-01 1.000000000000000000e+00
-1.594520646288410948e-02 4.745097460508698184e-01 3.105205595493316650e-01 1.000000000000000000e+00
3.767688019837400759e-02 5.159492018563569538e-01 2.930814921855926514e-01 1.000000000000000000e+00
9.267299626793576439e-02 5.524028962172480295e-01 2.746547162532806396e-01 1.000000000000000000e+00
1.384167200510222628e-01 5.557978037913762215e-01 2.283967137336730957e-01 1.000000000000000000e+00
1.630707508951365348e-01 5.632732006509353351e-01 1.693705767393112183e-01 0.000000000000000000e+00
1.628068694766098834e-01 5.880022318119746405e-01 1.116942316293716431e-01 0.000000000000000000e+00
-8.778318633865962450e-01 1.216632002539720370e-01 1.958437860012054443e-01 1.000000000000000000e+00
-8.137179931381270936e-01 1.298162552173134365e-01 2.365915030241012573e-01 1.000000000000000000e+00
-7.540107023420177246e-01 1.568899998547109709e-01 2.703862488269805908e-01 1.000000000000000000e+00
-7.014237422801871125e-01 1.974718515866984436e-01 2.971861958503723145e-01 1.000000000000000000e+00
-6.488009995439708577e-01 2.366560716752162397e-01 3.168605864048004150e-01 1.000000000000000000e+00
-6.006606268304487406e-01 2.656516599211498075e-01 3.257963359355926514e-01 1.000000000000000000e+00
-5.545647977381901184e-01 2.879802067885391392e-01 3.292375802993774414e-01 1.000000000000000000e+00
-5.057368624114855216e-01 3.046614763505295365e-01 3.283812701702117920e-01 1.000000000000000000e+00
-4.418542677258639473e-01 3.251929184759067559e-01 3.295444250106811523e-01 1.000000000000000000e+00
-3.789248253364053132e-01 3.448780927129447837e-01 3.270479440689086914e-01 1.000000000000000000e+00
-3.328268836333651004e-01 3.592609523800223692e-01 3.234496116638183594e-01 1.000000000000000000e+00
-2.865319778534323181e-01 3.737424053795680989e-01 3.121082186698913574e-01 1.000000000000000000e+00
-2.346838941928461875e-01 3.964483878120846350e-01 2.979443669319152832e-01 1.000000000000000000e+00
-1.737765034955253973e-01 4.328136686215118822e-01 2.857202589511871338e-01 1.000000000000000000e+00
-1.161097839802071874e-01 4.786367865304807512e-01 2.738491892814636230e-01 1.000000000000000000e+00
-6.369257035075426288e-02 5.277792743243343576e-01 2.631649076938629150e-01 1.000000000000000000e+00
2.267015761128088336e-03 5.641905478821991338e-01 2.522009015083312988e-01 1.000000000000000000e+00
7.028844677558759857e-02 5.898879450346248277e-01 2.300709187984466553e-01 1.000000000000000000e+00
1.322406683842056729e-01 5.949145257020038713e-01 1.902302950620651245e-01 1.000000000000000000e+00
1.717752130775459796e-01 6.086804872157834945e-01 1.303867697715759277e-01 0.000000000000000000e+00
1.876406777030473483e-01 6.285448448279985501e-01 8.353859186172485352e-02 0.000000000000000000e+00
-9.102311573612847928e-01 1.511868147547621999e-01 1.918255686759948730e-01 1.000000000000000000e+00
-8.548897532352974782e-01 1.633071314950098052e-01 2.240730673074722290e-01 1.000000000000000000e+00
-7.910206297361311867e-01 2.012159879475879376e-01 2.495698928833007812e-01 1.000000000000000000e+00
-7.404989495450314818e-01 2.462430677920194599e-01 2.716884911060333252e-01 1.000000000000000000e+00
-6.872838749998431140e-01 2.902835320596595103e-01 2.883327305316925049e-01 1.000000000000000000e+00
-6.336722196835913312e-01 3.215487597080410875e-01 2.932956814765930176e-01 1.000000000000000000e+00
-5.814624423057969116e-01 3.387361918472230893e-01 2.920571267604827881e-01 1.000000000000000000e+00
-5.294943402257199505e-01 3.600208824491870629e-01 3.012971282005310059e-01 1.000000000000000000e+00
-4.649022718340464211e-01 3.719714527570570084e-01 2.913841009140014648e-01 1.000000000000000000e+00
-4.010267960145561528e-01 3.845276614242273960e-01 2.681665420532226562e-01 1.000000000000000000e+00
-3.560744003856858853e-01 3.940922986378956328e-01 2.660235464572906494e-01 1.000000000000000000e+00
-3.151478229942827336e-01 4.110515648613968231e-01 2.541308999061584473e-01 0.000000000000000000e+00
-2.644858886280508914e-01 4.460178442547777511e-01 2.384148091077804565e-01 1.000000000000000000e+00
-2.103050928062202563e-01 4.786749188916710196e-01 2.324188351631164551e-01 1.000000000000000000e+00
-1.440341573876757486e-01 5.230688582410597531e-01 2.374309003353118896e-01 1.000000000000000000e+00
-7.855108354505760393e-02 5.662857520153725677e-01 2.363612502813339233e-01 1.000000000000000000e+00
-1.183928155437707908e-02 5.976943421689639990e-01 2.268626093864440918e-01 1.000000000000000000e+00
5.890521519552283092e-02 6.229134990313367481e-01 1.936813592910766602e-01 1.000000000000000000e+00
1.231094272137749357e-01 6.426644184007845872e-01 1.490260660648345947e-01 0.000000000000000000e+00
1.846254500137294863e-01 6.723159907336538899e-01 1.001351624727249146e-01 1.000000000000000000e+00
2.255711133420629788e-01 6.912631064817262860e-01 6.831999123096466064e-02 1.000000000000000000e+00
