-9.291875362396239124e-01 -9.686667323112488903e-01 3.075932338833808899e-02 1.000000000000000000e+00
-8.539121150970457874e-01 -9.771676063537597656e-01 3.089884296059608459e-02 1.000000000000000000e+00
-7.591874599456785999e-01 -9.782100915908813477e-01 3.092932328581809998e-02 1.000000000000000000e+00
-6.616584062576292835e-01 -9.793577194213867188e-01 3.092324733734130859e-02 1.000000000000000000e+00
-5.651567578315733753e-01 -9.807909727096557617e-01 3.099611401557922363e-02 1.000000000000000000e+00
-4.706849455833434503e-01 -9.833416938781738281e-01 3.090279921889305115e-02 1.000000000000000000e+00
-3.728263378143309992e-01 -9.855654239654541016e-01 3.102228045463562012e-02 1.000000000000000000e+00
-2.731980085372924250e-01 -9.896003007888793945e-01 3.099260479211807251e-02 1.000000000000000000e+00
-1.763882935047149103e-01 -9.908416271209716797e-01 3.094015270471572876e-02 1.000000000000000000e+00
-8.008051663637155704e-02 -9.892601966857910156e-01 3.095462918281555176e-02 1.000000000000000000e+00
1.504132896661764494e-02 -9.879938364028930664e-01 3.104390949010848999e-02 1.000000000000000000e+00
1.126922518014908392e-01 -9.878294467926025391e-01 3.109297156333923340e-02 1.000000000000000000e+00
2.078025490045548040e-01 -9.869453907012939453e-01 3.098171949386596680e-02 1.000000000000000000e+00
3.029897809028626043e-01 -9.855128526687622070e-01 3.090616315603256226e-02 1.000000000000000000e+00
3.982039093971252997e-01 -9.807097911834716797e-01 3.095314279198646545e-02 1.000000000000000000e+00
4.930790662765503485e-01 -9.771684408187866211e-01 3.084794804453849792e-02 1.000000000000000000e+00
5.898070931434632458e-01 -9.749817848205566406e-01 3.092660009860992432e-02 1.000000000000000000e+00
6.885267496109009899e-01 -9.717530012130737305e-01 3.091970086097717285e-02 1.000000000000000000e+00
7.859287261962891735e-01 -9.698818922042846680e-01 3.105098009109497070e-02 1.000000000000000000e+00
8.823057413101197399e-01 -9.708657264709472656e-01 3.103303164243698120e-02 1.000000000000000000e+00
9.495678544044495739e-01 -9.656906127929686390e-01 3.101282566785812378e-02 1.000000000000000000e+00
-9.369136691093444824e-01 -8.969392180442811169e-01 3.090753406286239624e-02 1.000000000000000000e+00
-8.570038676261901855e-01 -8.988145589828491211e-01 3.085324168205261230e-02 1.000000000000000000e+00
-7.603642344474792480e-01 -8.986471891403198242e-01 3.097339719533920288e-02 1.000000000000000000e+00
-6.619946956634521484e-01 -8.998971581459045410e-01 3.102870285511016846e-02 1.000000000000000000e+00
-5.657172799110412598e-01 -9.009922742843627930e-01 3.101115301251411438e-02 1.000000000000000000e+00
-4.703657031059264582e-01 -9.014239311218261719e-01 3.098415583372116089e-02 1.000000000000000000e+00
-3.728529214859008234e-01 -9.028711318969726562e-01 3.101339191198348999e-02 1.000000000000000000e+00
-2.758142948150634211e-01 -9.066447019577026367e-01 3.100982680916786194e-02 1.000000000000000000e+00
-1.760566830635070246e-01 -9.091895222663879395e-01 3.098664060235023499e-02 1.000000000000000000e+00
-7.902897894382471256e-02 -9.098176360130310059e-01 3.098670765757560730e-02 1.000000000000000000e+00
1.390147209167486020e-02 -9.094166159629821777e-01 3.105831891298294067e-02 1.000000000000000000e+00
1.107414513826370794e-01 -9.103046655654907227e-01 3.097075223922729492e-02 1.000000000000000000e+00
2.073536068201065619e-01 -9.092238545417785645e-01 3.095168620347976685e-02 1.000000000000000000e+00
3.021504282951355536e-01 -9.059077501296997070e-01 3.095711022615432739e-02 1.000000000000000000e+00
3.965828418731690008e-01 -9.008997678756713867e-01 3.095392510294914246e-02 1.000000000000000000e+00
4.928147792816162664e-01 -8.981652855873107910e-01 3.094406798481941223e-02 1.000000000000000000e+00
5.913427472114562988e-01 -8.950493335723876953e-01 3.090046346187591553e-02 1.000000000000000000e+00
6.902111172676086426e-01 -8.937751650810241699e-01 3.092707693576812744e-02 1.000000000000000000e+00
7.892522811889648438e-01 -8.911324143409729004e-01 3.096773847937583923e-02 1.000000000000000000e+00
8.884736299514770508e-01 -8.942093253135681152e-01 3.095971792936325073e-02 1.000000000000000000e+00
9.613595604896545410e-01 -8.923395276069640003e-01 3.074807673692703247e-02 1.000000000000000000e+00
-9.398631453514099121e-01 -8.023037910461426891e-01 3.077222034335136414e-02 1.000000000000000000e+00
-8.576518893241882324e-01 -8.029786944389343262e-01 3.085733577609062195e-02 1.000000000000000000e+00
-7.603831291198730469e-01 -8.019016385078430176e-01 3.087719157338142395e-02 1.000000000000000000e+00
-6.638175845146179199e-01 -8.013923168182373047e-01 3.094306960701942444e-02 1.000000000000000000e+00
-5.647276639938354492e-01 -8.025717735290527344e-01 3.091286867856979370e-02 1.000000000000000000e+00
-4.689545035362243097e-01 -8.044422268867492676e-01 3.097303956747055054e-02 1.000000000000000000e+00
-3.722177743911742609e-01 -8.048986792564392090e-01 3.104659914970397949e-02 1.000000000000000000e+00
-2.745378613471984308e-01 -8.087996244430541992e-01 3.107622638344764709e-02 1.000000000000000000e+00
-1.750909984111785334e-01 -8.115881681442260742e-01 3.096784278750419617e-02 1.000000000000000000e+00
-7.781474292278284244e-02 -8.111788034439086914e-01 3.102722764015197754e-02 1.000000000000000000e+00
1.529718190431599879e-02 -8.108930587768554688e-01 3.090703859925270081e-02 1.000000000000000000e+00
1.099748909473419745e-01 -8.106914758682250977e-01 3.102445602416992188e-02 1.000000000000000000e+00
2.050883620977402289e-01 -8.108898997306823730e-01 3.095389902591705322e-02 1.000000000000000000e+00
2.993208169937134344e-01 -8.074207901954650879e-01 3.094241023063659668e-02 1.000000000000000000e+00
3.940476775169373114e-01 -8.032060861587524414e-01 3.097219765186309814e-02 1.000000000000000000e+00
4.922404885292053778e-01 -7.986316084861755371e-01 3.091823309659957886e-02 1.000000000000000000e+00
5.909627079963684082e-01 -7.971354126930236816e-01 3.094101324677467346e-02 1.000000000000000000e+00
6.899016499519348145e-01 -7.954485416412353516e-01 3.093055263161659241e-02 1.000000000000000000e+00
7.898564934730529785e-01 -7.929173111915588379e-01 3.089096397161483765e-02 1.000000000000000000e+00
8.882713317871093750e-01 -7.955992817878723145e-01 3.087508678436279297e-02 1.000000000000000000e+00
9.595752358436584473e-01 -7.954385280609129749e-01 3.081876784563064575e-02 1.000000000000000000e+00
-9.402353763580322266e-01 -7.035284638404847302e-01 3.087538853287696838e-02 1.000000000000000000e+00
-8.580136299133300781e-01 -7.040429711341857910e-01 3.081581369042396545e-02 1.000000000000000000e+00
-7.615706920623779297e-01 -7.024771571159362793e-01 3.091401234269142151e-02 1.000000000000000000e+00
-6.626385450363159180e-01 -7.021280527114868164e-01 3.092163056135177612e-02 1.000000000000000000e+00
-5.648744702339172363e-01 -7.042033672332763672e-01 3.101536259055137634e-02 1.000000000000000000e+00
-4.680737853050231378e-01 -7.046490311622619629e-01 3.097685799002647400e-02 1.000000000000000000e+00
-3.714208006858825128e-01 -7.052494883537292480e-01 3.093762323260307312e-02 1.000000000000000000e+00
-2.730595469474791925e-01 -7.073666453361511230e-01 3.105240315198898315e-02 1.000000000000000000e+00
-1.740212142467498224e-01 -7.103625535964965820e-01 3.100164234638214111e-02 1.000000000000000000e+00
-7.764147222042079577e-02 -7.104359269142150879e-01 3.095145523548126221e-02 1.000000000000000000e+00
1.629476249217991571e-02 -7.095634341239929199e-01 3.101748228073120117e-02 1.000000000000000000e+00
1.097310334444046437e-01 -7.098981142044067383e-01 3.100608661770820618e-02 1.000000000000000000e+00
2.047390788793564398e-01 -7.090622782707214355e-01 3.098013252019882202e-02 1.000000000000000000e+00
2.990984320640564520e-01 -7.072127461433410645e-01 3.105081617832183838e-02 1.000000000000000000e+00
3.934471011161804754e-01 -7.038421034812927246e-01 3.095358610153198242e-02 1.000000000000000000e+00
4.906010031700134832e-01 -6.983115077018737793e-01 3.097604587674140930e-02 1.000000000000000000e+00
5.884916186332702637e-01 -6.965857148170471191e-01 3.089309483766555786e-02 1.000000000000000000e+00
6.873707771301269531e-01 -6.943354010581970215e-01 3.093358129262924194e-02 1.000000000000000000e+00
7.870694398880004883e-01 -6.936534643173217773e-01 3.088402003049850464e-02 1.000000000000000000e+00
8.869047164916992188e-01 -6.948205828666687012e-01 3.089232742786407471e-02 1.000000000000000000e+00
9.592726826667785645e-01 -6.948246359825133167e-01 3.073912858963012695e-02 1.000000000000000000e+00
-9.389457106590270996e-01 -6.027607321739197888e-01 3.089547157287597656e-02 1.000000000000000000e+00
-8.585848212242126465e-01 -6.020833253860473633e-01 3.093247860670089722e-02 1.000000000000000000e+00
-7.619264125823974609e-01 -6.036999225616455078e-01 3.088798001408576965e-02 1.000000000000000000e+00
-6.633998751640319824e-01 -6.042488813400268555e-01 3.093550726771354675e-02 1.000000000000000000e+00
-5.655607581138610840e-01 -6.042553186416625977e-01 3.096198290586471558e-02 1.000000000000000000e+00
-4.685048460960387628e-01 -6.027757525444030762e-01 3.100181743502616882e-02 1.000000000000000000e+00
-3.702377676963805597e-01 -6.031653285026550293e-01 3.101059794425964355e-02 1.000000000000000000e+00
-2.707125842571257990e-01 -6.059867739677429199e-01 3.102902323007583618e-02 1.000000000000000000e+00
-1.728961169719695767e-01 -6.080072522163391113e-01 3.101053088903427124e-02 1.000000000000000000e+00
-7.723478972911830553e-02 -6.091917753219604492e-01 3.102724626660346985e-02 1.000000000000000000e+00
1.644489914178852083e-02 -6.089895963668823242e-01 3.099159896373748779e-02 1.000000000000000000e+00
1.101521551609039723e-01 -6.074738502502441406e-01 3.103275224566459656e-02 1.000000000000000000e+00
2.044555097818374911e-01 -6.052123904228210449e-01 3.102605044841766357e-02 1.000000000000000000e+00
2.991531491279602606e-01 -6.045219302177429199e-01 3.104251623153686523e-02 1.000000000000000000e+00
3.947066068649292547e-01 -6.025598645210266113e-01 3.100602328777313232e-02 1.000000000000000000e+00
4.914897084236145575e-01 -5.969588756561279297e-01 3.100255131721496582e-02 1.000000000000000000e+00
5.869277715682983398e-01 -5.937224626541137695e-01 3.102944418787956238e-02 1.000000000000000000e+00
6.847578883171081543e-01 -5.930355787277221680e-01 3.100015968084335327e-02 1.000000000000000000e+00
7.830908894538879395e-01 -5.938854813575744629e-01 3.087453916668891907e-02 1.000000000000000000e+00
8.842967748641967773e-01 -5.945500731468200684e-01 3.085304424166679382e-02 1.000000000000000000e+00
9.594077467918395996e-01 -5.938188433647154651e-01 3.066501393914222717e-02 1.000000000000000000e+00
-9.377343654632568359e-01 -5.007519721984864391e-01 3.087952360510826111e-02 1.000000000000000000e+00
-8.578758239746093750e-01 -5.013371706008911133e-01 3.093487396836280823e-02 1.000000000000000000e+00
-7.608788609504699707e-01 -5.033355355262756348e-01 3.091688826680183411e-02 1.000000000000000000e+00
-6.632738113403320312e-01 -5.056046843528747559e-01 3.091362863779067993e-02 1.000000000000000000e+00
-5.647871494293212891e-01 -5.052702426910400391e-01 3.100094944238662720e-02 1.000000000000000000e+00
-4.687131643295287531e-01 -5.030212402343750000e-01 3.101140260696411133e-02 1.000000000000000000e+00
-3.718446493148803156e-01 -5.039342641830444336e-01 3.101720660924911499e-02 1.000000000000000000e+00
-2.716940641403197687e-01 -5.071332454681396484e-01 3.100988641381263733e-02 1.000000000000000000e+00
-1.733454167842864713e-01 -5.078122615814208984e-01 3.108436614274978638e-02 1.000000000000000000e+00
-7.925868779420849886e-02 -5.097203254699707031e-01 3.103772550821304321e-02 1.000000000000000000e+00
1.458519697189334177e-02 -5.097159147262573242e-01 3.103926032781600952e-02 1.000000000000000000e+00
1.084021329879761020e-01 -5.075927376747131348e-01 3.108507022261619568e-02 1.000000000000000000e+00
2.026409655809402743e-01 -5.048935413360595703e-01 3.107909485697746277e-02 1.000000000000000000e+00
2.989546060562134344e-01 -5.042855739593505859e-01 3.101871162652969360e-02 1.000000000000000000e+00
3.951541781425476629e-01 -5.006635785102844238e-01 3.099472075700759888e-02 1.000000000000000000e+00
4.916822314262390692e-01 -4.969761073589324396e-01 3.105941414833068848e-02 1.000000000000000000e+00
5.879393815994262695e-01 -4.945615828037261408e-01 3.106517344713211060e-02 1.000000000000000000e+00
6.858130097389221191e-01 -4.943269789218902033e-01 3.091899305582046509e-02 1.000000000000000000e+00
7.837409377098083496e-01 -4.953442513942717951e-01 3.088662773370742798e-02 1.000000000000000000e+00
8.821491003036499023e-01 -4.963496029376983087e-01 3.080548718571662903e-02 1.000000000000000000e+00
9.583689570426940918e-01 -4.946949183940886896e-01 3.068760037422180176e-02 1.000000000000000000e+00
-9.383979439735412598e-01 -3.999658226966858465e-01 3.096585348248481750e-02 1.000000000000000000e+00
-8.584563732147216797e-01 -4.000757038593292791e-01 3.101459145545959473e-02 1.000000000000000000e+00
-7.599748373031616211e-01 -4.021100997924805243e-01 3.095216676592826843e-02 1.000000000000000000e+00
-6.626098752021789551e-01 -4.046868681907654364e-01 3.100274503231048584e-02 1.000000000000000000e+00
-5.637582540512084961e-01 -4.037181437015534002e-01 3.095715120434761047e-02 1.000000000000000000e+00
-4.671278595924377441e-01 -4.021705090999603827e-01 3.100724145770072937e-02 1.000000000000000000e+00
-3.705602288246154785e-01 -4.047518074512481689e-01 3.100875392556190491e-02 1.000000000000000000e+00
-2.730050086975097656e-01 -4.070705771446228027e-01 3.106755763292312622e-02 1.000000000000000000e+00
-1.753934025764465054e-01 -4.073177874088287354e-01 3.108855336904525757e-02 1.000000000000000000e+00
-7.943175733089444246e-02 -4.082354307174682617e-01 3.109779208898544312e-02 1.000000000000000000e+00
1.428672671318056628e-02 -4.072757661342620850e-01 3.106130287051200867e-02 1.000000000000000000e+00
1.075632125139236728e-01 -4.058364033699035645e-01 3.111910447478294373e-02 1.000000000000000000e+00
2.031840831041336337e-01 -4.048907160758972168e-01 3.115242719650268555e-02 1.000000000000000000e+00
2.985551953315734863e-01 -4.038852453231811523e-01 3.111957013607025146e-02 1.000000000000000000e+00
3.943057060241699219e-01 -4.011961221694946289e-01 3.107418492436408997e-02 1.000000000000000000e+00
4.908232688903808594e-01 -3.985874652862548273e-01 3.102740272879600525e-02 1.000000000000000000e+00
5.887623429298400879e-01 -3.966651260852813166e-01 3.097578510642051697e-02 1.000000000000000000e+00
6.857744455337524414e-01 -3.951050639152526300e-01 3.089093044400215149e-02 1.000000000000000000e+00
7.829688191413879395e-01 -3.946880102157592218e-01 3.083363547921180725e-02 1.000000000000000000e+00
8.817921876907348633e-01 -3.964808881282805841e-01 3.077328950166702271e-02 1.000000000000000000e+00
9.565085768699645996e-01 -3.949397802352904718e-01 3.060829266905784607e-02 1.000000000000000000e+00
-9.374524950981140137e-01 -3.003397285938263495e-01 3.098343312740325928e-02 1.000000000000000000e+00
-8.575136065483093262e-01 -2.995365262031555731e-01 3.098346665501594543e-02 1.000000000000000000e+00
-7.577125430107116699e-01 -3.015481233596802313e-01 3.091385588049888611e-02 1.000000000000000000e+00
-6.593640446662902832e-01 -3.026702105998993475e-01 3.089497238397598267e-02 1.000000000000000000e+00
-5.614381432533264160e-01 -3.026776313781738836e-01 3.097720816731452942e-02 1.000000000000000000e+00
-4.665521979331970215e-01 -3.015651702880859930e-01 3.098173439502716064e-02 1.000000000000000000e+00
-3.701292872428894043e-01 -3.031036853790283203e-01 3.103138878941535950e-02 1.000000000000000000e+00
-2.741579413414001465e-01 -3.055004179477691650e-01 3.111981973052024841e-02 1.000000000000000000e+00
-1.762176901102065762e-01 -3.059028685092926025e-01 3.110775724053382874e-02 1.000000000000000000e+00
-7.985738664865492387e-02 -3.060479760169982910e-01 3.114337846636772156e-02 1.000000000000000000e+00
1.395227015018465043e-02 -3.051306903362274170e-01 3.115350008010864258e-02 1.000000000000000000e+00
1.087046265602111955e-01 -3.034377992153167725e-01 3.116229921579360962e-02 1.000000000000000000e+00
2.038484662771225253e-01 -3.038875162601470947e-01 3.115642815828323364e-02 1.000000000000000000e+00
2.988555431365966797e-01 -3.022041916847229004e-01 3.109335526823997498e-02 1.000000000000000000e+00
3.936197161674499512e-01 -2.997711300849914551e-01 3.105049580335617065e-02 1.000000000000000000e+00
4.906792044639587402e-01 -2.993398010730742853e-01 3.104225173592567444e-02 1.000000000000000000e+00
5.871504545211791992e-01 -2.967084646224975031e-01 3.099424764513969421e-02 1.000000000000000000e+00
6.825276017189025879e-01 -2.954125702381133478e-01 3.095019236207008362e-02 1.000000000000000000e+00
7.807431817054748535e-01 -2.955151796340941828e-01 3.083635866641998291e-02 1.000000000000000000e+00
8.796681761741638184e-01 -2.958322167396544855e-01 3.072986006736755371e-02 1.000000000000000000e+00
9.555940032005310059e-01 -2.948233485221862238e-01 3.065178170800209045e-02 1.000000000000000000e+00
-9.370481371879577637e-01 -2.023304998874664862e-01 3.095985949039459229e-02 1.000000000000000000e+00
-8.566113114356994629e-01 -2.016721069812775213e-01 3.092948719859123230e-02 1.000000000000000000e+00
-7.561373710632324219e-01 -2.007066756486893255e-01 3.091067820787429810e-02 1.000000000000000000e+00
-6.583040356636047363e-01 -2.015369832515716830e-01 3.093146160244941711e-02 1.000000000000000000e+00
-5.610161423683166504e-01 -2.025047093629837314e-01 3.097687289118766785e-02 1.000000000000000000e+00
-4.654277563095092773e-01 -2.024508565664291659e-01 3.104992955923080444e-02 1.000000000000000000e+00
-3.693081736564636230e-01 -2.038956433534622470e-01 3.107688575983047485e-02 1.000000000000000000e+00
-2.739716768264770508e-01 -2.042629867792129794e-01 3.111752122640609741e-02 1.000000000000000000e+00
-1.772202551364898682e-01 -2.037043571472167969e-01 3.115087002515792847e-02 1.000000000000000000e+00
-8.108377456665037675e-02 -2.041279226541519165e-01 3.116954863071441650e-02 1.000000000000000000e+00
1.284101605415345453e-02 -2.048310637474060059e-01 3.120442107319831848e-02 1.000000000000000000e+00
1.073910742998123308e-01 -2.034106701612472534e-01 3.120221942663192749e-02 1.000000000000000000e+00
2.027299553155899048e-01 -2.027171999216079712e-01 3.116393089294433594e-02 1.000000000000000000e+00
2.969620823860168457e-01 -2.017125189304351529e-01 3.111371025443077087e-02 1.000000000000000000e+00
3.915311694145202637e-01 -2.001823931932449063e-01 3.107465431094169617e-02 1.000000000000000000e+00
4.897009134292602539e-01 -1.997464746236800870e-01 3.104902803897857666e-02 1.000000000000000000e+00
5.856219530105590820e-01 -1.984376907348632535e-01 3.094465285539627075e-02 1.000000000000000000e+00
6.806586980819702148e-01 -1.975777745246886652e-01 3.090770915150642395e-02 1.000000000000000000e+00
7.790605425834655762e-01 -1.953932344913482111e-01 3.089396283030509949e-02 1.000000000000000000e+00
8.781136870384216309e-01 -1.948398947715758722e-01 3.074015304446220398e-02 1.000000000000000000e+00
9.563392996788024902e-01 -1.928606331348418634e-01 3.063809499144554138e-02 1.000000000000000000e+00
-9.365080595016479492e-01 -1.045142412185669500e-01 3.097878396511077881e-02 1.000000000000000000e+00
-8.579204678535461426e-01 -1.026036143302918036e-01 3.102601692080497742e-02 1.000000000000000000e+00
-7.580314874649047852e-01 -1.021502614021301686e-01 3.095143660902976990e-02 1.000000000000000000e+00
-6.597004532814025879e-01 -1.015675365924835621e-01 3.089101612567901611e-02 1.000000000000000000e+00
-5.617992877960205078e-01 -1.033751070499420444e-01 3.097182884812355042e-02 1.000000000000000000e+00
-4.647636413574218750e-01 -1.039938181638717929e-01 3.100834786891937256e-02 1.000000000000000000e+00
-3.684105277061462402e-01 -1.044869273900985995e-01 3.112161904573440552e-02 1.000000000000000000e+00
-2.730022072792053223e-01 -1.033355891704559465e-01 3.118658438324928284e-02 1.000000000000000000e+00
-1.771616190671920776e-01 -1.016828119754791399e-01 3.118880465626716614e-02 1.000000000000000000e+00
-8.187042921781539917e-02 -1.029931306838989258e-01 3.121296316385269165e-02 1.000000000000000000e+00
1.209244877099991539e-02 -1.035313010215759277e-01 3.121071681380271912e-02 1.000000000000000000e+00
1.053879410028457642e-01 -1.026709079742431641e-01 3.119142353534698486e-02 1.000000000000000000e+00
1.991616338491439819e-01 -1.022048741579055647e-01 3.117694705724716187e-02 1.000000000000000000e+00
2.939444780349731445e-01 -1.023185700178146224e-01 3.117852285504341125e-02 1.000000000000000000e+00
3.896607756614685059e-01 -1.022597849369048795e-01 3.108270838856697083e-02 1.000000000000000000e+00
4.871259331703186035e-01 -1.020526438951492032e-01 3.106718137860298157e-02 1.000000000000000000e+00
5.823065638542175293e-01 -1.000477671623229564e-01 3.095393627882003784e-02 1.000000000000000000e+00
6.783801317214965820e-01 -9.913270175456996569e-02 3.096769750118255615e-02 1.000000000000000000e+00
7.760761976242065430e-01 -9.665429592132564196e-02 3.082154691219329834e-02 1.000000000000000000e+00
8.761508464813232422e-01 -9.557439386844629459e-02 3.081915527582168579e-02 1.000000000000000000e+00
9.541700482368469238e-01 -9.387414902448648624e-02 3.066111356019973755e-02 1.000000000000000000e+00
-9.351183772087097168e-01 -4.910530522465763117e-03 3.102001920342445374e-02 1.000000000000000000e+00
-8.576110601425170898e-01 -3.339724615216307663e-03 3.103599324822425842e-02 1.000000000000000000e+00
-7.584095597267150879e-01 -2.618903294205711992e-03 3.104015439748764038e-02 1.000000000000000000e+00
-6.609115004539489746e-01 -3.755422309041063587e-03 3.095307573676109314e-02 1.000000000000000000e+00
-5.628659725189208984e-01 -4.823638126254116421e-03 3.094306960701942444e-02 1.000000000000000000e+00
-4.650868773460388184e-01 -3.838414326310186399e-03 3.101474419236183167e-02 1.000000000000000000e+00
-3.679222464561462402e-01 -3.043772652745269439e-03 3.105898201465606689e-02 1.000000000000000000e+00
-2.724400162696838379e-01 -1.847425475716607578e-03 3.114525228738784790e-02 1.000000000000000000e+00
-1.781142055988311768e-01 -1.358199864625941628e-03 3.117712587118148804e-02 1.000000000000000000e+00
-8.322649449110031128e-02 -2.402784302830701310e-03 3.117858245968818665e-02 1.000000000000000000e+00
9.364426136016845703e-03 -2.854077145457267328e-03 3.119088709354400635e-02 1.000000000000000000e+00
1.018315255641937256e-01 -2.726452425122254976e-03 3.117091208696365356e-02 1.000000000000000000e+00
1.954311579465866089e-01 -2.938406541943537967e-03 3.120602294802665710e-02 1.000000000000000000e+00
2.907624840736389160e-01 -3.650302067399007182e-03 3.119278326630592346e-02 1.000000000000000000e+00
3.864467144012451172e-01 -4.978457465767836994e-03 3.114211931824684143e-02 1.000000000000000000e+00
4.830679893493652344e-01 -4.661308601498574331e-03 3.105355054140090942e-02 1.000000000000000000e+00
5.788409709930419922e-01 -1.631097868084872187e-03 3.099128976464271545e-02 1.000000000000000000e+00
6.748085021972656250e-01 -5.167480558156554082e-04 3.093352913856506348e-02 1.000000000000000000e+00
7.733265161514282227e-01 2.048732712864923065e-03 3.088869526982307434e-02 1.000000000000000000e+00
8.738319277763366699e-01 4.266276955604606999e-03 3.084046393632888794e-02 1.000000000000000000e+00
9.511770606040954590e-01 6.890861317515431343e-03 3.074723482131958008e-02 1.000000000000000000e+00
-9.329121708869934082e-01 9.437420964241022281e-02 3.104572370648384094e-02 1.000000000000000000e+00
-8.547894954681396484e-01 9.599275887012476138e-02 3.109939023852348328e-02 1.000000000000000000e+00
-7.576279640197753906e-01 9.665264189243312487e-02 3.107198327779769897e-02 1.000000000000000000e+00
-6.613726615905761719e-01 9.565750509500499377e-02 3.106266260147094727e-02 1.000000000000000000e+00
-5.644583702087402344e-01 9.583652019500729646e-02 3.103134408593177795e-02 1.000000000000000000e+00
-4.668589830398559570e-01 9.621530771255490389e-02 3.102956339716911316e-02 1.000000000000000000e+00
-3.695772886276245117e-01 9.702956676483151521e-02 3.106410801410675049e-02 1.000000000000000000e+00
-2.739089727401733398e-01 9.812738001346586747e-02 3.115100041031837463e-02 1.000000000000000000e+00
-1.797196865081787109e-01 9.814924746751783891e-02 3.114394843578338623e-02 1.000000000000000000e+00
-8.651716262102127075e-02 9.775456041097640991e-02 3.115055337548255920e-02 1.000000000000000000e+00
6.343036890029901155e-03 9.766100347042083740e-02 3.117226436734199524e-02 1.000000000000000000e+00
9.724561870098114014e-02 9.642685204744338989e-02 3.117978945374488831e-02 1.000000000000000000e+00
1.905535906553268433e-01 9.545139223337174850e-02 3.126659616827964783e-02 1.000000000000000000e+00
2.866588234901428223e-01 9.439361840486527877e-02 3.122002631425857544e-02 1.000000000000000000e+00
3.822452425956726074e-01 9.558226913213732634e-02 3.115120157599449158e-02 1.000000000000000000e+00
4.778106808662414551e-01 9.677748382091524992e-02 3.105070441961288452e-02 1.000000000000000000e+00
5.735608935356140137e-01 9.944834560155872694e-02 3.098788857460021973e-02 1.000000000000000000e+00
6.713318228721618652e-01 1.022179350256920277e-01 3.098676353693008423e-02 1.000000000000000000e+00
7.713657021522521973e-01 1.048353165388107716e-01 3.090410679578781128e-02 1.000000000000000000e+00
8.722575902938842773e-01 1.075387671589851935e-01 3.088938072323799133e-02 1.000000000000000000e+00
9.476942420005798340e-01 1.094774231314659674e-01 3.075422346591949463e-02 1.000000000000000000e+00
-9.336683154106140137e-01 1.926958560943602961e-01 3.106575831770896912e-02 1.000000000000000000e+00
-8.560933470726013184e-01 1.974425315856933039e-01 3.112682327628135681e-02 1.000000000000000000e+00
-7.587748169898986816e-01 1.983144283294677179e-01 3.115353360772132874e-02 1.000000000000000000e+00
-6.622239351272583008e-01 1.986385881900787076e-01 3.116713091731071472e-02 1.000000000000000000e+00
-5.664108395576477051e-01 1.992830336093902310e-01 3.106269612908363342e-02 1.000000000000000000e+00
-4.672287702560424805e-01 1.988367736339568814e-01 3.105928376317024231e-02 1.000000000000000000e+00
-3.707349896430969238e-01 1.980683356523513516e-01 3.106943517923355103e-02 1.000000000000000000e+00
-2.754769325256347656e-01 1.979234814643859586e-01 3.112788498401641846e-02 1.000000000000000000e+00
-1.822077631950378418e-01 1.988097876310348511e-01 3.113040328025817871e-02 1.000000000000000000e+00
-8.951684832572938399e-02 1.985041499137878418e-01 3.114509582519531250e-02 1.000000000000000000e+00
2.365000545978534000e-03 1.979592293500900269e-01 3.114563971757888794e-02 1.000000000000000000e+00
9.417097270488737626e-02 1.968922019004821777e-01 3.122990205883979797e-02 1.000000000000000000e+00
1.877775639295578003e-01 1.964682340621948242e-01 3.128112480044364929e-02 1.000000000000000000e+00
2.832962274551391602e-01 1.964043378829956332e-01 3.124849498271942139e-02 1.000000000000000000e+00
3.783082365989685059e-01 1.975948065519333163e-01 3.121394664049148560e-02 1.000000000000000000e+00
4.739615917205810547e-01 2.003608047962188998e-01 3.104181960225105286e-02 1.000000000000000000e+00
5.688224434852600098e-01 2.017461955547333041e-01 3.096884861588478088e-02 1.000000000000000000e+00
6.666997075080871582e-01 2.031406313180923739e-01 3.094592690467834473e-02 1.000000000000000000e+00
7.659718394279479980e-01 2.062074244022369940e-01 3.089573234319686890e-02 1.000000000000000000e+00
8.667407035827636719e-01 2.093560844659805853e-01 3.090075030922889709e-02 1.000000000000000000e+00
9.419590830802917480e-01 2.100923508405685980e-01 3.075711801648139954e-02 1.000000000000000000e+00
-9.363964796066284180e-01 2.937686443328856867e-01 3.107896819710731506e-02 1.000000000000000000e+00
-8.580855131149291992e-01 2.974825501441955011e-01 3.119633346796035767e-02 1.000000000000000000e+00
-7.611878514289855957e-01 2.985790371894835871e-01 3.113428130745887756e-02 1.000000000000000000e+00
-6.640524864196777344e-01 2.988793849945067804e-01 3.114771842956542969e-02 1.000000000000000000e+00
-5.663383603096008301e-01 3.000010550022124689e-01 3.110392019152641296e-02 1.000000000000000000e+00
-4.686850309371948242e-01 3.000208437442778986e-01 3.111310675740242004e-02 1.000000000000000000e+00
-3.717343211174011230e-01 2.990788519382476807e-01 3.105216473340988159e-02 1.000000000000000000e+00
-2.783012092113494873e-01 2.988375425338745117e-01 3.108883276581764221e-02 1.000000000000000000e+00
-1.851791143417358676e-01 2.985753715038299561e-01 3.111712634563446045e-02 1.000000000000000000e+00
-9.262303262948991256e-02 2.981700897216796875e-01 3.114498779177665710e-02 1.000000000000000000e+00
-2.896562218666258806e-04 2.970327138900756836e-01 3.115965425968170166e-02 1.000000000000000000e+00
9.329742193222044511e-02 2.970544397830963135e-01 3.123378381133079529e-02 1.000000000000000000e+00
1.861158758401870450e-01 2.967183589935302734e-01 3.126920014619827271e-02 1.000000000000000000e+00
2.807336449623107910e-01 2.981078624725341797e-01 3.124575316905975342e-02 1.000000000000000000e+00
3.733922839164733887e-01 2.996905446052551270e-01 3.116963803768157959e-02 1.000000000000000000e+00
4.669237136840820312e-01 3.023400008678436834e-01 3.105809539556503296e-02 1.000000000000000000e+00
5.620999336242675781e-01 3.035014271736145575e-01 3.097740188241004944e-02 1.000000000000000000e+00
6.594865918159484863e-01 3.038911521434784491e-01 3.096920624375343323e-02 1.000000000000000000e+00
7.583786845207214355e-01 3.070583045482636053e-01 3.089747950434684753e-02 1.000000000000000000e+00
8.595837950706481934e-01 3.113855123519898016e-01 3.090805560350418091e-02 1.000000000000000000e+00
9.373925328254699707e-01 3.103581964969635565e-01 3.079898655414581299e-02 1.000000000000000000e+00
-9.372345209121704102e-01 3.942753374576568048e-01 3.105803579092025757e-02 1.000000000000000000e+00
-8.579213619232177734e-01 3.947729468345641535e-01 3.114716336131095886e-02 1.000000000000000000e+00
-7.596611976623535156e-01 3.959413170814513605e-01 3.116158396005630493e-02 1.000000000000000000e+00
-6.625186800956726074e-01 3.977783918380736750e-01 3.112842142581939697e-02 1.000000000000000000e+00
-5.653671622276306152e-01 3.995321094989776056e-01 3.111544623970985413e-02 1.000000000000000000e+00
-4.688414335250854492e-01 3.997255861759185236e-01 3.110174089670181274e-02 1.000000000000000000e+00
-3.733955025672912598e-01 3.998178839683532715e-01 3.109420090913772583e-02 1.000000000000000000e+00
-2.805078029632568359e-01 3.989104628562927246e-01 3.109592199325561523e-02 1.000000000000000000e+00
-1.875310242176056186e-01 3.984016478061676025e-01 3.112553432583808899e-02 1.000000000000000000e+00
-9.492044150829317961e-02 3.978019356727600098e-01 3.114191442728042603e-02 1.000000000000000000e+00
-1.822665333747888056e-03 3.976928591728210449e-01 3.121886774897575378e-02 1.000000000000000000e+00
9.218883514404294099e-02 3.976890742778778076e-01 3.125666454434394836e-02 1.000000000000000000e+00
1.859320551156997403e-01 3.973927199840545654e-01 3.128705918788909912e-02 1.000000000000000000e+00
2.785998582839965820e-01 3.996284008026123047e-01 3.122543916106224060e-02 1.000000000000000000e+00
3.701907396316528320e-01 4.008536040782928467e-01 3.118717297911643982e-02 1.000000000000000000e+00
4.641052484512329102e-01 4.023460149765015204e-01 3.106818348169326782e-02 1.000000000000000000e+00
5.586393475532531738e-01 4.043775200843811590e-01 3.093563765287399292e-02 1.000000000000000000e+00
6.541538834571838379e-01 4.053037166595459539e-01 3.093195334076881409e-02 1.000000000000000000e+00
7.520458698272705078e-01 4.069900512695313055e-01 3.088495135307312012e-02 1.000000000000000000e+00
8.540393114089965820e-01 4.128259718418121893e-01 3.084724396467208862e-02 1.000000000000000000e+00
9.332059025764465332e-01 4.127164185047150213e-01 3.081884980201721191e-02 1.000000000000000000e+00
-9.378597140312194824e-01 4.938352406024932306e-01 3.111133724451065063e-02 1.000000000000000000e+00
-8.581508398056030273e-01 4.946141839027404230e-01 3.113361448049545288e-02 1.000000000000000000e+00
-7.612325549125671387e-01 4.959775507450103205e-01 3.112026304006576538e-02 1.000000000000000000e+00
-6.628044247627258301e-01 4.980007112026214044e-01 3.110558539628982544e-02 1.000000000000000000e+00
-5.668781995773315430e-01 4.996594488620757502e-01 3.109440952539443970e-02 1.000000000000000000e+00
-4.708111882209778387e-01 5.008444786071777344e-01 3.109177947044372559e-02 1.000000000000000000e+00
-3.751317858695984442e-01 5.012202262878417969e-01 3.106282651424407959e-02 1.000000000000000000e+00
-2.826341986656189520e-01 5.018474459648132324e-01 3.107215464115142822e-02 1.000000000000000000e+00
-1.902070939540863315e-01 5.014752149581909180e-01 3.110840916633605957e-02 1.000000000000000000e+00
-9.722018241882326994e-02 5.011234879493713379e-01 3.117938712239265442e-02 1.000000000000000000e+00
-5.315326154232055504e-03 5.012903213500976562e-01 3.124799579381942749e-02 1.000000000000000000e+00
8.733448386192319002e-02 5.002442002296447754e-01 3.127882257103919983e-02 1.000000000000000000e+00
1.824326068162917813e-01 4.997119307518005371e-01 3.125353902578353882e-02 1.000000000000000000e+00
2.752802968025206964e-01 5.012666583061218262e-01 3.119089454412460327e-02 1.000000000000000000e+00
3.668650984764098566e-01 5.014922618865966797e-01 3.112772852182388306e-02 1.000000000000000000e+00
4.606986641883849543e-01 5.036328434944152832e-01 3.106448054313659668e-02 1.000000000000000000e+00
5.550644993782043457e-01 5.042896270751953125e-01 3.096012398600578308e-02 1.000000000000000000e+00
6.508607864379882812e-01 5.055770874023437500e-01 3.092489391565322876e-02 1.000000000000000000e+00
7.479597330093383789e-01 5.068171024322509766e-01 3.091982007026672363e-02 1.000000000000000000e+00
8.486417531967163086e-01 5.140767097473144531e-01 3.089881315827369690e-02 1.000000000000000000e+00
9.283295273780822754e-01 5.142786502838135876e-01 3.083010762929916382e-02 1.000000000000000000e+00
-9.401636719703674316e-01 5.933036804199217640e-01 3.113068640232086182e-02 1.000000000000000000e+00
-8.592316508293151855e-01 5.954796075820922852e-01 3.109333291649818420e-02 1.000000000000000000e+00
-7.603721618652343750e-01 5.965530276298522949e-01 3.104887530207633972e-02 1.000000000000000000e+00
-6.627885103225708008e-01 5.979107022285461426e-01 3.107772022485733032e-02 1.000000000000000000e+00
-5.678252577781677246e-01 5.998404026031494141e-01 3.105707839131355286e-02 1.000000000000000000e+00
-4.721966385841370184e-01 6.015445590019226074e-01 3.103578835725784302e-02 1.000000000000000000e+00
-3.784603476524353582e-01 6.028186082839965820e-01 3.103431314229965210e-02 1.000000000000000000e+00
-2.871917486190796454e-01 6.030857563018798828e-01 3.108161687850952148e-02 1.000000000000000000e+00
-1.942603737115860263e-01 6.031177639961242676e-01 3.117251396179199219e-02 1.000000000000000000e+00
-1.013801544904709279e-01 6.023610830307006836e-01 3.118543326854705811e-02 1.000000000000000000e+00
-9.694125503301656913e-03 6.028430461883544922e-01 3.120245784521102905e-02 1.000000000000000000e+00
8.264183998107905993e-02 6.030308604240417480e-01 3.125299140810966492e-02 1.000000000000000000e+00
1.777742356061935147e-01 6.029409170150756836e-01 3.121906518936157227e-02 1.000000000000000000e+00
2.708836793899535578e-01 6.029839515686035156e-01 3.115104883909225464e-02 1.000000000000000000e+00
3.646622896194457453e-01 6.040841937065124512e-01 3.106445446610450745e-02 1.000000000000000000e+00
4.577901363372802179e-01 6.045668125152587891e-01 3.100137040019035339e-02 1.000000000000000000e+00
5.521231889724731445e-01 6.052123308181762695e-01 3.094976022839546204e-02 1.000000000000000000e+00
6.469280719757080078e-01 6.051591634750366211e-01 3.097280114889144897e-02 1.000000000000000000e+00
7.440741062164306641e-01 6.054925322532653809e-01 3.091569617390632629e-02 1.000000000000000000e+00
8.423953056335449219e-01 6.134731769561767578e-01 3.088577091693878174e-02 1.000000000000000000e+00
9.227715730667114258e-01 6.155315041542054333e-01 3.083251789212226868e-02 1.000000000000000000e+00
-9.420626163482666016e-01 6.946388483047484241e-01 3.108322247862815857e-02 1.000000000000000000e+00
-8.620570302009582520e-01 6.942247152328491211e-01 3.104934096336364746e-02 1.000000000000000000e+00
-7.630598545074462891e-01 6.960045695304870605e-01 3.105304762721061707e-02 1.000000000000000000e+00
-6.661399006843566895e-01 6.983250975608825684e-01 3.103861212730407715e-02 1.000000000000000000e+00
-5.702323317527770996e-01 7.012028694152832031e-01 3.105276077985763550e-02 1.000000000000000000e+00
-4.755383729934692938e-01 7.032138109207153320e-01 3.101037442684173584e-02 1.000000000000000000e+00
-3.820607662200928289e-01 7.041578888893127441e-01 3.102431073784828186e-02 1.000000000000000000e+00
-2.901633977890015204e-01 7.046273946762084961e-01 3.109366819262504578e-02 1.000000000000000000e+00
-1.968755275011063177e-01 7.048073410987854004e-01 3.115059435367584229e-02 1.000000000000000000e+00
-1.057159602642059743e-01 7.048549056053161621e-01 3.118287399411201477e-02 1.000000000000000000e+00
-1.354793086647991703e-02 7.055901288986206055e-01 3.116235136985778809e-02 1.000000000000000000e+00
7.890214025974269518e-02 7.048601508140563965e-01 3.121870756149291992e-02 1.000000000000000000e+00
1.755967587232589167e-01 7.044466137886047363e-01 3.116200864315032959e-02 1.000000000000000000e+00
2.685353755950927179e-01 7.051448822021484375e-01 3.108280524611473083e-02 1.000000000000000000e+00
3.620540499687194269e-01 7.063888311386108398e-01 3.105705603957176208e-02 1.000000000000000000e+00
4.556241035461425226e-01 7.065224051475524902e-01 3.090108558535575867e-02 1.000000000000000000e+00
5.495546460151672363e-01 7.073255777359008789e-01 3.088984265923500061e-02 1.000000000000000000e+00
6.453658938407897949e-01 7.060443162918090820e-01 3.089078143239021301e-02 1.000000000000000000e+00
7.406225800514221191e-01 7.051449418067932129e-01 3.085447475314140320e-02 1.000000000000000000e+00
8.380665183067321777e-01 7.117136120796203613e-01 3.090972825884819031e-02 1.000000000000000000e+00
9.157492518424987793e-01 7.129926681518555798e-01 3.084345161914825439e-02 1.000000000000000000e+00
-9.433475732803344727e-01 7.951439023017882191e-01 3.099567443132400513e-02 1.000000000000000000e+00
-8.658573627471923828e-01 7.930980920791625977e-01 3.101385384798049927e-02 1.000000000000000000e+00
-7.653687596321105957e-01 7.949069738388061523e-01 3.097881004214286804e-02 1.000000000000000000e+00
-6.698006391525268555e-01 7.979794144630432129e-01 3.098562359809875488e-02 1.000000000000000000e+00
-5.734896063804626465e-01 8.003754019737243652e-01 3.096612170338630676e-02 1.000000000000000000e+00
-4.788770079612732489e-01 8.020141124725341797e-01 3.103793784976005554e-02 1.000000000000000000e+00
-3.843482732772827704e-01 8.013081550598144531e-01 3.097642213106155396e-02 1.000000000000000000e+00
-2.916098237037659247e-01 8.033984899520874023e-01 3.112801536917686462e-02 1.000000000000000000e+00
-1.991189718246460516e-01 8.057569265365600586e-01 3.115583583712577820e-02 1.000000000000000000e+00
-1.095667928457260687e-01 8.067464232444763184e-01 3.116165101528167725e-02 1.000000000000000000e+00
-1.664334535598759740e-02 8.067277073860168457e-01 3.115930408239364624e-02 1.000000000000000000e+00
7.710668444633478336e-02 8.051912188529968262e-01 3.120113909244537354e-02 1.000000000000000000e+00
1.746698617935180109e-01 8.048474192619323730e-01 3.117288649082183838e-02 1.000000000000000000e+00
2.683957815170287531e-01 8.066322803497314453e-01 3.107470646500587463e-02 1.000000000000000000e+00
3.611072301864623468e-01 8.075173497200012207e-01 3.105502575635910034e-02 1.000000000000000000e+00
4.546269178390502375e-01 8.069599270820617676e-01 3.091812506318092346e-02 1.000000000000000000e+00
5.493818521499633789e-01 8.071939945220947266e-01 3.086857125163078308e-02 1.000000000000000000e+00
6.437937617301940918e-01 8.073398470878601074e-01 3.083669766783714294e-02 1.000000000000000000e+00
7.394903898239135742e-01 8.068722486495971680e-01 3.079780936241149902e-02 1.000000000000000000e+00
8.356153964996337891e-01 8.116391897201538086e-01 3.088324889540672302e-02 1.000000000000000000e+00
9.116864204406738281e-01 8.116836547851563610e-01 3.083250671625137329e-02 1.000000000000000000e+00
-9.425051808357238770e-01 8.916577100753783069e-01 3.097645565867424011e-02 1.000000000000000000e+00
-8.714082241058349609e-01 8.947862386703491211e-01 3.100521862506866455e-02 1.000000000000000000e+00
-7.728915810585021973e-01 8.965127468109130859e-01 3.096382692456245422e-02 1.000000000000000000e+00
-6.736727952957153320e-01 8.991845846176147461e-01 3.094159439206123352e-02 1.000000000000000000e+00
-5.779182910919189453e-01 9.008523821830749512e-01 3.092067316174507141e-02 1.000000000000000000e+00
-4.823104739189148504e-01 9.003250598907470703e-01 3.089184314012527466e-02 1.000000000000000000e+00
-3.879424929618836004e-01 9.018043279647827148e-01 3.096814453601837158e-02 1.000000000000000000e+00
-2.939952015876770575e-01 9.034273028373718262e-01 3.108340129256248474e-02 1.000000000000000000e+00
-2.008175849914551336e-01 9.052779674530029297e-01 3.110251203179359436e-02 1.000000000000000000e+00
-1.131457239389420111e-01 9.079478383064270020e-01 3.115630522370338440e-02 1.000000000000000000e+00
-1.888028532266622372e-02 9.080899953842163086e-01 3.117921948432922363e-02 1.000000000000000000e+00
7.742321491241449527e-02 9.059084653854370117e-01 3.133616968989372253e-02 1.000000000000000000e+00
1.740231961011886042e-01 9.054900407791137695e-01 3.140372037887573242e-02 1.000000000000000000e+00
2.671373486518859308e-01 9.067304134368896484e-01 3.106614202260971069e-02 1.000000000000000000e+00
3.593845367431640070e-01 9.078501462936401367e-01 3.099593892693519592e-02 1.000000000000000000e+00
4.521877765655517023e-01 9.071878194808959961e-01 3.094340860843658447e-02 1.000000000000000000e+00
5.462477803230284534e-01 9.068704843521118164e-01 3.085779771208763123e-02 1.000000000000000000e+00
6.441439986228941761e-01 9.085658788681030273e-01 3.083170577883720398e-02 1.000000000000000000e+00
7.388021349906920276e-01 9.085822105407714844e-01 3.087294846773147583e-02 1.000000000000000000e+00
8.327676653861998401e-01 9.098523259162902832e-01 3.095104917883872986e-02 1.000000000000000000e+00
9.074807167053221546e-01 9.066200256347657360e-01 3.088098019361495972e-02 1.000000000000000000e+00
-9.399684071540833630e-01 9.689779877662657581e-01 3.101933375000953674e-02 1.000000000000000000e+00
-8.702185153961182751e-01 9.773628115653991699e-01 3.108456730842590332e-02 1.000000000000000000e+00
-7.769086956977845349e-01 9.804998636245727539e-01 3.101495653390884399e-02 1.000000000000000000e+00
-6.800853013992310681e-01 9.822139739990234375e-01 3.088485077023506165e-02 1.000000000000000000e+00
-5.823130011558533825e-01 9.840384721755981445e-01 3.083074837923049927e-02 1.000000000000000000e+00
-4.873582124710083563e-01 9.834725856781005859e-01 3.087545931339263916e-02 1.000000000000000000e+00
-3.931863903999329168e-01 9.850421547889709473e-01 3.098439052700996399e-02 1.000000000000000000e+00
-2.973266541957855780e-01 9.869640469551086426e-01 3.104664757847785950e-02 1.000000000000000000e+00
-2.037962824106216986e-01 9.896029233932495117e-01 3.104209899902343750e-02 1.000000000000000000e+00
-1.120585501194000799e-01 9.930477142333984375e-01 3.113046661019325256e-02 1.000000000000000000e+00
-1.717137172818190144e-02 9.925350546836853027e-01 3.135062009096145630e-02 1.000000000000000000e+00
7.888019084930414371e-02 9.913653731346130371e-01 3.161288797855377197e-02 1.000000000000000000e+00
1.757860928773879450e-01 9.907241463661193848e-01 3.138301894068717957e-02 1.000000000000000000e+00
2.672252058982848566e-01 9.925533533096313477e-01 3.103341534733772278e-02 1.000000000000000000e+00
3.588223457336425226e-01 9.930239915847778320e-01 3.095305338501930237e-02 1.000000000000000000e+00
4.524803161621093195e-01 9.933709502220153809e-01 3.094437345862388611e-02 1.000000000000000000e+00
5.439644455909727894e-01 9.917894601821899414e-01 3.085849061608314514e-02 1.000000000000000000e+00
6.418848633766173206e-01 9.918317794799804688e-01 3.080853819847106934e-02 1.000000000000000000e+00
7.383998036384581409e-01 9.939174652099609375e-01 3.083442896604537964e-02 1.000000000000000000e+00
8.279936909675597034e-01 9.934945106506347656e-01 3.082959353923797607e-02 1.000000000000000000e+00
9.004682302474974476e-01 9.837557673454284668e-01 3.080688044428825378e-02 1.000000000000000000e+00
