-2.636159829431420354e-01 3.427667423855245699e-01 3.008818998932838440e-02 0.000000000000000000e+00
-2.058083717816079350e-01 3.327481888817500622e-01 3.013023361563682556e-02 0.000000000000000000e+00
-1.238184425728496157e-01 3.095025792743243409e-01 3.026847541332244873e-02 0.000000000000000000e+00
-4.475475851949052564e-02 2.828969491466252206e-01 3.135954961180686951e-02 0.000000000000000000e+00
3.301934787326861465e-02 2.553326784128337468e-01 4.087174683809280396e-02 0.000000000000000000e+00
1.024801306428676367e-01 2.290841321907871320e-01 5.508892238140106201e-02 0.000000000000000000e+00
1.600737859621141901e-01 2.063595972423917513e-01 6.625105440616607666e-02 0.000000000000000000e+00
2.209437002085747614e-01 1.913152770322500973e-01 7.935525476932525635e-02 0.000000000000000000e+00
2.966813393699163082e-01 1.767082698880794722e-01 9.556436538696289062e-02 0.000000000000000000e+00
3.325822462024505821e-01 1.367074019261024787e-01 7.695412635803222656e-02 0.000000000000000000e+00
2.965386196041462918e-01 8.951053910005740688e-02 7.516945898532867432e-02 0.000000000000000000e+00
2.369740591105189420e-01 3.813272997515586293e-02 7.106892764568328857e-02 0.000000000000000000e+00
1.794314041121486403e-01 -1.745384763697536978e-02 7.045817375183105469e-02 0.000000000000000000e+00
1.083358478217552739e-01 -7.376791409871902294e-02 6.637707352638244629e-02 0.000000000000000000e+00
2.926082363196871872e-02 -1.319477952022596601e-01 5.891828984022140503e-02 0.000000000000000000e+00
-3.989074878353011944e-02 -1.916006691485855340e-01 4.801007360219955444e-02 0.000000000000000000e+00
-1.080102555144745180e-01 -2.503118402535643439e-01 3.772043809294700623e-02 0.000000000000000000e+00
-1.745103960319333014e-01 -3.066435056587393793e-01 3.100965917110443115e-02 0.000000000000000000e+00
-2.389215069295254068e-01 -3.670647851420476560e-01 3.083118051290512085e-02 0.000000000000000000e+00
-3.101120332405039592e-01 -4.275764169318512220e-01 3.088546916842460632e-02 0.000000000000000000e+00
-3.637063345918812862e-01 -4.705232653110426599e-01 3.054817393422126770e-02 0.000000000000000000e+00
-2.981915794900731331e-01 2.972854801990055251e-01 3.031385689973831177e-02 0.000000000000000000e+00
-2.417754175561678820e-01 2.685291833196705724e-01 3.041075915098190308e-02 0.000000000000000000e+00
-1.588830294903821605e-01 2.416842433861266515e-01 3.129658102989196777e-02 0.000000000000000000e+00
-7.393645144338002739e-02 2.167291628714551333e-01 4.128324612975120544e-02 0.000000000000000000e+00
4.520196819232727425e-03 1.925284793349922308e-01 5.569782108068466187e-02 0.000000000000000000e+00
7.556882522798723245e-02 1.619212061387141910e-01 6.885075569152832031e-02 0.000000000000000000e+00
1.321453480179423379e-01 1.411762059319322526e-01 7.677008211612701416e-02 0.000000000000000000e+00
1.941580134756810683e-01 1.272947567848766726e-01 9.052507579326629639e-02 0.000000000000000000e+00
2.687317832204624835e-01 1.140458528086285978e-01 1.137166321277618408e-01 0.000000000000000000e+00
3.390675082233673421e-01 7.613997824558266236e-02 9.729690849781036377e-02 0.000000000000000000e+00
3.317361692920186012e-01 3.222643921223322661e-02 7.333679497241973877e-02 0.000000000000000000e+00
2.778507491212643954e-01 -1.692171733274497325e-02 6.791888177394866943e-02 0.000000000000000000e+00
2.258529861965479779e-01 -6.286310456699152616e-02 6.616096198558807373e-02 0.000000000000000000e+00
1.539028906987950918e-01 -1.202214132012422582e-01 6.434661149978637695e-02 0.000000000000000000e+00
7.822978758214679806e-02 -1.818943869137843172e-01 6.347779929637908936e-02 0.000000000000000000e+00
1.205850838690639137e-02 -2.434386586389532814e-01 5.727351456880569458e-02 0.000000000000000000e+00
-5.575040768064910834e-02 -3.049904535765814440e-01 4.805242270231246948e-02 0.000000000000000000e+00
-1.228525105619647645e-01 -3.692275822835205945e-01 3.799086436629295349e-02 0.000000000000000000e+00
-1.872200732283329505e-01 -4.325058807235490077e-01 3.233460336923599243e-02 0.000000000000000000e+00
-2.596252822501076141e-01 -4.931038608692392411e-01 3.134350851178169250e-02 0.000000000000000000e+00
-3.179830731037468494e-01 -5.333792207188555734e-01 3.113644942641258240e-02 1.000000000000000000e+00
-3.378099094840750771e-01 2.083316509183945064e-01 3.047533333301544189e-02 0.000000000000000000e+00
-2.761200783492176458e-01 1.757592967153641939e-01 3.059726208448410034e-02 0.000000000000000000e+00
-1.922190305877801986e-01 1.515161252043352724e-01 3.207154944539070129e-02 0.000000000000000000e+00
-1.086232432304840151e-01 1.305618290162043060e-01 4.973269626498222351e-02 0.000000000000000000e+00
-2.709497084397877176e-02 1.010379603172340268e-01 6.437635421752929688e-02 0.000000000000000000e+00
4.371856771213803589e-02 6.905533535528028677e-02 7.782198488712310791e-02 0.000000000000000000e+00
1.054771087467803042e-01 4.968292102724050641e-02 8.843398094177246094e-02 0.000000000000000000e+00
1.679431794640871001e-01 3.899424316885492792e-02 1.037048399448394775e-01 0.000000000000000000e+00
2.383279844720828933e-01 2.295634524938335030e-02 1.273033916950225830e-01 0.000000000000000000e+00
3.238353210701664375e-01 -6.730651509659318910e-03 1.360181570053100586e-01 0.000000000000000000e+00
3.583625145957608504e-01 -4.420555347325713647e-02 8.535578846931457520e-02 0.000000000000000000e+00
3.221931744850607404e-01 -8.969432043298911084e-02 6.855940818786621094e-02 0.000000000000000000e+00
2.725872610184056910e-01 -1.352210933133657644e-01 6.357352435588836670e-02 0.000000000000000000e+00
2.098405667055457668e-01 -1.897512595090269094e-01 6.210769340395927429e-02 0.000000000000000000e+00
1.391256142379074801e-01 -2.518694349922011577e-01 6.361499428749084473e-02 0.000000000000000000e+00
7.576187886759142009e-02 -3.157231696233048224e-01 6.162418797612190247e-02 0.000000000000000000e+00
1.011408460428056544e-02 -3.765958102440284394e-01 5.764770507812500000e-02 0.000000000000000000e+00
-5.848509540956631225e-02 -4.419617369212106572e-01 5.058264359831809998e-02 0.000000000000000000e+00
-1.258510797094086753e-01 -5.005579735703001854e-01 3.920850530266761780e-02 0.000000000000000000e+00
-1.956454179064789634e-01 -5.567024648212383076e-01 3.407146781682968140e-02 1.000000000000000000e+00
-2.495585390934169923e-01 -5.992071716861262498e-01 3.217220678925514221e-02 1.000000000000000000e+00
-3.867591434407939843e-01 1.283947052373139164e-01 3.060149773955345154e-02 0.000000000000000000e+00
-3.192121173531730638e-01 9.667022445413334109e-02 3.068529069423675537e-02 0.000000000000000000e+00
-2.301787227251075041e-01 6.566834085195992488e-02 3.199394047260284424e-02 0.000000000000000000e+00
-1.408986004458591956e-01 3.598809812539112418e-02 4.818567633628845215e-02 0.000000000000000000e+00
-6.019889690549665162e-02 4.921440085412513016e-03 6.797960400581359863e-02 0.000000000000000000e+00
8.716578084267279786e-03 -2.346397374664968560e-02 8.409366011619567871e-02 0.000000000000000000e+00
7.322820658137983718e-02 -4.411808164043984348e-02 9.730024635791778564e-02 0.000000000000000000e+00
1.394621778966912140e-01 -5.697958363897689948e-02 1.164391338825225830e-01 0.000000000000000000e+00
2.162046084632446297e-01 -7.472275885426743480e-02 1.374185085296630859e-01 0.000000000000000000e+00
2.983081234287398020e-01 -9.670520633839739533e-02 1.580008864402770996e-01 0.000000000000000000e+00
3.748181510042480902e-01 -1.227006133199314841e-01 1.306688040494918823e-01 0.000000000000000000e+00
3.720801231375864271e-01 -1.657842176858286831e-01 8.029416203498840332e-02 0.000000000000000000e+00
3.295863112330385536e-01 -2.090419833664849958e-01 6.445398926734924316e-02 0.000000000000000000e+00
2.712145170889816437e-01 -2.590736748335091821e-01 6.090554967522621155e-02 0.000000000000000000e+00
2.024198916018775940e-01 -3.183562623738865893e-01 6.253552436828613281e-02 0.000000000000000000e+00
1.404385465209385675e-01 -3.793880389578752066e-01 6.575065851211547852e-02 0.000000000000000000e+00
7.192962398317775952e-02 -4.385923703372799354e-01 6.939983367919921875e-02 0.000000000000000000e+00
3.560270734260767567e-03 -4.925821461049471051e-01 6.937012076377868652e-02 0.000000000000000000e+00
-6.364528158672483338e-02 -5.546398823488121188e-01 6.161544844508171082e-02 1.000000000000000000e+00
-1.281501060019809568e-01 -6.128598530078207540e-01 5.040602013468742371e-02 1.000000000000000000e+00
-1.788764934362980785e-01 -6.581974286852320111e-01 3.602908179163932800e-02 1.000000000000000000e+00
-4.265144322532100629e-01 5.128306300944901475e-02 3.067690134048461914e-02 0.000000000000000000e+00
-3.577583079122207410e-01 1.908855003496282010e-02 3.073368966579437256e-02 0.000000000000000000e+00
-2.693222605681001580e-01 -1.781707444579835875e-02 3.166332840919494629e-02 0.000000000000000000e+00
-1.766925912604333793e-01 -5.801530556263968796e-02 4.780811071395874023e-02 0.000000000000000000e+00
-9.546881273226213993e-02 -9.186421405008007857e-02 7.211884856224060059e-02 0.000000000000000000e+00
-2.671404235878123423e-02 -1.160967816774414740e-01 8.814948797225952148e-02 0.000000000000000000e+00
4.114002352024154902e-02 -1.365190160499709093e-01 1.026823669672012329e-01 0.000000000000000000e+00
1.125431029737056221e-01 -1.563039097305856384e-01 1.211295127868652344e-01 0.000000000000000000e+00
1.957306533221472578e-01 -1.738950164822708477e-01 1.374068856239318848e-01 0.000000000000000000e+00
2.770044035246732594e-01 -1.936935394000228183e-01 1.638824790716171265e-01 0.000000000000000000e+00
3.583478000772745142e-01 -2.152468687460390995e-01 1.713234335184097290e-01 0.000000000000000000e+00
4.071433139407620305e-01 -2.452818088129634644e-01 1.231314092874526978e-01 0.000000000000000000e+00
3.877096918519722935e-01 -2.856492647949321340e-01 7.820007205009460449e-02 0.000000000000000000e+00
3.339055452931263268e-01 -3.289121473664154416e-01 6.426380574703216553e-02 0.000000000000000000e+00
2.674794054220295259e-01 -3.760691695668166301e-01 6.649044156074523926e-02 0.000000000000000000e+00
2.049705661901962683e-01 -4.309144473339139858e-01 7.265833020210266113e-02 0.000000000000000000e+00
1.367927071474885625e-01 -4.885304747271856929e-01 8.319622278213500977e-02 0.000000000000000000e+00
6.718662838600433784e-02 -5.440396970672313204e-01 9.108769893646240234e-02 0.000000000000000000e+00
-1.565755422179682110e-03 -6.059587280326470538e-01 9.130287170410156250e-02 1.000000000000000000e+00
-5.968507940694423031e-02 -6.664033779434546112e-01 7.522416114807128906e-02 1.000000000000000000e+00
-1.090998147687538000e-01 -7.123130127957042479e-01 4.646318778395652771e-02 1.000000000000000000e+00
-4.649408730789261757e-01 -3.257182209906789305e-02 3.077315539121627808e-02 0.000000000000000000e+00
-3.913412539804892454e-01 -6.720082133724034068e-02 3.081295639276504517e-02 0.000000000000000000e+00
-3.010338022687878423e-01 -1.063497539768423483e-01 3.165108710527420044e-02 0.000000000000000000e+00
-2.137939246322548836e-01 -1.464853864869328781e-01 4.670853912830352783e-02 0.000000000000000000e+00
-1.314316280169028073e-01 -1.798275686830828335e-01 7.220789790153503418e-02 0.000000000000000000e+00
-5.662852673266147163e-02 -2.085854697768392274e-01 9.095835685729980469e-02 0.000000000000000000e+00
1.657518594428844527e-02 -2.345591922048145261e-01 1.066775321960449219e-01 0.000000000000000000e+00
9.383481629398726653e-02 -2.588525619295089508e-01 1.198095679283142090e-01 0.000000000000000000e+00
1.757525900980949352e-01 -2.805420045227911552e-01 1.323280781507492065e-01 0.000000000000000000e+00
2.571878048772661685e-01 -2.947292224703482177e-01 1.518168151378631592e-01 0.000000000000000000e+00
3.343924177845900569e-01 -3.158520270271817920e-01 1.782839000225067139e-01 0.000000000000000000e+00
4.085893512397465455e-01 -3.382351026969211416e-01 1.689280420541763306e-01 0.000000000000000000e+00
4.309290986321276384e-01 -3.638291347033738576e-01 1.132520437240600586e-01 0.000000000000000000e+00
3.929753175903039630e-01 -3.998482068111534060e-01 7.661293447017669678e-02 0.000000000000000000e+00
3.326575836941638165e-01 -4.373459510495550928e-01 7.522226870059967041e-02 0.000000000000000000e+00
2.724281988121255993e-01 -4.834876675231299936e-01 8.405429124832153320e-02 0.000000000000000000e+00
2.053458417293373139e-01 -5.396230550547898019e-01 9.859961271286010742e-02 0.000000000000000000e+00
1.302205067148059503e-01 -5.987968194323119997e-01 1.072234809398651123e-01 1.000000000000000000e+00
6.491969691857307767e-02 -6.604711457952734399e-01 1.049531549215316772e-01 1.000000000000000000e+00
6.096120168616048218e-04 -7.202753954163823025e-01 8.767741918563842773e-02 1.000000000000000000e+00
-5.113205085123440075e-02 -7.574705792831255557e-01 5.543597415089607239e-02 1.000000000000000000e+00
-4.953902431072582102e-01 -1.196014817919406337e-01 3.079461306333541870e-02 0.000000000000000000e+00
-4.218231086923109330e-01 -1.573797040875591913e-01 3.083985298871994019e-02 0.000000000000000000e+00
-3.402176746458054346e-01 -1.983118277408086327e-01 3.204620257019996643e-02 0.000000000000000000e+00
-2.559635982957955691e-01 -2.422263124440715010e-01 4.851528257131576538e-02 0.000000000000000000e+00
-1.711171005747605944e-01 -2.721693328685716451e-01 7.561154663562774658e-02 0.000000000000000000e+00
-9.041721264193583463e-02 -3.001207118692236220e-01 9.449778497219085693e-02 0.000000000000000000e+00
-1.031563083385958479e-02 -3.282551240962462424e-01 1.059000194072723389e-01 0.000000000000000000e+00
7.177819035647811652e-02 -3.534553570236373954e-01 1.164211779832839966e-01 0.000000000000000000e+00
1.551501463380450807e-01 -3.745337440704965548e-01 1.264293491840362549e-01 1.000000000000000000e+00
2.364352327257314146e-01 -3.907996459036999770e-01 1.421685516834259033e-01 1.000000000000000000e+00
3.073130979093879889e-01 -4.095903810387287458e-01 1.646863371133804321e-01 1.000000000000000000e+00
3.809232905984452078e-01 -4.346978013373429262e-01 1.802725791931152344e-01 1.000000000000000000e+00
4.396424893609763296e-01 -4.550342049699688807e-01 1.482788473367691040e-01 1.000000000000000000e+00
4.354812914948252844e-01 -4.784404968031643612e-01 1.027444154024124146e-01 0.000000000000000000e+00
3.973010975828010771e-01 -5.106301905489412096e-01 9.445032477378845215e-02 0.000000000000000000e+00
3.390216735256117997e-01 -5.530979715061774549e-01 1.009860038757324219e-01 0.000000000000000000e+00
2.691900985878821206e-01 -6.021225745647460492e-01 1.050025820732116699e-01 1.000000000000000000e+00
1.961967408318500694e-01 -6.568682013768953887e-01 9.861171245574951172e-02 1.000000000000000000e+00
1.283944523562229323e-01 -7.047250838506211590e-01 8.079372346401214600e-02 1.000000000000000000e+00
6.298595736204481987e-02 -7.392957413137424272e-01 5.795366689562797546e-02 1.000000000000000000e+00
2.168160327945978239e-03 -7.561354092691487949e-01 3.699968010187149048e-02 1.000000000000000000e+00
-5.292855289331287461e-01 -2.015638364250607606e-01 3.092770278453826904e-02 0.000000000000000000e+00
-4.645987881829875543e-01 -2.386202412563696307e-01 3.112235292792320251e-02 0.000000000000000000e+00
-3.897726009624743471e-01 -2.782458863627662038e-01 3.307823464274406433e-02 1.000000000000000000e+00
-3.078091189011565865e-01 -3.188524361479811442e-01 4.890319705009460449e-02 1.000000000000000000e+00
-2.233678236158833652e-01 -3.542648083227133982e-01 7.440173625946044922e-02 1.000000000000000000e+00
-1.345542037293778748e-01 -3.843289666923679349e-01 9.947641193866729736e-02 1.000000000000000000e+00
-4.380195525191682426e-02 -4.086029067198988507e-01 1.170697808265686035e-01 1.000000000000000000e+00
4.517823951661587012e-02 -4.327339794676899887e-01 1.308813095092773438e-01 1.000000000000000000e+00
1.309244117684984776e-01 -4.520502067783085942e-01 1.502397358417510986e-01 1.000000000000000000e+00
2.093344403483021476e-01 -4.716594179063507974e-01 1.696780174970626831e-01 1.000000000000000000e+00
2.862680964349055834e-01 -4.961358840776886603e-01 1.963259428739547729e-01 1.000000000000000000e+00
3.613338041955061475e-01 -5.219383743968762923e-01 2.188708782196044922e-01 1.000000000000000000e+00
4.312888167158120400e-01 -5.385146350858017739e-01 2.120364606380462646e-01 1.000000000000000000e+00
4.684186255521587960e-01 -5.550776353225145288e-01 1.631055921316146851e-01 1.000000000000000000e+00
4.555219691306965357e-01 -5.826633956806904768e-01 1.255096048116683960e-01 1.000000000000000000e+00
3.970745213935625850e-01 -6.024822452332257994e-01 9.217810630798339844e-02 0.000000000000000000e+00
3.194523649263972809e-01 -6.268800969953787217e-01 5.983446910977363586e-02 1.000000000000000000e+00
2.416432028923892472e-01 -6.503516874678078041e-01 3.770788758993148804e-02 1.000000000000000000e+00
1.717993842951671402e-01 -6.695818614504793764e-01 3.411529585719108582e-02 0.000000000000000000e+00
9.505522043946873501e-02 -6.864782590639815218e-01 3.224208205938339233e-02 0.000000000000000000e+00
2.260118429369423199e-02 -6.917709549328583396e-01 3.163366019725799561e-02 0.000000000000000000e+00
-5.719737747865694111e-01 -2.963005320569083167e-01 3.189272433519363403e-02 1.000000000000000000e+00
-5.117330313288575017e-01 -3.298988195780346855e-01 3.467563539743423462e-02 1.000000000000000000e+00
-4.371271114411963699e-01 -3.659566417617530765e-01 5.424401164054870605e-02 1.000000000000000000e+00
-3.534891851379234340e-01 -3.922343931156396790e-01 8.941097557544708252e-02 1.000000000000000000e+00
-2.603907533127625129e-01 -4.141765113341007720e-01 1.263435482978820801e-01 1.000000000000000000e+00
-1.654332398048541930e-01 -4.298345607813679470e-01 1.581504493951797485e-01 1.000000000000000000e+00
-7.479725340901041686e-02 -4.372207011524928966e-01 1.837744712829589844e-01 1.000000000000000000e+00
1.497947464952964491e-02 -4.482508896560062350e-01 2.059394717216491699e-01 1.000000000000000000e+00
1.052421453346882030e-01 -4.585375339948024598e-01 2.283370643854141235e-01 1.000000000000000000e+00
1.961544780795057563e-01 -4.669996307248499567e-01 2.487938404083251953e-01 1.000000000000000000e+00
2.857935439940971212e-01 -4.794400633162498870e-01 2.617774605751037598e-01 1.000000000000000000e+00
3.743401425218618739e-01 -4.959636193711125518e-01 2.659568488597869873e-01 1.000000000000000000e+00
4.564030384621046710e-01 -5.112595220225497616e-01 2.377603799104690552e-01 1.000000000000000000e+00
5.096461103685054894e-01 -5.237013862897100802e-01 1.687965989112854004e-01 1.000000000000000000e+00
5.007534045555782631e-01 -5.382969821746463879e-01 9.990395605564117432e-02 0.000000000000000000e+00
4.267652850271909104e-01 -5.458937000547330332e-01 4.853137955069541931e-02 0.000000000000000000e+00
3.441860533141971601e-01 -5.509148069001617021e-01 3.469327837228775024e-02 0.000000000000000000e+00
2.643493433755876865e-01 -5.638036924964296981e-01 3.195183351635932922e-02 0.000000000000000000e+00
1.883589021485216619e-01 -5.756497491567047486e-01 3.144037351012229919e-02 0.000000000000000000e+00
1.070836991968110441e-01 -5.957242720290193416e-01 3.112565726041793823e-02 0.000000000000000000e+00
3.528980913926271779e-02 -6.035990945719160727e-01 3.060815855860710144e-02 0.000000000000000000e+00
-6.136060840341304168e-01 -3.502934372280774866e-01 6.610742211341857910e-02 1.000000000000000000e+00
-5.529886109710038244e-01 -3.593627857514699042e-01 9.752573072910308838e-02 1.000000000000000000e+00
-4.696412318704747957e-01 -3.637940685254128503e-01 1.299750804901123047e-01 1.000000000000000000e+00
-3.726663805320168388e-01 -3.627992448498738587e-01 1.610900759696960449e-01 1.000000000000000000e+00
-2.785333594797468337e-01 -3.612313557434881917e-01 1.849945038557052612e-01 1.000000000000000000e+00
-1.810395539955742261e-01 -3.625694865735727412e-01 1.986557096242904663e-01 1.000000000000000000e+00
-8.441553302412088677e-02 -3.686445860014936349e-01 2.095821201801300049e-01 1.000000000000000000e+00
7.076729819494448348e-03 -3.755870675717687401e-01 2.224334776401519775e-01 1.000000000000000000e+00
1.040292222548174217e-01 -3.810062355963145797e-01 2.359853535890579224e-01 1.000000000000000000e+00
2.022793845456544171e-01 -3.873718005674604004e-01 2.476387321949005127e-01 1.000000000000000000e+00
2.958932881331717835e-01 -3.977825568384091293e-01 2.535707950592041016e-01 1.000000000000000000e+00
3.853086899423389666e-01 -4.085816554886261831e-01 2.431752830743789673e-01 1.000000000000000000e+00
4.723987710938191142e-01 -4.237593849622839914e-01 2.104216367006301880e-01 1.000000000000000000e+00
5.295615064971781472e-01 -4.387604835792777713e-01 1.533069461584091187e-01 1.000000000000000000e+00
5.194973501033148811e-01 -4.544630453669284975e-01 7.907892763614654541e-02 0.000000000000000000e+00
4.412003001022116733e-01 -4.591657130155220590e-01 3.544270247220993042e-02 0.000000000000000000e+00
3.523824036276713700e-01 -4.624343578511347919e-01 3.194159269332885742e-02 0.000000000000000000e+00
2.692285365137240261e-01 -4.702704579769621529e-01 3.150645643472671509e-02 0.000000000000000000e+00
1.925667276000159189e-01 -4.816693049644003022e-01 3.112141042947769165e-02 0.000000000000000000e+00
1.176868136843635115e-01 -5.012653662757070583e-01 3.084357455372810364e-02 0.000000000000000000e+00
4.755009556341491250e-02 -5.142912502030596578e-01 3.019475936889648438e-02 0.000000000000000000e+00
-6.224197065541829943e-01 -2.781567879250141928e-01 9.474509954452514648e-02 1.000000000000000000e+00
-5.552474080966725012e-01 -2.745554240134553403e-01 1.145089119672775269e-01 1.000000000000000000e+00
-4.678667705228252149e-01 -2.722549858014579605e-01 1.352226734161376953e-01 1.000000000000000000e+00
-3.706009952941647367e-01 -2.706652435541194723e-01 1.515105068683624268e-01 1.000000000000000000e+00
-2.754396807002819636e-01 -2.730107262104628507e-01 1.591746211051940918e-01 1.000000000000000000e+00
-1.772714571513062665e-01 -2.759202864822078438e-01 1.676624566316604614e-01 1.000000000000000000e+00
-8.298249802790200191e-02 -2.802992281386563200e-01 1.773989796638488770e-01 1.000000000000000000e+00
1.118677458244343725e-02 -2.900425047697379743e-01 1.886505037546157837e-01 1.000000000000000000e+00
1.080861514519305261e-01 -2.970129191638636312e-01 2.020710259675979614e-01 1.000000000000000000e+00
2.058807273837890139e-01 -3.025383920770661206e-01 2.133692204952239990e-01 1.000000000000000000e+00
2.986940318275067563e-01 -3.100631626525665596e-01 2.186009436845779419e-01 1.000000000000000000e+00
3.853444370553212317e-01 -3.188699745053176215e-01 2.138128727674484253e-01 1.000000000000000000e+00
4.706260509378485946e-01 -3.287370627722561167e-01 1.958954185247421265e-01 1.000000000000000000e+00
5.373332799954656513e-01 -3.464352198849809383e-01 1.464016437530517578e-01 1.000000000000000000e+00
5.275356444665171285e-01 -3.646398872863975682e-01 6.975093483924865723e-02 0.000000000000000000e+00
4.431018091734303388e-01 -3.649754183473928326e-01 3.320921957492828369e-02 0.000000000000000000e+00
3.528247361198822429e-01 -3.700280233766383153e-01 3.151295334100723267e-02 0.000000000000000000e+00
2.722524464538351729e-01 -3.785724447556287342e-01 3.109867125749588013e-02 0.000000000000000000e+00
1.931058384760308555e-01 -3.883083351515088655e-01 3.082355856895446777e-02 0.000000000000000000e+00
1.167617957266706141e-01 -4.058767431910929036e-01 3.066990152001380920e-02 0.000000000000000000e+00
4.539681307299336943e-02 -4.176583889301311858e-01 2.997981756925582886e-02 0.000000000000000000e+00
-6.152577979538480513e-01 -1.861046779559165087e-01 7.703725993633270264e-02 1.000000000000000000e+00
-5.466962972225699602e-01 -1.812473801055815015e-01 9.041738510131835938e-02 1.000000000000000000e+00
-4.587955464646740200e-01 -1.840615673275023956e-01 1.034005880355834961e-01 1.000000000000000000e+00
-3.617152963948024325e-01 -1.870053982554427674e-01 1.160253286361694336e-01 1.000000000000000000e+00
-2.685889238432567772e-01 -1.922230542947239718e-01 1.221448481082916260e-01 1.000000000000000000e+00
-1.721955067192527944e-01 -1.938062506096531190e-01 1.324754357337951660e-01 1.000000000000000000e+00
-8.013978792625137126e-02 -1.946263703297583803e-01 1.476734578609466553e-01 1.000000000000000000e+00
1.183164243808436378e-02 -2.001028580682790436e-01 1.653020530939102173e-01 1.000000000000000000e+00
1.098229493220795744e-01 -2.069819507783937640e-01 1.841082721948623657e-01 1.000000000000000000e+00
2.081781534132068900e-01 -2.127844852199056724e-01 1.976806968450546265e-01 1.000000000000000000e+00
3.032161818897501360e-01 -2.199381501600897182e-01 2.006895393133163452e-01 1.000000000000000000e+00
3.924641197818042881e-01 -2.300685192529636214e-01 2.010039687156677246e-01 1.000000000000000000e+00
4.756243932167253385e-01 -2.392004874565311634e-01 1.903176903724670410e-01 1.000000000000000000e+00
5.441331260936678182e-01 -2.511250531588698487e-01 1.386483162641525269e-01 1.000000000000000000e+00
5.270002425131711243e-01 -2.684116884427343308e-01 5.835561081767082214e-02 0.000000000000000000e+00
4.377970803793036492e-01 -2.723945972371502044e-01 3.240752220153808594e-02 0.000000000000000000e+00
3.475666256914756724e-01 -2.805744944746370040e-01 3.129277378320693970e-02 0.000000000000000000e+00
2.649291220091485322e-01 -2.881006664328504829e-01 3.086733445525169373e-02 0.000000000000000000e+00
1.838124004274620527e-01 -2.996261976272892036e-01 3.057192638516426086e-02 0.000000000000000000e+00
1.069925987837547499e-01 -3.162536403953750686e-01 3.036363795399665833e-02 0.000000000000000000e+00
3.741718185456216483e-02 -3.256544001253208753e-01 2.978769317269325256e-02 0.000000000000000000e+00
-6.052385859055655626e-01 -9.774012220358246905e-02 5.573134496808052063e-02 1.000000000000000000e+00
-5.361257833223407321e-01 -9.136399944688461394e-02 7.453627884387969971e-02 1.000000000000000000e+00
-4.502184731318887856e-01 -9.564782620295617099e-02 8.754256367683410645e-02 1.000000000000000000e+00
-3.564512498462009127e-01 -1.006934888559984365e-01 9.597648680210113525e-02 1.000000000000000000e+00
-2.648286109950731548e-01 -1.035318525638963955e-01 1.054082214832305908e-01 1.000000000000000000e+00
-1.695550593436059295e-01 -1.050505404930015818e-01 1.151211708784103394e-01 1.000000000000000000e+00
-7.731393129564900768e-02 -1.058628261676399090e-01 1.294197589159011841e-01 1.000000000000000000e+00
1.436160185035991604e-02 -1.060025060919610601e-01 1.518943458795547485e-01 1.000000000000000000e+00
1.107458085708752510e-01 -1.094848565229482734e-01 1.736204326152801514e-01 1.000000000000000000e+00
2.103019475976500019e-01 -1.175299589192740912e-01 1.856697052717208862e-01 1.000000000000000000e+00
3.071557268454043754e-01 -1.234724485567114949e-01 1.892042458057403564e-01 1.000000000000000000e+00
3.969194736746030627e-01 -1.321348271108828132e-01 1.925460249185562134e-01 1.000000000000000000e+00
4.828062162029816418e-01 -1.396044498521957500e-01 1.854484230279922485e-01 1.000000000000000000e+00
5.500399542289089450e-01 -1.547895484388979170e-01 1.264664381742477417e-01 1.000000000000000000e+00
5.199800948378024978e-01 -1.682296410567034606e-01 4.672211408615112305e-02 0.000000000000000000e+00
4.291565444293731768e-01 -1.753676734673570436e-01 3.183585777878761292e-02 0.000000000000000000e+00
3.378461557737943988e-01 -1.863513107766900934e-01 3.111987560987472534e-02 0.000000000000000000e+00
2.530202178122986645e-01 -1.964832551080270828e-01 3.073023259639739990e-02 0.000000000000000000e+00
1.689721855508574955e-01 -2.112717083863041578e-01 3.048181906342506409e-02 0.000000000000000000e+00
8.946670637760605060e-02 -2.276463293323304216e-01 3.016297891736030579e-02 0.000000000000000000e+00
2.278302687159444728e-02 -2.355659223650578560e-01 2.961571887135505676e-02 0.000000000000000000e+00
-6.038652519202623026e-01 -9.968277581857087899e-03 4.629822820425033569e-02 1.000000000000000000e+00
-5.318621870535543694e-01 -4.057793207507653932e-03 6.262296438217163086e-02 1.000000000000000000e+00
-4.450177627598870256e-01 -4.458272562058163135e-03 7.553914189338684082e-02 1.000000000000000000e+00
-3.525851088955844759e-01 -8.491030541550259603e-03 8.628639578819274902e-02 1.000000000000000000e+00
-2.630524110899224999e-01 -1.301212298131387834e-02 9.372691810131072998e-02 1.000000000000000000e+00
-1.702614984765652151e-01 -1.637351327416383673e-02 1.037666052579879761e-01 1.000000000000000000e+00
-7.721223095019222327e-02 -1.620389855068779528e-02 1.179972738027572632e-01 1.000000000000000000e+00
1.659174043613011532e-02 -1.236900290279709623e-02 1.437810063362121582e-01 1.000000000000000000e+00
1.141182347525899893e-01 -1.402561244238711285e-02 1.641095280647277832e-01 1.000000000000000000e+00
2.136915183270855501e-01 -2.004670595229736396e-02 1.747671216726303101e-01 1.000000000000000000e+00
3.122618175424991538e-01 -2.316507751663351988e-02 1.790643036365509033e-01 1.000000000000000000e+00
4.002224695088412165e-01 -3.298602025280863992e-02 1.823311448097229004e-01 1.000000000000000000e+00
4.890005490653398512e-01 -4.531544858194300196e-02 1.800914555788040161e-01 1.000000000000000000e+00
5.547940344472408469e-01 -6.079263536553777825e-02 1.141405701637268066e-01 1.000000000000000000e+00
5.136599747060635046e-01 -7.468878849436763612e-02 3.705586493015289307e-02 0.000000000000000000e+00
4.138637079611650060e-01 -8.019977342839446077e-02 3.161421418190002441e-02 0.000000000000000000e+00
3.286254684541114468e-01 -9.435819585879548499e-02 3.110864013433456421e-02 0.000000000000000000e+00
2.434374100385661432e-01 -1.087034921471377452e-01 3.078666329383850098e-02 0.000000000000000000e+00
1.577972766233589064e-01 -1.227496590807080346e-01 3.048622608184814453e-02 0.000000000000000000e+00
7.793140896811394380e-02 -1.359281066971360363e-01 3.012983128428459167e-02 0.000000000000000000e+00
8.083596956995439675e-03 -1.455383994844537121e-01 2.959037572145462036e-02 0.000000000000000000e+00
-6.025139818101545863e-01 8.319417003783580178e-02 3.598017618060112000e-02 1.000000000000000000e+00
-5.293521314904880981e-01 8.814050310565010871e-02 5.183469131588935852e-02 1.000000000000000000e+00
-4.402195442544521997e-01 8.935527011014321452e-02 6.339320540428161621e-02 1.000000000000000000e+00
-3.476432328570002728e-01 8.286082007625103496e-02 7.562558352947235107e-02 1.000000000000000000e+00
-2.578602776015926912e-01 7.953091347923872678e-02 8.395323157310485840e-02 1.000000000000000000e+00
-1.653161980065394610e-01 7.779896249666842789e-02 9.213019907474517822e-02 1.000000000000000000e+00
-7.178825159947103962e-02 7.864291230833959923e-02 1.071873307228088379e-01 1.000000000000000000e+00
2.024388998305559628e-02 8.075721818351171144e-02 1.321954131126403809e-01 1.000000000000000000e+00
1.183375610253716431e-01 7.797936154500720307e-02 1.540126651525497437e-01 1.000000000000000000e+00
2.175543823602302529e-01 7.524915191874427534e-02 1.619110852479934692e-01 1.000000000000000000e+00
3.178706990689046941e-01 7.103445653094274392e-02 1.633380353450775146e-01 1.000000000000000000e+00
4.055283468045897677e-01 6.287512168717324101e-02 1.717002242803573608e-01 1.000000000000000000e+00
4.920694929130848827e-01 5.037903418231462482e-02 1.727636456489562988e-01 1.000000000000000000e+00
5.554423794178838802e-01 3.414082282858293960e-02 1.015338301658630371e-01 1.000000000000000000e+00
5.038093079049761336e-01 2.057714511423128223e-02 3.472043946385383606e-02 0.000000000000000000e+00
4.054299865968774563e-01 8.470905421386315526e-03 3.151154890656471252e-02 0.000000000000000000e+00
3.206627065117967357e-01 -6.018675334476919492e-03 3.113051503896713257e-02 0.000000000000000000e+00
2.367821750459609687e-01 -1.841520144644066825e-02 3.086965903639793396e-02 0.000000000000000000e+00
1.484856443071235210e-01 -3.415586925350128089e-02 3.066480904817581177e-02 0.000000000000000000e+00
6.308494713830667400e-02 -4.540388584100905900e-02 3.027714788913726807e-02 0.000000000000000000e+00
-8.243033216556075460e-03 -5.548932375919232718e-02 2.965765446424484253e-02 0.000000000000000000e+00
-5.972903014057143745e-01 1.760914718335467033e-01 3.304513171315193176e-02 1.000000000000000000e+00
-5.234880402596370219e-01 1.798820013379345828e-01 3.603500500321388245e-02 1.000000000000000000e+00
-4.316972618247311155e-01 1.792146481386131252e-01 4.772537574172019958e-02 1.000000000000000000e+00
-3.406058681940150046e-01 1.735055203330244655e-01 6.090291216969490051e-02 1.000000000000000000e+00
-2.479504471619081163e-01 1.713180567484605399e-01 7.076998054981231689e-02 1.000000000000000000e+00
-1.579378060700953601e-01 1.718063661840407153e-01 8.206069469451904297e-02 1.000000000000000000e+00
-6.608220709926873604e-02 1.722541329855314385e-01 9.979534149169921875e-02 1.000000000000000000e+00
2.616983171409642539e-02 1.738411989079894915e-01 1.240102350711822510e-01 1.000000000000000000e+00
1.207516745561589416e-01 1.726219379957739108e-01 1.441326290369033813e-01 1.000000000000000000e+00
2.187123564863549530e-01 1.685871306257729629e-01 1.506669670343399048e-01 1.000000000000000000e+00
3.161642680031077624e-01 1.647552129161473644e-01 1.472449153661727905e-01 1.000000000000000000e+00
4.063646034993186884e-01 1.565899248300256785e-01 1.602689474821090698e-01 1.000000000000000000e+00
4.931057680141343047e-01 1.465560667518856774e-01 1.631549894809722900e-01 1.000000000000000000e+00
5.516222522891292002e-01 1.307446659963116264e-01 9.124045073986053467e-02 1.000000000000000000e+00
4.929617206226362125e-01 1.160694283727579101e-01 3.401075676083564758e-02 0.000000000000000000e+00
3.997027251097169942e-01 1.011893465287291016e-01 3.148968890309333801e-02 0.000000000000000000e+00
3.155607883527045132e-01 8.681568014298296498e-02 3.114521503448486328e-02 0.000000000000000000e+00
2.304142814614348889e-01 7.474995410826910935e-02 3.102010488510131836e-02 0.000000000000000000e+00
1.415801255229924560e-01 5.920206598629731282e-02 3.077394515275955200e-02 0.000000000000000000e+00
4.840257352646443190e-02 4.881593927994715837e-02 3.044997155666351318e-02 0.000000000000000000e+00
-2.296822670939635894e-02 3.845912965800338257e-02 2.983257919549942017e-02 0.000000000000000000e+00
-5.904377612101615602e-01 2.715589411350126103e-01 3.161500394344329834e-02 1.000000000000000000e+00
-5.140043566052460156e-01 2.738531732235667260e-01 3.339124098420143127e-02 1.000000000000000000e+00
-4.226835892882215284e-01 2.733290455521973916e-01 3.437415882945060730e-02 1.000000000000000000e+00
-3.300873002845754467e-01 2.682570095086994066e-01 4.405442625284194946e-02 1.000000000000000000e+00
-2.385207575717266937e-01 2.662736486234945632e-01 5.691987276077270508e-02 1.000000000000000000e+00
-1.499458903624122930e-01 2.649753768583002489e-01 7.495203614234924316e-02 1.000000000000000000e+00
-5.954955621555750589e-02 2.654188934135364164e-01 9.492470324039459229e-02 1.000000000000000000e+00
3.130082066194904422e-02 2.675237913218674879e-01 1.179371923208236694e-01 1.000000000000000000e+00
1.236504294296169454e-01 2.669683327369863912e-01 1.365249305963516235e-01 1.000000000000000000e+00
2.203778893040281295e-01 2.646858490824546828e-01 1.386660039424896240e-01 1.000000000000000000e+00
3.126515810608157531e-01 2.603142146358667919e-01 1.306365430355072021e-01 1.000000000000000000e+00
4.046375731613119919e-01 2.537721913467179680e-01 1.506082862615585327e-01 1.000000000000000000e+00
4.953426698520015381e-01 2.453597857510647628e-01 1.555078923702239990e-01 1.000000000000000000e+00
5.469777854870621070e-01 2.312785236635750696e-01 8.336588740348815918e-02 1.000000000000000000e+00
4.821866364564472152e-01 2.146994075256629386e-01 3.417572379112243652e-02 0.000000000000000000e+00
3.911565138067538139e-01 1.957886328977190837e-01 3.156818822026252747e-02 0.000000000000000000e+00
3.077680151871463599e-01 1.782635412816920839e-01 3.120381385087966919e-02 0.000000000000000000e+00
2.197395647466185153e-01 1.632033290754837940e-01 3.107696399092674255e-02 0.000000000000000000e+00
1.246779037418617453e-01 1.515386540119533776e-01 3.089652210474014282e-02 0.000000000000000000e+00
2.911399454846887863e-02 1.387541108417081892e-01 3.056028485298156738e-02 0.000000000000000000e+00
-4.046050568676860110e-02 1.294257067139434891e-01 2.999049797654151917e-02 0.000000000000000000e+00
-5.843864220680886623e-01 3.710227008552964834e-01 3.146785497665405273e-02 1.000000000000000000e+00
-5.085408079492181876e-01 3.712456576839191502e-01 3.168430924415588379e-02 1.000000000000000000e+00
-4.161347592830382247e-01 3.691102559939783423e-01 3.325227275490760803e-02 1.000000000000000000e+00
-3.235142239876971915e-01 3.662629532029290091e-01 3.494757041335105896e-02 1.000000000000000000e+00
-2.333686543698590965e-01 3.628404117841567689e-01 4.895665869116783142e-02 1.000000000000000000e+00
-1.436453000266020852e-01 3.612462968012853382e-01 6.732165813446044922e-02 1.000000000000000000e+00
-5.413423409093828798e-02 3.603545221703554624e-01 8.372886478900909424e-02 1.000000000000000000e+00
3.939157204647922295e-02 3.608335527138181176e-01 1.047971397638320923e-01 1.000000000000000000e+00
1.346627845478540753e-01 3.623724711302085399e-01 1.233813166618347168e-01 1.000000000000000000e+00
2.228280278535800796e-01 3.605847493303462326e-01 1.267333775758743286e-01 1.000000000000000000e+00
3.110137123808339177e-01 3.557718110380689858e-01 1.259295493364334106e-01 1.000000000000000000e+00
4.034338697045529720e-01 3.492543909717383266e-01 1.441952288150787354e-01 1.000000000000000000e+00
4.957307791065140856e-01 3.457874438967928898e-01 1.507907807826995850e-01 1.000000000000000000e+00
5.421033022592467443e-01 3.315850201565464506e-01 7.877841591835021973e-02 1.000000000000000000e+00
4.740388182390333216e-01 3.138946602107961503e-01 3.407292068004608154e-02 0.000000000000000000e+00
3.845098293560402780e-01 2.918940263615336650e-01 3.164242208003997803e-02 0.000000000000000000e+00
2.994983715041116823e-01 2.697551719225798061e-01 3.131760284304618835e-02 0.000000000000000000e+00
2.096487926179205763e-01 2.549161937925612520e-01 3.116988763213157654e-02 0.000000000000000000e+00
1.064233687161226516e-01 2.434408871535683194e-01 3.092683479189872742e-02 0.000000000000000000e+00
1.200320118494792310e-02 2.294195526163050336e-01 3.059403598308563232e-02 0.000000000000000000e+00
-5.494164126786148239e-02 2.202409067780116692e-01 3.015961125493049622e-02 0.000000000000000000e+00
-5.741735347141865287e-01 4.620091804433569260e-01 3.144028410315513611e-02 1.000000000000000000e+00
-5.046265129070891531e-01 4.625774055720697775e-01 3.160843625664710999e-02 1.000000000000000000e+00
-4.152076998373706029e-01 4.615825463351273528e-01 3.318270295858383179e-02 1.000000000000000000e+00
-3.218527175111458027e-01 4.586163011863132466e-01 3.670374304056167603e-02 1.000000000000000000e+00
-2.334111963450748450e-01 4.582848425645553725e-01 4.672053828835487366e-02 1.000000000000000000e+00
-1.442922014676836506e-01 4.578241669736192176e-01 5.766264349222183228e-02 1.000000000000000000e+00
-5.000047118898981457e-02 4.575214261607654098e-01 7.001638412475585938e-02 1.000000000000000000e+00
4.625258375858273818e-02 4.553282095313798128e-01 8.964481949806213379e-02 1.000000000000000000e+00
1.426147885070863930e-01 4.537468492385389185e-01 1.076295077800750732e-01 1.000000000000000000e+00
2.277047764745028791e-01 4.534380287427874912e-01 1.134312599897384644e-01 1.000000000000000000e+00
3.124262007884037740e-01 4.496428525483512906e-01 1.168703436851501465e-01 1.000000000000000000e+00
4.041869179836092840e-01 4.428861753597364559e-01 1.334122717380523682e-01 1.000000000000000000e+00
4.978609809290198696e-01 4.391713574003423548e-01 1.437788754701614380e-01 1.000000000000000000e+00
5.352298783002567006e-01 4.258236348694044437e-01 6.947584450244903564e-02 1.000000000000000000e+00
4.650040195947076627e-01 4.056762822428630066e-01 3.329715132713317871e-02 0.000000000000000000e+00
3.715766553245214432e-01 3.870126699054771691e-01 3.160679340362548828e-02 0.000000000000000000e+00
2.868736807935562405e-01 3.632276754675211605e-01 3.138056769967079163e-02 0.000000000000000000e+00
1.970637331158554828e-01 3.496946885614194978e-01 3.123452141880989075e-02 0.000000000000000000e+00
9.509053949852079579e-02 3.379700148248557801e-01 3.089373186230659485e-02 0.000000000000000000e+00
-8.950094015530984937e-04 3.201644675421251862e-01 3.062646090984344482e-02 0.000000000000000000e+00
-6.566953150043039478e-02 3.124900743373220102e-01 3.016825765371322632e-02 0.000000000000000000e+00
-5.544390223226104419e-01 5.431523254648817911e-01 3.134507685899734497e-02 1.000000000000000000e+00
-4.935440899702915885e-01 5.484898721660191878e-01 3.153294697403907776e-02 1.000000000000000000e+00
-4.066176531777780934e-01 5.462094695121326726e-01 3.294558823108673096e-02 1.000000000000000000e+00
-3.168210107333166436e-01 5.430883267925069591e-01 3.816372528672218323e-02 1.000000000000000000e+00
-2.300345383563517643e-01 5.464322999002098058e-01 4.346352815628051758e-02 1.000000000000000000e+00
-1.419471718899617818e-01 5.512991124015962363e-01 4.590753838419914246e-02 1.000000000000000000e+00
-4.649815237143151148e-02 5.519084504639424349e-01 5.609317123889923096e-02 1.000000000000000000e+00
5.097579141038030559e-02 5.502820878736039978e-01 6.940643489360809326e-02 1.000000000000000000e+00
1.461077612609873455e-01 5.475404353779703692e-01 8.673891425132751465e-02 1.000000000000000000e+00
2.303811961853537982e-01 5.448633834643917817e-01 9.279641509056091309e-02 1.000000000000000000e+00
3.166847815822172452e-01 5.390244539021017411e-01 9.960690140724182129e-02 1.000000000000000000e+00
4.120479901171792969e-01 5.323166354476231987e-01 1.205571740865707397e-01 1.000000000000000000e+00
5.079165340974308718e-01 5.274848627824175740e-01 1.320391744375228882e-01 1.000000000000000000e+00
5.320949799029481841e-01 5.141827484099245060e-01 5.554430559277534485e-02 1.000000000000000000e+00
4.540790586010358676e-01 4.953435259598619744e-01 3.214454650878906250e-02 0.000000000000000000e+00
3.604661639037046728e-01 4.802376133989776363e-01 3.146772831678390503e-02 0.000000000000000000e+00
2.757193092350835872e-01 4.558819559005402033e-01 3.132625669240951538e-02 0.000000000000000000e+00
1.907531803187284547e-01 4.416582585385079307e-01 3.109767660498619080e-02 0.000000000000000000e+00
9.466560443512178624e-02 4.287899932878739273e-01 3.080601245164871216e-02 0.000000000000000000e+00
-4.537550784107141633e-03 4.102800773361170994e-01 3.051660954952239990e-02 0.000000000000000000e+00
-7.272325967735002172e-02 4.048465583096532705e-01 3.006038442254066467e-02 0.000000000000000000e+00
-5.410172622668181219e-01 5.918549595280523379e-01 3.121869638562202454e-02 1.000000000000000000e+00
-4.833924367189196825e-01 6.002836232705187625e-01 3.148891031742095947e-02 1.000000000000000000e+00
-3.983545317195505420e-01 5.944193739889855888e-01 3.177149593830108643e-02 1.000000000000000000e+00
-3.027249972488481600e-01 5.975992061951628243e-01 3.385168313980102539e-02 1.000000000000000000e+00
-2.183124145041230313e-01 6.084798682168716111e-01 3.628396987915039062e-02 1.000000000000000000e+00
-1.330004074754632393e-01 6.174547445793269196e-01 3.673757985234260559e-02 1.000000000000000000e+00
-3.658888037748969646e-02 6.194004327674080823e-01 3.831255808472633362e-02 1.000000000000000000e+00
5.726053979950657125e-02 6.184123631243430008e-01 4.892037436366081238e-02 1.000000000000000000e+00
1.477403405114810497e-01 6.188420502449114569e-01 6.197917088866233826e-02 1.000000000000000000e+00
2.350988299164358253e-01 6.177445884565363476e-01 7.243774831295013428e-02 1.000000000000000000e+00
3.253742816334053156e-01 6.132054360921859182e-01 8.452224731445312500e-02 1.000000000000000000e+00
4.205924417892171197e-01 6.064837723979714657e-01 1.079254895448684692e-01 1.000000000000000000e+00
5.135035361411032229e-01 5.995659045872266946e-01 1.154379695653915405e-01 1.000000000000000000e+00
5.274391597935634834e-01 5.843199354145627300e-01 4.274783283472061157e-02 1.000000000000000000e+00
4.463058968909254798e-01 5.708336077039406486e-01 3.197788819670677185e-02 0.000000000000000000e+00
3.532355822820772984e-01 5.539873016198937350e-01 3.130964562296867371e-02 0.000000000000000000e+00
2.659445910550127801e-01 5.311740343844928436e-01 3.098756819963455200e-02 0.000000000000000000e+00
1.803395580620810179e-01 5.113729602653168671e-01 3.083156049251556396e-02 0.000000000000000000e+00
8.510247397128778424e-02 4.948736491850601604e-01 3.052589669823646545e-02 0.000000000000000000e+00
-1.002555514898342826e-02 4.705307042298048081e-01 3.024087473750114441e-02 0.000000000000000000e+00
-7.206919327202160330e-02 4.618787780940641907e-01 2.991919964551925659e-02 0.000000000000000000e+00
