-5.964743494987485573e-01 -1.091093659400939941e+00 3.069891035556793213e-02 1.000000000000000000e+00
-5.382898449897763893e-01 -1.090056061744689941e+00 3.090582042932510376e-02 1.000000000000000000e+00
-4.398602247238156959e-01 -1.090267062187194824e+00 3.194912523031234741e-02 1.000000000000000000e+00
-3.408161401748655006e-01 -1.087322115898132324e+00 5.092461034655570984e-02 1.000000000000000000e+00
-3.452615141868589643e-01 -1.051751017570495605e+00 1.421041339635848999e-01 1.000000000000000000e+00
-4.121521711349485639e-01 -9.826865196228028454e-01 1.507591903209686279e-01 1.000000000000000000e+00
-4.785298705101011518e-01 -9.096473455429078259e-01 1.064195185899734497e-01 1.000000000000000000e+00
-5.509015917778014026e-01 -8.317595124244691052e-01 7.962399721145629883e-02 0.000000000000000000e+00
-6.341080069541930042e-01 -7.681860327720643200e-01 7.866686582565307617e-02 1.000000000000000000e+00
-6.661534309387205921e-01 -7.428398728370667614e-01 1.423795968294143677e-01 1.000000000000000000e+00
-6.085899472236632191e-01 -7.479382157325745739e-01 1.898513436317443848e-01 1.000000000000000000e+00
-5.237612128257750355e-01 -7.622048258781434216e-01 1.880318075418472290e-01 1.000000000000000000e+00
-4.360549449920652632e-01 -7.782461643218995251e-01 1.571871340274810791e-01 1.000000000000000000e+00
-3.475645780563352827e-01 -8.001198172569276013e-01 1.390495300292968750e-01 1.000000000000000000e+00
-2.676693201065061811e-01 -8.224127292633056641e-01 1.311073303222656250e-01 0.000000000000000000e+00
-1.880873292684553388e-01 -8.452178239822387695e-01 1.183791309595108032e-01 0.000000000000000000e+00
-1.093053519725798034e-01 -8.674539923667907715e-01 9.453290700912475586e-02 1.000000000000000000e+00
-3.029569983482344533e-02 -8.882571458816528320e-01 5.664155632257461548e-02 1.000000000000000000e+00
4.798164218664185965e-02 -9.119261503219604492e-01 3.474990651011466980e-02 1.000000000000000000e+00
1.348905861377717730e-01 -9.376238584518432617e-01 3.170922026038169861e-02 1.000000000000000000e+00
2.088887244462968584e-01 -9.551107883453369141e-01 3.156687691807746887e-02 1.000000000000000000e+00
-6.010876297950742408e-01 -1.019919157028198242e+00 3.065965324640274048e-02 1.000000000000000000e+00
-5.358834266662595436e-01 -1.017899155616760254e+00 3.086401894688606262e-02 1.000000000000000000e+00
-4.380385875701902632e-01 -1.013311147689819336e+00 3.180392831563949585e-02 0.000000000000000000e+00
-3.320907950401304487e-01 -1.009805440902709961e+00 4.061622172594070435e-02 1.000000000000000000e+00
-3.105537891387937788e-01 -9.853869676589966931e-01 1.278252601623535156e-01 1.000000000000000000e+00
-3.689962625503538374e-01 -9.246166944503785290e-01 1.510250270366668701e-01 1.000000000000000000e+00
-4.363905787467954878e-01 -8.558437824249268688e-01 1.057707220315933228e-01 0.000000000000000000e+00
-5.014590620994566761e-01 -7.875055074691773571e-01 7.868790626525878906e-02 0.000000000000000000e+00
-5.841833353042601429e-01 -7.215491533279420056e-01 7.546752691268920898e-02 0.000000000000000000e+00
-6.368934512138365589e-01 -6.809666156768799938e-01 1.307504326105117798e-01 1.000000000000000000e+00
-5.960681438446043812e-01 -6.790822744369507946e-01 1.944194436073303223e-01 1.000000000000000000e+00
-5.117629170417784534e-01 -6.894798874855042614e-01 2.028125375509262085e-01 1.000000000000000000e+00
-4.250991940498350941e-01 -6.982102990150452770e-01 1.702164560556411743e-01 1.000000000000000000e+00
-3.324368596076964222e-01 -7.179160118103028454e-01 1.504131406545639038e-01 1.000000000000000000e+00
-2.511178255081175648e-01 -7.493324875831604004e-01 1.436440795660018921e-01 1.000000000000000000e+00
-1.742083877325056596e-01 -7.747678160667419434e-01 1.275530308485031128e-01 1.000000000000000000e+00
-9.228745102882369988e-02 -8.002260327339172363e-01 1.087950170040130615e-01 1.000000000000000000e+00
-9.001433849334565876e-03 -8.220699429512023926e-01 6.525456905364990234e-02 1.000000000000000000e+00
7.480744272470489509e-02 -8.442649245262145996e-01 3.613314405083656311e-02 1.000000000000000000e+00
1.675273627042772051e-01 -8.665217757225036621e-01 3.218093141913414001e-02 1.000000000000000000e+00
2.440931797027589556e-01 -8.779829144477844238e-01 3.163018822669982910e-02 1.000000000000000000e+00
-6.115090847015378639e-01 -9.251307845115662731e-01 3.072171285748481750e-02 1.000000000000000000e+00
-5.393765568733213112e-01 -9.209027886390687145e-01 3.091443330049514771e-02 0.000000000000000000e+00
-4.422131776809690717e-01 -9.177231192588807263e-01 3.144462406635284424e-02 0.000000000000000000e+00
-3.345603942871092085e-01 -9.137337803840638317e-01 3.615628927946090698e-02 1.000000000000000000e+00
-2.644016742706297163e-01 -9.012648463249206543e-01 8.597429096698760986e-02 1.000000000000000000e+00
-3.086413741111753706e-01 -8.557367324829102673e-01 1.468013375997543335e-01 1.000000000000000000e+00
-3.762363791465757612e-01 -7.902662158012391247e-01 1.196591258049011230e-01 0.000000000000000000e+00
-4.419922232627867542e-01 -7.246357798576356091e-01 7.865594327449798584e-02 0.000000000000000000e+00
-5.173233747482298694e-01 -6.600010395050049938e-01 7.233378291130065918e-02 0.000000000000000000e+00
-5.826346278190611683e-01 -6.018543839454651989e-01 1.079642027616500854e-01 1.000000000000000000e+00
-5.722731947898863636e-01 -5.935798287391663708e-01 1.879492849111557007e-01 1.000000000000000000e+00
-4.939132332801817737e-01 -6.021335721015931286e-01 2.152775377035140991e-01 1.000000000000000000e+00
-4.015946984291075550e-01 -6.111027002334595837e-01 1.812077313661575317e-01 1.000000000000000000e+00
-3.118180036544798694e-01 -6.289028525352479138e-01 1.590476483106613159e-01 1.000000000000000000e+00
-2.303707152605055652e-01 -6.592646241188049316e-01 1.505206674337387085e-01 1.000000000000000000e+00
-1.487904936075209184e-01 -6.906467080116271973e-01 1.367024928331375122e-01 1.000000000000000000e+00
-6.345775723457322548e-02 -7.182431221008300781e-01 1.179486662149429321e-01 1.000000000000000000e+00
2.284216880798353375e-02 -7.419778108596801758e-01 7.407344877719879150e-02 1.000000000000000000e+00
1.083186119794846969e-01 -7.618957757949829102e-01 3.799676895141601562e-02 1.000000000000000000e+00
2.010328471660615401e-01 -7.781463861465454102e-01 3.276476636528968811e-02 1.000000000000000000e+00
2.727995514869691607e-01 -7.902122735977172852e-01 3.162705153226852417e-02 1.000000000000000000e+00
-6.209278106689452015e-01 -8.278648257255555309e-01 3.075113892555236816e-02 0.000000000000000000e+00
-5.489131808280943714e-01 -8.243201375007630505e-01 3.086937591433525085e-02 0.000000000000000000e+00
-4.521428942680357221e-01 -8.168777227401734509e-01 3.101880475878715515e-02 0.000000000000000000e+00
-3.449973464012144331e-01 -8.150390386581422009e-01 3.302312269806861877e-02 0.000000000000000000e+00
-2.480600029230116410e-01 -8.079953193664550781e-01 4.519534483551979065e-02 1.000000000000000000e+00
-2.432417124509810014e-01 -7.780382633209228516e-01 1.315738260746002197e-01 0.000000000000000000e+00
-3.044522404670714222e-01 -7.212864160537720837e-01 1.309592127799987793e-01 0.000000000000000000e+00
-3.750128149986265980e-01 -6.574997305870057263e-01 8.879223465919494629e-02 0.000000000000000000e+00
-4.456451535224913441e-01 -5.901942849159241833e-01 6.920862197875976562e-02 0.000000000000000000e+00
-5.180644392967223011e-01 -5.259857177734376110e-01 8.492712676525115967e-02 1.000000000000000000e+00
-5.317971706390379749e-01 -5.030456185340882458e-01 1.627900451421737671e-01 1.000000000000000000e+00
-4.704676866531370960e-01 -5.097061395645142712e-01 2.145564258098602295e-01 1.000000000000000000e+00
-3.757888674736021839e-01 -5.236778259277344860e-01 1.818717569112777710e-01 1.000000000000000000e+00
-2.903263568878172718e-01 -5.440009236335754395e-01 1.565607190132141113e-01 1.000000000000000000e+00
-2.041693776845930897e-01 -5.729994773864746094e-01 1.424920707941055298e-01 1.000000000000000000e+00
-1.192034929990767322e-01 -6.041288375854492188e-01 1.381935924291610718e-01 1.000000000000000000e+00
-3.543306887149798995e-02 -6.347464919090270996e-01 1.187322139739990234e-01 1.000000000000000000e+00
4.920303076505672807e-02 -6.598570942878723145e-01 7.545813918113708496e-02 1.000000000000000000e+00
1.331715583801270641e-01 -6.788372993469238281e-01 3.812403604388237000e-02 1.000000000000000000e+00
2.274787127971650558e-01 -6.952250003814697266e-01 3.362904489040374756e-02 1.000000000000000000e+00
3.027052879333497204e-01 -7.057144641876219593e-01 3.169303014874458313e-02 1.000000000000000000e+00
-6.327368021011351429e-01 -7.266867160797120251e-01 3.074137866497039795e-02 0.000000000000000000e+00
-5.561238527297972523e-01 -7.248882055282593884e-01 3.085638210177421570e-02 0.000000000000000000e+00
-4.565721154212950550e-01 -7.194182872772217907e-01 3.097228705883026123e-02 0.000000000000000000e+00
-3.504148721694945179e-01 -7.177881598472596325e-01 3.181529417634010315e-02 0.000000000000000000e+00
-2.476785928010939164e-01 -7.122331261634826660e-01 3.607280179858207703e-02 0.000000000000000000e+00
-1.852147132158278031e-01 -6.977832317352294922e-01 9.365703165531158447e-02 0.000000000000000000e+00
-2.341372817754744373e-01 -6.489424705505371094e-01 1.399813145399093628e-01 0.000000000000000000e+00
-3.020809888839720569e-01 -5.851659178733825684e-01 1.048775166273117065e-01 0.000000000000000000e+00
-3.698393106460570179e-01 -5.204084515571595349e-01 7.214024662971496582e-02 0.000000000000000000e+00
-4.432424306869505726e-01 -4.540959298610687811e-01 7.311645150184631348e-02 0.000000000000000000e+00
-4.829379320144652765e-01 -4.154533743858338513e-01 1.356395632028579712e-01 1.000000000000000000e+00
-4.414501190185546320e-01 -4.175211191177368719e-01 2.067466527223587036e-01 1.000000000000000000e+00
-3.463479280471801203e-01 -4.388795793056488592e-01 1.862375736236572266e-01 1.000000000000000000e+00
-2.617449164390562855e-01 -4.590384364128113348e-01 1.562105119228363037e-01 1.000000000000000000e+00
-1.756409853696822287e-01 -4.868352413177490789e-01 1.406151801347732544e-01 1.000000000000000000e+00
-9.294645488262166799e-02 -5.181863903999328613e-01 1.405697166919708252e-01 1.000000000000000000e+00
-1.326484233140935373e-02 -5.450452566146850586e-01 1.166556328535079956e-01 1.000000000000000000e+00
6.968892365694057123e-02 -5.681791901588439941e-01 7.001096010208129883e-02 1.000000000000000000e+00
1.570069193840027966e-01 -5.885438323020935059e-01 3.693064302206039429e-02 1.000000000000000000e+00
2.500144243240357556e-01 -6.065861582756042480e-01 3.332315385341644287e-02 1.000000000000000000e+00
3.268873691558839001e-01 -6.181531548500059925e-01 3.180997818708419800e-02 1.000000000000000000e+00
-6.412561535835265003e-01 -6.301548480987549938e-01 3.078315779566764832e-02 0.000000000000000000e+00
-5.638664960861204944e-01 -6.273505687713624157e-01 3.081234544515609741e-02 0.000000000000000000e+00
-4.634413719177244984e-01 -6.245567202568055309e-01 3.090435639023780823e-02 0.000000000000000000e+00
-3.548050522804259144e-01 -6.223338842391968884e-01 3.112291172146797180e-02 0.000000000000000000e+00
-2.471796125173567615e-01 -6.173403263092041016e-01 3.341169282793998718e-02 0.000000000000000000e+00
-1.571438759565352283e-01 -6.089866161346435547e-01 5.570682510733604431e-02 0.000000000000000000e+00
-1.693673282861708485e-01 -5.683001279830932617e-01 1.282579749822616577e-01 0.000000000000000000e+00
-2.340622693300246360e-01 -5.112724900245666504e-01 1.213802397251129150e-01 0.000000000000000000e+00
-2.974274754524230402e-01 -4.469166696071625311e-01 8.055107295513153076e-02 0.000000000000000000e+00
-3.665239810943602961e-01 -3.830819427967072088e-01 7.054775953292846680e-02 0.000000000000000000e+00
-4.209782481193541925e-01 -3.298224508762360174e-01 1.125099360942840576e-01 1.000000000000000000e+00
-4.051105976104735773e-01 -3.248349726200104315e-01 1.921420097351074219e-01 1.000000000000000000e+00
-3.144578337669372003e-01 -3.527930974960327704e-01 1.984694749116897583e-01 1.000000000000000000e+00
-2.317163795232772272e-01 -3.765289187431336004e-01 1.627483516931533813e-01 1.000000000000000000e+00
-1.466202288866042258e-01 -4.039820730686187744e-01 1.497418433427810669e-01 1.000000000000000000e+00
-6.731112301349631566e-02 -4.311935901641845703e-01 1.428383439779281616e-01 1.000000000000000000e+00
8.470531553030097305e-03 -4.565474689006805420e-01 1.085084378719329834e-01 1.000000000000000000e+00
8.917699754238136989e-02 -4.771400094032287598e-01 6.211704388260841370e-02 1.000000000000000000e+00
1.787446439266205667e-01 -4.956798255443572443e-01 3.524799644947052002e-02 1.000000000000000000e+00
2.725323438644410290e-01 -5.152125954627990723e-01 3.267163410782814026e-02 1.000000000000000000e+00
3.497852683067322888e-01 -5.296522974967955433e-01 3.180418908596038818e-02 1.000000000000000000e+00
-6.394131779670714222e-01 -5.350005030632020153e-01 3.078536689281463623e-02 0.000000000000000000e+00
-5.664225220680235706e-01 -5.320224165916443981e-01 3.081693127751350403e-02 0.000000000000000000e+00
-4.665728211402891956e-01 -5.295747518539429821e-01 3.086386620998382568e-02 0.000000000000000000e+00
-3.587743639945982776e-01 -5.285681486129761852e-01 3.104647248983383179e-02 0.000000000000000000e+00
-2.526256442070006214e-01 -5.253074169158935547e-01 3.206029161810874939e-02 0.000000000000000000e+00
-1.527085453271865012e-01 -5.193027257919311523e-01 3.694160655140876770e-02 0.000000000000000000e+00
-1.142597198486327154e-01 -4.918492734432220459e-01 1.079209595918655396e-01 0.000000000000000000e+00
-1.670133322477339866e-01 -4.373215734958649237e-01 1.305982470512390137e-01 0.000000000000000000e+00
-2.287183552980422419e-01 -3.731304109096527655e-01 9.462963044643402100e-02 0.000000000000000000e+00
-2.931625843048095148e-01 -3.092837929725647528e-01 7.417739927768707275e-02 0.000000000000000000e+00
-3.525422811508178156e-01 -2.486691623926163275e-01 9.617790579795837402e-02 1.000000000000000000e+00
-3.591876029968261164e-01 -2.318071722984314520e-01 1.769979000091552734e-01 1.000000000000000000e+00
-2.833175063133239191e-01 -2.630064487457275946e-01 2.175580263137817383e-01 1.000000000000000000e+00
-2.011523097753524225e-01 -2.926018536090851385e-01 1.811629682779312134e-01 1.000000000000000000e+00
-1.160752624273299616e-01 -3.217945694923400879e-01 1.653078645467758179e-01 1.000000000000000000e+00
-3.812772035598748638e-02 -3.479588627815246582e-01 1.536155790090560913e-01 1.000000000000000000e+00
3.303916379809386517e-02 -3.696085512638092041e-01 1.128235161304473877e-01 1.000000000000000000e+00
1.125847101211548545e-01 -3.856089413166046143e-01 6.098720058798789978e-02 1.000000000000000000e+00
2.049237787723542092e-01 -4.056622087955474298e-01 3.516731038689613342e-02 1.000000000000000000e+00
2.997376024723053534e-01 -4.266549646854400080e-01 3.288060054183006287e-02 1.000000000000000000e+00
3.764698505401611883e-01 -4.448539614677428644e-01 3.190987184643745422e-02 1.000000000000000000e+00
-6.368239521980284534e-01 -4.367154836654664196e-01 3.077912703156471252e-02 1.000000000000000000e+00
-5.627167224884032093e-01 -4.342835247516633190e-01 3.077733516693115234e-02 0.000000000000000000e+00
-4.661519527435302179e-01 -4.346481263637543835e-01 3.082573413848876953e-02 0.000000000000000000e+00
-3.638288378715514582e-01 -4.357529878616333563e-01 3.095377236604690552e-02 0.000000000000000000e+00
-2.561500668525695246e-01 -4.322642087936401922e-01 3.121084719896316528e-02 0.000000000000000000e+00
-1.509703099727629783e-01 -4.263485670089721680e-01 3.400716185569763184e-02 0.000000000000000000e+00
-7.679952681064598774e-02 -4.115483760833740234e-01 6.891830265522003174e-02 0.000000000000000000e+00
-1.021357178688048623e-01 -3.640117943286895752e-01 1.282249689102172852e-01 0.000000000000000000e+00
-1.632504910230636042e-01 -3.023178279399872381e-01 1.139134764671325684e-01 0.000000000000000000e+00
-2.260112017393111628e-01 -2.350609004497528354e-01 8.033098280429840088e-02 0.000000000000000000e+00
-2.868373394012450617e-01 -1.703907102346420843e-01 8.717669546604156494e-02 1.000000000000000000e+00
-3.081843852996826172e-01 -1.402728557586670477e-01 1.638211309909820557e-01 1.000000000000000000e+00
-2.488533705472945889e-01 -1.718780100345612127e-01 2.286265641450881958e-01 1.000000000000000000e+00
-1.654058247804641446e-01 -2.051043808460235873e-01 2.025920003652572632e-01 1.000000000000000000e+00
-8.183133602142329821e-02 -2.409556359052658359e-01 1.873920708894729614e-01 1.000000000000000000e+00
-5.585856735706279906e-03 -2.704054117202758789e-01 1.751817613840103149e-01 1.000000000000000000e+00
6.226997822523122617e-02 -2.885999977588653564e-01 1.326359957456588745e-01 1.000000000000000000e+00
1.385637223720551092e-01 -2.993639111518859863e-01 8.519710600376129150e-02 1.000000000000000000e+00
2.294107526540756781e-01 -3.183430135250090998e-01 4.902183637022972107e-02 1.000000000000000000e+00
3.206084370613098700e-01 -3.415324985980986994e-01 3.754173964262008667e-02 1.000000000000000000e+00
3.949121832847595770e-01 -3.581041097640990656e-01 3.480972349643707275e-02 1.000000000000000000e+00
-6.338206529617308460e-01 -3.380587697029114880e-01 3.077944368124008179e-02 1.000000000000000000e+00
-5.573551058769224964e-01 -3.368361890316010632e-01 3.078174218535423279e-02 1.000000000000000000e+00
-4.626347422599791925e-01 -3.365854024887086071e-01 3.080632910132408142e-02 0.000000000000000000e+00
-3.628928661346434992e-01 -3.363846540451050360e-01 3.096884489059448242e-02 0.000000000000000000e+00
-2.608506679534911554e-01 -3.335253894329071600e-01 3.114959597587585449e-02 0.000000000000000000e+00
-1.543564051389693659e-01 -3.290959894657135565e-01 3.259101882576942444e-02 0.000000000000000000e+00
-6.005035340785973980e-02 -3.246289789676666260e-01 3.851974382996559143e-02 0.000000000000000000e+00
-4.674097895622247867e-02 -2.899192571640014648e-01 1.133339405059814453e-01 0.000000000000000000e+00
-9.950442612171168932e-02 -2.292913198471069613e-01 1.281496584415435791e-01 0.000000000000000000e+00
-1.601995378732680997e-01 -1.616511791944504062e-01 9.294326603412628174e-02 0.000000000000000000e+00
-2.174217551946639737e-01 -9.643939882516865125e-02 8.703793585300445557e-02 0.000000000000000000e+00
-2.518187165260314941e-01 -5.154870450496678441e-02 1.526141017675399780e-01 1.000000000000000000e+00
-2.107313126325607022e-01 -8.034337311983112684e-02 2.268250882625579834e-01 1.000000000000000000e+00
-1.264359951019286832e-01 -1.198439076542854587e-01 2.242054939270019531e-01 1.000000000000000000e+00
-4.467175900936123933e-02 -1.584553420543670654e-01 2.087782025337219238e-01 1.000000000000000000e+00
3.449365496635440481e-02 -1.958527266979217529e-01 2.101927250623703003e-01 1.000000000000000000e+00
1.063821688294411122e-01 -2.215987443923949918e-01 1.758409589529037476e-01 1.000000000000000000e+00
1.819319427013397772e-01 -2.396228462457656583e-01 1.440261006355285645e-01 1.000000000000000000e+00
2.653307914733887274e-01 -2.641663253307341974e-01 1.280461996793746948e-01 1.000000000000000000e+00
3.508480191230774481e-01 -2.938467264175414484e-01 1.190635859966278076e-01 1.000000000000000000e+00
4.221289753913879950e-01 -3.113653659820556086e-01 9.594401717185974121e-02 1.000000000000000000e+00
-6.324714422225952148e-01 -2.389306575059891857e-01 3.077691420912742615e-02 1.000000000000000000e+00
-5.547873377799987793e-01 -2.365673780441285290e-01 3.078648075461387634e-02 1.000000000000000000e+00
-4.596331715583800714e-01 -2.363260835409165261e-01 3.085253387689590454e-02 1.000000000000000000e+00
-3.596511483192443293e-01 -2.341803908348084051e-01 3.101127222180366516e-02 0.000000000000000000e+00
-2.617870569229125421e-01 -2.309204190969467718e-01 3.110568597912788391e-02 0.000000000000000000e+00
-1.569679975509643000e-01 -2.302161306142807284e-01 3.168700262904167175e-02 0.000000000000000000e+00
-5.442230403423305163e-02 -2.290667593479156494e-01 3.494490310549736023e-02 0.000000000000000000e+00
-5.803406238555521143e-04 -2.108287215232849121e-01 8.374902606010437012e-02 0.000000000000000000e+00
-3.488342463970181551e-02 -1.524358391761779785e-01 1.327984929084777832e-01 0.000000000000000000e+00
-9.387569129467009110e-02 -8.754268288612367110e-02 1.110200434923171997e-01 0.000000000000000000e+00
-1.495817154645919800e-01 -2.161867357790472899e-02 9.038579463958740234e-02 0.000000000000000000e+00
-1.924102157354354858e-01 3.022592328488823282e-02 1.460663080215454102e-01 1.000000000000000000e+00
-1.664643734693527222e-01 9.867889806628196009e-03 2.209553718566894531e-01 1.000000000000000000e+00
-8.519564568996429443e-02 -3.363411128520966964e-02 2.394977957010269165e-01 1.000000000000000000e+00
-3.138944506645188759e-03 -7.554796338081359863e-02 2.229607254266738892e-01 1.000000000000000000e+00
7.336266338825228606e-02 -1.156132295727729659e-01 2.261227816343307495e-01 1.000000000000000000e+00
1.492150127887726108e-01 -1.508474946022033414e-01 2.068417519330978394e-01 1.000000000000000000e+00
2.273286432027817050e-01 -1.885859668254851740e-01 1.935127675533294678e-01 1.000000000000000000e+00
3.084129691123962957e-01 -2.266788929700850885e-01 1.919613629579544067e-01 1.000000000000000000e+00
3.871935606002808172e-01 -2.693780064582824152e-01 1.921865940093994141e-01 1.000000000000000000e+00
4.559113979339600164e-01 -2.980258464813231312e-01 1.688052713871002197e-01 1.000000000000000000e+00
-6.281530857086181641e-01 -1.408081799745560803e-01 3.079486265778541565e-02 1.000000000000000000e+00
-5.518506169319152832e-01 -1.353116929531098522e-01 3.084421530365943909e-02 1.000000000000000000e+00
-4.544780850410461426e-01 -1.367785930633545755e-01 3.091529756784439087e-02 1.000000000000000000e+00
-3.548046350479125977e-01 -1.356233060359955389e-01 3.101716935634613037e-02 0.000000000000000000e+00
-2.581071853637695312e-01 -1.307677179574966986e-01 3.115359693765640259e-02 0.000000000000000000e+00
-1.583836227655410489e-01 -1.312253326177597323e-01 3.134481236338615417e-02 0.000000000000000000e+00
-5.008917301893231477e-02 -1.329219639301300049e-01 3.332618996500968933e-02 0.000000000000000000e+00
3.145015984773637946e-02 -1.274988353252410889e-01 4.883433505892753601e-02 0.000000000000000000e+00
2.852127701044084029e-02 -8.148780465126037598e-02 1.189783662557601929e-01 0.000000000000000000e+00
-2.560622990131377827e-02 -1.373123936355114504e-02 1.253829896450042725e-01 0.000000000000000000e+00
-8.257581293582917648e-02 5.281398445367811723e-02 9.777133166790008545e-02 0.000000000000000000e+00
-1.316917985677719394e-01 1.067809313535690030e-01 1.381463557481765747e-01 1.000000000000000000e+00
-1.157368570566177507e-01 9.695565700531003084e-02 2.163849622011184692e-01 1.000000000000000000e+00
-4.212366044521332481e-02 5.259604752063750527e-02 2.427827864885330200e-01 1.000000000000000000e+00
3.748717904090881348e-02 7.485194131731993938e-03 2.193266600370407104e-01 1.000000000000000000e+00
1.060853302478790283e-01 -3.408026695251462762e-02 2.037872225046157837e-01 1.000000000000000000e+00
1.783231496810913363e-01 -7.615090906620022859e-02 1.844534128904342651e-01 1.000000000000000000e+00
2.566592395305633545e-01 -1.233188137412070812e-01 1.818197518587112427e-01 1.000000000000000000e+00
3.377107977867127020e-01 -1.686584204435347956e-01 1.887504607439041138e-01 1.000000000000000000e+00
4.146987795829773504e-01 -2.118270695209502341e-01 1.875941008329391479e-01 0.000000000000000000e+00
4.767088294029236395e-01 -2.478976398706435325e-01 1.706625968217849731e-01 1.000000000000000000e+00
-6.248998641967773438e-01 -4.257042333483707780e-02 3.079674765467643738e-02 1.000000000000000000e+00
-5.490255355834960938e-01 -3.830441460013399996e-02 3.091267123818397522e-02 1.000000000000000000e+00
-4.504146575927734375e-01 -3.851898014545449001e-02 3.092500567436218262e-02 1.000000000000000000e+00
-3.511752486228942871e-01 -3.863158822059637593e-02 3.097229823470115662e-02 1.000000000000000000e+00
-2.543860077857971191e-01 -3.513948991894726842e-02 3.114583343267440796e-02 0.000000000000000000e+00
-1.564615815877914429e-01 -3.325835615396502409e-02 3.128025680780410767e-02 0.000000000000000000e+00
-5.174372345209121010e-02 -3.586221858859062889e-02 3.213345259428024292e-02 0.000000000000000000e+00
4.648812860250473716e-02 -3.701584786176680825e-02 3.585512936115264893e-02 0.000000000000000000e+00
8.600620925426483154e-02 -9.653897956013663892e-03 9.643527865409851074e-02 0.000000000000000000e+00
4.525822028517722390e-02 5.469981580972672203e-02 1.330573111772537231e-01 0.000000000000000000e+00
-1.386368274688722958e-02 1.229480355978012085e-01 1.088656485080718994e-01 0.000000000000000000e+00
-6.825573742389681731e-02 1.821818947792053223e-01 1.319884210824966431e-01 1.000000000000000000e+00
-6.063549220561984671e-02 1.829685419797897339e-01 2.129467427730560303e-01 1.000000000000000000e+00
9.051613509654974493e-03 1.333323866128921509e-01 2.413406968116760254e-01 1.000000000000000000e+00
8.647698163986204667e-02 8.597092330455781417e-02 2.145259976387023926e-01 1.000000000000000000e+00
1.465137749910354614e-01 4.471713304519656096e-02 1.758355796337127686e-01 1.000000000000000000e+00
2.041438519954681396e-01 5.797855556014949935e-05 1.389572322368621826e-01 1.000000000000000000e+00
2.770587801933288574e-01 -5.582533031702036769e-02 1.189955621957778931e-01 1.000000000000000000e+00
3.534945845603942871e-01 -1.116763874888419411e-01 1.164013594388961792e-01 1.000000000000000000e+00
4.282171726226807196e-01 -1.708589643239974143e-01 1.184768974781036377e-01 1.000000000000000000e+00
4.914031624794006903e-01 -2.138633877038954856e-01 1.073917448520660400e-01 1.000000000000000000e+00
-6.221982240676879883e-01 5.296812206506718024e-02 3.078969195485115051e-02 1.000000000000000000e+00
-5.464149117469787598e-01 5.592969805002202810e-02 3.087773919105529785e-02 1.000000000000000000e+00
-4.487570524215698242e-01 5.669341981410971898e-02 3.094249218702316284e-02 1.000000000000000000e+00
-3.505093455314636230e-01 5.856060236692422344e-02 3.096498921513557434e-02 1.000000000000000000e+00
-2.538180351257324219e-01 6.174139678478236110e-02 3.104200586676597595e-02 0.000000000000000000e+00
-1.548634171485900879e-01 6.537789106369015779e-02 3.117517381906509399e-02 0.000000000000000000e+00
-5.104876309633256393e-02 6.458348035812376542e-02 3.143430128693580627e-02 0.000000000000000000e+00
4.900369048118589921e-02 6.331033259630204635e-02 3.358503058552742004e-02 0.000000000000000000e+00
1.282225251197814941e-01 7.045456767082217131e-02 6.004176661372184753e-02 0.000000000000000000e+00
1.154120117425918302e-01 1.232836097478866855e-01 1.234847903251647949e-01 0.000000000000000000e+00
5.759637802839275705e-02 1.924221515655517578e-01 1.226652711629867554e-01 0.000000000000000000e+00
5.213320255279070472e-04 2.561223804950714111e-01 1.275215297937393188e-01 1.000000000000000000e+00
1.208215951919506441e-03 2.676292061805725098e-01 2.098218053579330444e-01 1.000000000000000000e+00
6.857449561357494006e-02 2.129902988672256470e-01 2.364861369132995605e-01 1.000000000000000000e+00
1.396700292825698575e-01 1.628812253475189487e-01 2.015620023012161255e-01 1.000000000000000000e+00
1.951646655797958096e-01 1.200891286134720265e-01 1.461541205644607544e-01 1.000000000000000000e+00
2.478389441967010498e-01 6.806297600269321790e-02 9.599936008453369141e-02 1.000000000000000000e+00
3.159838020801544189e-01 8.568054065108356501e-03 6.701098382472991943e-02 1.000000000000000000e+00
3.883731961250305176e-01 -5.864013731479637836e-02 5.377054214477539062e-02 1.000000000000000000e+00
4.585692882537841797e-01 -1.279537379741667869e-01 4.453651979565620422e-02 1.000000000000000000e+00
5.137216448783874512e-01 -1.854098290205000998e-01 3.960528597235679626e-02 1.000000000000000000e+00
-6.234739422798156738e-01 1.483260393142699085e-01 3.069392219185829163e-02 1.000000000000000000e+00
-5.449519753456115723e-01 1.522296667098997913e-01 3.083733841776847839e-02 1.000000000000000000e+00
-4.482647776603699286e-01 1.533286869525908591e-01 3.086639568209648132e-02 1.000000000000000000e+00
-3.516991734504700262e-01 1.552082449197768610e-01 3.092445805668830872e-02 1.000000000000000000e+00
-2.547510266304016668e-01 1.593650728464126032e-01 3.094415739178657532e-02 1.000000000000000000e+00
-1.542688757181167880e-01 1.632845997810363492e-01 3.103968501091003418e-02 0.000000000000000000e+00
-5.045890063047411833e-02 1.638986468315124512e-01 3.128625452518463135e-02 0.000000000000000000e+00
5.004429072141644563e-02 1.637575179338455200e-01 3.205761313438415527e-02 0.000000000000000000e+00
1.454697847366332730e-01 1.639388650655746738e-01 3.690269961953163147e-02 0.000000000000000000e+00
1.737301945686340054e-01 1.945833563804626742e-01 1.025980561971664429e-01 0.000000000000000000e+00
1.321320980787276667e-01 2.582139670848846436e-01 1.306587755680084229e-01 0.000000000000000000e+00
7.619667798280710391e-02 3.264909088611602783e-01 1.272740215063095093e-01 1.000000000000000000e+00
6.850622594356529926e-02 3.441497981548309326e-01 2.058696150779724121e-01 1.000000000000000000e+00
1.356629431247710627e-01 2.929183542728424072e-01 2.319746762514114380e-01 1.000000000000000000e+00
1.973672807216643732e-01 2.405100017786026279e-01 1.862418353557586670e-01 1.000000000000000000e+00
2.473388612270354947e-01 1.904240399599075872e-01 1.219923496246337891e-01 1.000000000000000000e+00
3.046595454216003418e-01 1.355202198028565008e-01 6.547811627388000488e-02 1.000000000000000000e+00
3.745352029800415039e-01 7.248875498771674419e-02 3.822276741266250610e-02 1.000000000000000000e+00
4.477487206459045410e-01 2.669854089617811586e-03 3.472631052136421204e-02 1.000000000000000000e+00
5.166678428649902344e-01 -6.998290121555318655e-02 3.247930854558944702e-02 1.000000000000000000e+00
5.668228864669799805e-01 -1.259584873914717518e-01 3.183997049927711487e-02 1.000000000000000000e+00
-6.223231554031372070e-01 2.458450049161909901e-01 3.070727735757827759e-02 1.000000000000000000e+00
-5.446295142173767090e-01 2.488692253828047596e-01 3.080311417579650879e-02 1.000000000000000000e+00
-4.491317272186279852e-01 2.504466474056243341e-01 3.083955496549606323e-02 1.000000000000000000e+00
-3.520644307136536200e-01 2.529197633266448419e-01 3.085047751665115356e-02 1.000000000000000000e+00
-2.539889812469482977e-01 2.579558193683623712e-01 3.088605776429176331e-02 1.000000000000000000e+00
-1.543515622615814764e-01 2.613786160945891779e-01 3.097188472747802734e-02 1.000000000000000000e+00
-5.210638046264653295e-02 2.622514963150024414e-01 3.115970268845558167e-02 0.000000000000000000e+00
4.882581532001490504e-02 2.612152397632598877e-01 3.138749673962593079e-02 0.000000000000000000e+00
1.438060402870177668e-01 2.625463008880615234e-01 3.352217376232147217e-02 0.000000000000000000e+00
2.173570245504378717e-01 2.736686468124390204e-01 6.628708541393280029e-02 0.000000000000000000e+00
2.008874267339705866e-01 3.238453269004822332e-01 1.253862231969833374e-01 0.000000000000000000e+00
1.510237604379653098e-01 3.925240039825439453e-01 1.300224959850311279e-01 1.000000000000000000e+00
1.374602615833281638e-01 4.162103235721588135e-01 2.006362676620483398e-01 1.000000000000000000e+00
2.043696194887160700e-01 3.672702312469482977e-01 2.274827063083648682e-01 1.000000000000000000e+00
2.600565254688262384e-01 3.149684071540833075e-01 1.738382279872894287e-01 1.000000000000000000e+00
3.038305044174193781e-01 2.609322965145111639e-01 9.787814319133758545e-02 1.000000000000000000e+00
3.654463887214660089e-01 2.028473168611527044e-01 4.427079111337661743e-02 1.000000000000000000e+00
4.412684440612792969e-01 1.364192068576813577e-01 3.449066355824470520e-02 1.000000000000000000e+00
5.150812864303588867e-01 6.653250753879556834e-02 3.177747130393981934e-02 1.000000000000000000e+00
5.821971893310546875e-01 -6.719443947076690800e-03 3.162069991230964661e-02 1.000000000000000000e+00
6.353965997695922852e-01 -6.273109465837467535e-02 3.149551525712013245e-02 1.000000000000000000e+00
-6.211257576942444958e-01 3.443591594696043812e-01 3.075400367379188538e-02 1.000000000000000000e+00
-5.417459011077881970e-01 3.479603826999663196e-01 3.076766803860664368e-02 1.000000000000000000e+00
-4.468393325805664618e-01 3.475081920623778742e-01 3.083489835262298584e-02 1.000000000000000000e+00
-3.498239517211914618e-01 3.512799739837645929e-01 3.079691156744956970e-02 1.000000000000000000e+00
-2.515313625335693914e-01 3.558679223060607355e-01 3.082131966948509216e-02 1.000000000000000000e+00
-1.539722084999085028e-01 3.601140379905700128e-01 3.092333301901817322e-02 1.000000000000000000e+00
-5.447867512702948833e-02 3.623864650726318359e-01 3.105057775974273682e-02 1.000000000000000000e+00
4.282386600971214985e-02 3.613624572753906250e-01 3.125770390033721924e-02 0.000000000000000000e+00
1.422022283077239435e-01 3.607914745807647705e-01 3.185261413455009460e-02 0.000000000000000000e+00
2.323267608880996149e-01 3.666875064373016913e-01 3.727671876549720764e-02 0.000000000000000000e+00
2.653690278530120294e-01 3.952300250530243475e-01 1.018479317426681519e-01 0.000000000000000000e+00
2.212922573089598777e-01 4.567088484764099676e-01 1.320595294237136841e-01 1.000000000000000000e+00
2.075317502021788718e-01 4.835117757320404608e-01 1.962005943059921265e-01 1.000000000000000000e+00
2.713360190391539972e-01 4.388339221477509100e-01 2.228919714689254761e-01 1.000000000000000000e+00
3.235315680503844660e-01 3.833979368209839422e-01 1.607301235198974609e-01 1.000000000000000000e+00
3.649514317512511652e-01 3.291427493095398504e-01 7.838362455368041992e-02 1.000000000000000000e+00
4.329987764358519953e-01 2.695691883563995916e-01 3.752033784985542297e-02 1.000000000000000000e+00
5.110542774200439453e-01 2.007787972688675759e-01 3.233828768134117126e-02 1.000000000000000000e+00
5.854043364524841309e-01 1.277866065502167858e-01 3.148683905601501465e-02 1.000000000000000000e+00
6.501487493515014648e-01 5.413969606161129350e-02 3.139803186058998108e-02 1.000000000000000000e+00
7.042075991630554199e-01 -7.297936826943057743e-04 3.129920363426208496e-02 1.000000000000000000e+00
-6.195025444030762829e-01 4.448405504226683460e-01 3.067007660865783691e-02 1.000000000000000000e+00
-5.399115085601807751e-01 4.494843184947966419e-01 3.080479055643081665e-02 1.000000000000000000e+00
-4.432529211044312079e-01 4.488964378833770197e-01 3.086976334452629089e-02 1.000000000000000000e+00
-3.475468158721924383e-01 4.519756734371184748e-01 3.081320971250534058e-02 1.000000000000000000e+00
-2.496129423379898904e-01 4.566786587238311212e-01 3.082413971424102783e-02 1.000000000000000000e+00
-1.529270559549332498e-01 4.598439335823058527e-01 3.090361133217811584e-02 1.000000000000000000e+00
-5.733534693717964870e-02 4.627146124839782715e-01 3.101703897118568420e-02 1.000000000000000000e+00
3.945641964673987645e-02 4.644071161746978760e-01 3.117786720395088196e-02 1.000000000000000000e+00
1.374729871749877097e-01 4.624738991260528564e-01 3.138084709644317627e-02 0.000000000000000000e+00
2.324671447277068259e-01 4.663851857185364325e-01 3.321780636906623840e-02 0.000000000000000000e+00
3.054116368293761097e-01 4.787226021289825995e-01 6.284832954406738281e-02 0.000000000000000000e+00
2.926902174949644886e-01 5.229934453964233398e-01 1.215836852788925171e-01 1.000000000000000000e+00
2.790268957614897571e-01 5.501636862754821777e-01 1.891039907932281494e-01 1.000000000000000000e+00
3.408218026161192737e-01 5.061927437782288708e-01 2.157264053821563721e-01 1.000000000000000000e+00
3.903522491455077570e-01 4.485016465187073309e-01 1.494581252336502075e-01 1.000000000000000000e+00
4.354142546653747003e-01 3.964548408985138495e-01 6.456014513969421387e-02 1.000000000000000000e+00
5.058682560920714222e-01 3.329585194587708630e-01 3.475959599018096924e-02 1.000000000000000000e+00
5.822039246559143066e-01 2.627670466899872936e-01 3.158433362841606140e-02 1.000000000000000000e+00
6.548053622245788574e-01 1.904633641242982067e-01 3.135170415043830872e-02 1.000000000000000000e+00
7.190666794776916504e-01 1.155245155096055465e-01 3.126092627644538879e-02 1.000000000000000000e+00
7.729757428169250488e-01 6.072022020816816856e-02 3.114367276430130005e-02 1.000000000000000000e+00
-6.226283311843873181e-01 5.460138916969298206e-01 3.072614967823028564e-02 1.000000000000000000e+00
-5.420169830322266735e-01 5.506145954132078968e-01 3.087166696786880493e-02 1.000000000000000000e+00
-4.437420368194581188e-01 5.533679723739622913e-01 3.081043437123298645e-02 1.000000000000000000e+00
-3.467615842819214977e-01 5.554978847503660999e-01 3.088333085179328918e-02 1.000000000000000000e+00
-2.483129650354386486e-01 5.580194592475891113e-01 3.087748587131500244e-02 1.000000000000000000e+00
-1.518468707799912609e-01 5.608050823211669922e-01 3.085963800549507141e-02 1.000000000000000000e+00
-5.749139189720164217e-02 5.637624263763427734e-01 3.097505494952201843e-02 1.000000000000000000e+00
3.678668290376652800e-02 5.668208599090576172e-01 3.106249868869781494e-02 1.000000000000000000e+00
1.323289871215819202e-01 5.692499876022338867e-01 3.124282509088516235e-02 1.000000000000000000e+00
2.291390299797056995e-01 5.713438987731933594e-01 3.154310584068298340e-02 0.000000000000000000e+00
3.186957836151121937e-01 5.729584693908692516e-01 3.748044744133949280e-02 0.000000000000000000e+00
3.519183993339537464e-01 6.007621884346009411e-01 9.840272367000579834e-02 1.000000000000000000e+00
3.442528843879698597e-01 6.203975081443787731e-01 1.759370267391204834e-01 1.000000000000000000e+00
4.132586717605589710e-01 5.735329389572144665e-01 2.014528959989547729e-01 1.000000000000000000e+00
4.652429819107054554e-01 5.146822333335877575e-01 1.372658610343933105e-01 1.000000000000000000e+00
5.095581412315367542e-01 4.612653255462647595e-01 5.466305464506149292e-02 1.000000000000000000e+00
5.813413858413695179e-01 3.959059417247773327e-01 3.313228487968444824e-02 1.000000000000000000e+00
6.560178995132445179e-01 3.247927427291871227e-01 3.118408843874931335e-02 1.000000000000000000e+00
7.265731692314147949e-01 2.506169974803925671e-01 3.115463629364967346e-02 1.000000000000000000e+00
7.927120327949523926e-01 1.769058108329774337e-01 3.118667006492614746e-02 1.000000000000000000e+00
8.478621244430541992e-01 1.229524314403535462e-01 3.110139444470405579e-02 1.000000000000000000e+00
-6.282914876937867321e-01 6.458702087402342640e-01 3.073855862021446228e-02 1.000000000000000000e+00
-5.465269088745118298e-01 6.515598297119139515e-01 3.079692646861076355e-02 1.000000000000000000e+00
-4.461369514465333141e-01 6.548424959182738148e-01 3.081450611352920532e-02 1.000000000000000000e+00
-3.471756577491761364e-01 6.565592885017393909e-01 3.088182955980300903e-02 1.000000000000000000e+00
-2.498581558465958752e-01 6.585891246795654297e-01 3.092060238122940063e-02 1.000000000000000000e+00
-1.527621895074845471e-01 6.612322330474853516e-01 3.087609261274337769e-02 1.000000000000000000e+00
-5.607718974351895425e-02 6.656843423843383789e-01 3.097401931881904602e-02 1.000000000000000000e+00
3.799213469028460410e-02 6.698166728019714355e-01 3.100975975394248962e-02 1.000000000000000000e+00
1.297999024391173206e-01 6.738762259483337402e-01 3.112630546092987061e-02 1.000000000000000000e+00
2.253226488828657947e-01 6.770299077033996582e-01 3.132657706737518311e-02 1.000000000000000000e+00
3.219982981681822620e-01 6.785756349563599743e-01 3.272160515189170837e-02 1.000000000000000000e+00
3.857536911964415394e-01 6.918437480926514782e-01 7.169678807258605957e-02 1.000000000000000000e+00
4.063233733177183948e-01 6.950262784957886852e-01 1.600247025489807129e-01 1.000000000000000000e+00
4.809331893920897327e-01 6.436191797256470837e-01 1.794029027223587036e-01 1.000000000000000000e+00
5.376407504081724964e-01 5.806868672370911755e-01 1.211684942245483398e-01 1.000000000000000000e+00
5.820951461791991077e-01 5.239881873130799450e-01 4.322098568081855774e-02 1.000000000000000000e+00
6.539034247398375355e-01 4.579253792762757458e-01 3.167007490992546082e-02 1.000000000000000000e+00
7.290372848510741077e-01 3.867029845714570202e-01 3.112377971410751343e-02 1.000000000000000000e+00
8.020818233489989124e-01 3.126292526721956011e-01 3.110509738326072693e-02 1.000000000000000000e+00
8.696438670158386230e-01 2.431551367044450518e-01 3.109126165509223938e-02 1.000000000000000000e+00
9.202684164047241211e-01 1.886879354715348955e-01 3.106998279690742493e-02 1.000000000000000000e+00
-6.304235458374024548e-01 7.367901206016539417e-01 3.077148646116256714e-02 1.000000000000000000e+00
-5.500534176826478161e-01 7.459991574287413441e-01 3.079900145530700684e-02 1.000000000000000000e+00
-4.486336708068848766e-01 7.508414387702940784e-01 3.087240830063819885e-02 1.000000000000000000e+00
-3.475809693336487927e-01 7.536366581916807972e-01 3.084576874971389771e-02 1.000000000000000000e+00
-2.502929568290712115e-01 7.575773000717163086e-01 3.085131943225860596e-02 1.000000000000000000e+00
-1.542693972587586837e-01 7.610997557640075684e-01 3.092842176556587219e-02 1.000000000000000000e+00
-5.663324147462858726e-02 7.669433355331420898e-01 3.090562298893928528e-02 1.000000000000000000e+00
3.737168759107575844e-02 7.721925973892211914e-01 3.100476413965225220e-02 1.000000000000000000e+00
1.307630538940428300e-01 7.763913869857788086e-01 3.107568994164466858e-02 1.000000000000000000e+00
2.245452553033827348e-01 7.806363701820373535e-01 3.117079287767410278e-02 1.000000000000000000e+00
3.193616867065428022e-01 7.834541797637940563e-01 3.156457096338272095e-02 1.000000000000000000e+00
4.034426808357237104e-01 7.858757376670838513e-01 5.163649097084999084e-02 1.000000000000000000e+00
4.633522033691404585e-01 7.694841027259827770e-01 1.312940567731857300e-01 1.000000000000000000e+00
5.399446487426756702e-01 7.155389785766602673e-01 1.451628208160400391e-01 1.000000000000000000e+00
5.961593389511107288e-01 6.505251526832581677e-01 9.607329964637756348e-02 1.000000000000000000e+00
6.551837921142577015e-01 5.906991362571717419e-01 3.745900467038154602e-02 1.000000000000000000e+00
7.275847792625426136e-01 5.236452221870423474e-01 3.117050975561141968e-02 1.000000000000000000e+00
8.042567372322081409e-01 4.518797993659974810e-01 3.111780434846878052e-02 1.000000000000000000e+00
8.745739459991453968e-01 3.793091773986818072e-01 3.110409155488014221e-02 1.000000000000000000e+00
9.377791881561278187e-01 3.080293834209443804e-01 3.118254989385604858e-02 1.000000000000000000e+00
9.835307002067565918e-01 2.529398798942567583e-01 3.103565797209739685e-02 1.000000000000000000e+00
-6.250759363174439587e-01 8.076321482658385120e-01 3.083372861146926880e-02 1.000000000000000000e+00
-5.511580705642701306e-01 8.194843530654906116e-01 3.084603324532508850e-02 1.000000000000000000e+00
-4.503771066665651079e-01 8.255473971366881214e-01 3.081010654568672180e-02 1.000000000000000000e+00
-3.494460582733155962e-01 8.290275931358336292e-01 3.080444410443305969e-02 1.000000000000000000e+00
-2.510294914245607134e-01 8.331008553504943848e-01 3.078293427824974060e-02 1.000000000000000000e+00
-1.533808559179307696e-01 8.393800258636474609e-01 3.083523735404014587e-02 1.000000000000000000e+00
-5.481056869030014045e-02 8.456637263298034668e-01 3.093079477548599243e-02 1.000000000000000000e+00
4.103510454297050469e-02 8.493402600288391113e-01 3.100279718637466431e-02 1.000000000000000000e+00
1.356308311223982099e-01 8.531964421272277832e-01 3.109135478734970093e-02 1.000000000000000000e+00
2.292786389589308027e-01 8.576467037200927734e-01 3.113801777362823486e-02 1.000000000000000000e+00
3.246383666992185835e-01 8.607360720634461559e-01 3.134591504931449890e-02 1.000000000000000000e+00
4.148726463317869428e-01 8.560527563095093884e-01 4.005016386508941650e-02 1.000000000000000000e+00
5.013206005096434437e-01 8.287691473960877575e-01 9.835082292556762695e-02 1.000000000000000000e+00
5.824850201606749378e-01 7.740895152091981091e-01 1.024278253316879272e-01 1.000000000000000000e+00
6.421378850936888538e-01 7.098219990730286755e-01 6.292429566383361816e-02 1.000000000000000000e+00
7.101605534553526722e-01 6.495992541313172497e-01 3.406921029090881348e-02 1.000000000000000000e+00
7.846251130104063831e-01 5.786427259445191540e-01 3.124520927667617798e-02 1.000000000000000000e+00
8.587415218353270374e-01 5.055496692657471813e-01 3.109491616487503052e-02 1.000000000000000000e+00
9.302580952644347034e-01 4.294263124465944048e-01 3.115029633045196533e-02 1.000000000000000000e+00
9.910971522331236683e-01 3.593532145023347613e-01 3.125037625432014465e-02 1.000000000000000000e+00
1.034338235855102539e+00 3.026229739189149615e-01 3.105878084897994995e-02 1.000000000000000000e+00
