-4.746537208557127796e-01 -7.220879197120667614e-01 3.071555122733116150e-02 1.000000000000000000e+00
-4.167786836624144398e-01 -7.492669224739075817e-01 3.086894750595092773e-02 1.000000000000000000e+00
-3.285295963287351850e-01 -7.796436548233033337e-01 3.085222840309143066e-02 1.000000000000000000e+00
-2.336669117212294144e-01 -8.060070276260375977e-01 3.089703619480133057e-02 1.000000000000000000e+00
-1.352614164352415604e-01 -8.281379342079162598e-01 3.087652847170829773e-02 0.000000000000000000e+00
-3.482007235288604730e-02 -8.491598367691040039e-01 3.095084428787231445e-02 0.000000000000000000e+00
6.571202725172059500e-02 -8.689981698989868164e-01 3.103661909699440002e-02 0.000000000000000000e+00
1.644510626792909380e-01 -8.877047896385192871e-01 3.125856071710586548e-02 0.000000000000000000e+00
2.796003222465516802e-01 -8.934186100959777832e-01 3.620902821421623230e-02 0.000000000000000000e+00
2.971062958240510699e-01 -9.150747656822204590e-01 1.009289324283599854e-01 1.000000000000000000e+00
2.288047969341279742e-01 -9.436277747154235840e-01 8.837297558784484863e-02 0.000000000000000000e+00
1.292962133884431597e-01 -9.684675931930541992e-01 6.253413856029510498e-02 0.000000000000000000e+00
3.196072578430194516e-02 -1.005366563796997070e+00 7.653750479221343994e-02 1.000000000000000000e+00
1.853270828723926206e-02 -1.025958299636840820e+00 1.396729797124862671e-01 1.000000000000000000e+00
8.792135864496249120e-02 -1.016631245613098145e+00 1.476491093635559082e-01 1.000000000000000000e+00
1.778094768524171865e-01 -9.999192357063293457e-01 1.156099289655685425e-01 1.000000000000000000e+00
2.804904282093049761e-01 -9.745457768440246582e-01 8.515889942646026611e-02 1.000000000000000000e+00
3.836500048637391802e-01 -9.531819820404051624e-01 5.676316842436790466e-02 0.000000000000000000e+00
4.782688021659852740e-01 -9.284452795982359730e-01 3.879327699542045593e-02 1.000000000000000000e+00
5.671302676200867809e-01 -9.015048742294310413e-01 3.269064798951148987e-02 1.000000000000000000e+00
6.330769062042237438e-01 -8.791244626045225941e-01 3.163753077387809753e-02 1.000000000000000000e+00
-4.674431085586546741e-01 -6.494772434234620251e-01 3.075036779046058655e-02 1.000000000000000000e+00
-4.034168124198912464e-01 -6.755362749099732556e-01 3.085600957274436951e-02 1.000000000000000000e+00
-3.095714449882506214e-01 -7.055473923683167614e-01 3.087219595909118652e-02 1.000000000000000000e+00
-2.118864804506300492e-01 -7.356613874435424805e-01 3.091840445995330811e-02 1.000000000000000000e+00
-1.149999052286146684e-01 -7.613497972488403320e-01 3.092526644468307495e-02 0.000000000000000000e+00
-1.652436703443512650e-02 -7.859288454055786133e-01 3.098314255475997925e-02 0.000000000000000000e+00
8.160617947578445441e-02 -8.059228062629699707e-01 3.116566687822341919e-02 0.000000000000000000e+00
1.814895272254945235e-01 -8.152852654457092285e-01 3.143330663442611694e-02 0.000000000000000000e+00
2.865522205829622027e-01 -8.157464265823364258e-01 3.800789266824722290e-02 1.000000000000000000e+00
2.913835644721986529e-01 -8.385502099990844727e-01 1.100953221321105957e-01 1.000000000000000000e+00
2.007979452610017534e-01 -8.741288781166076660e-01 8.972391486167907715e-02 0.000000000000000000e+00
9.691797196865098440e-02 -9.029005169868469238e-01 6.854768097400665283e-02 0.000000000000000000e+00
7.056340575218373289e-03 -9.381498694419860840e-01 8.375030755996704102e-02 1.000000000000000000e+00
1.773297786712821908e-03 -9.544138312339782715e-01 1.546430140733718872e-01 1.000000000000000000e+00
7.179731875658053319e-02 -9.448167085647583008e-01 1.646476238965988159e-01 1.000000000000000000e+00
1.637852191925050493e-01 -9.306699633598327637e-01 1.341238766908645630e-01 1.000000000000000000e+00
2.698299288749696490e-01 -9.041142463684082031e-01 1.044317334890365601e-01 1.000000000000000000e+00
3.695922493934633013e-01 -8.806622028350828968e-01 8.472560346126556396e-02 0.000000000000000000e+00
4.600511193275453325e-01 -8.589330315589903675e-01 6.050482019782066345e-02 1.000000000000000000e+00
5.485423207283021130e-01 -8.348613977432249866e-01 3.413565456867218018e-02 1.000000000000000000e+00
6.160973906517029919e-01 -8.105682730674742542e-01 3.165445104241371155e-02 1.000000000000000000e+00
-4.470084309577940784e-01 -5.454581975936890759e-01 3.071742132306098938e-02 1.000000000000000000e+00
-3.789492249488829456e-01 -5.729724764823914684e-01 3.090531006455421448e-02 1.000000000000000000e+00
-2.832083106040953480e-01 -6.093486547470092773e-01 3.092349320650100708e-02 1.000000000000000000e+00
-1.826161891221999012e-01 -6.413356661796569824e-01 3.097343817353248596e-02 0.000000000000000000e+00
-8.685041964054095176e-02 -6.707013249397277832e-01 3.097393363714218140e-02 0.000000000000000000e+00
1.043996959924710713e-02 -6.954588890075683594e-01 3.098588064312934875e-02 0.000000000000000000e+00
1.051203012466431913e-01 -7.109896540641784668e-01 3.110387548804283142e-02 0.000000000000000000e+00
2.038569748401643233e-01 -7.199082970619201660e-01 3.169354423880577087e-02 0.000000000000000000e+00
2.983632981777192272e-01 -7.219780087471008301e-01 4.851277172565460205e-02 0.000000000000000000e+00
2.554265856742859997e-01 -7.472265958786010742e-01 1.178109794855117798e-01 0.000000000000000000e+00
1.551007330417634444e-01 -7.808699011802673340e-01 9.216237068176269531e-02 0.000000000000000000e+00
5.511277914047256477e-02 -8.170508146286010742e-01 7.318849861621856689e-02 1.000000000000000000e+00
-2.909083664417251233e-02 -8.517866134643554688e-01 9.697027504444122314e-02 1.000000000000000000e+00
-1.926480233669265046e-02 -8.618210554122924805e-01 1.699516326189041138e-01 1.000000000000000000e+00
5.482655763626114592e-02 -8.506836295127868652e-01 1.775671243667602539e-01 1.000000000000000000e+00
1.472166180610658404e-01 -8.323134183883666992e-01 1.442802399396896362e-01 1.000000000000000000e+00
2.516963481903077837e-01 -8.100396394729614258e-01 1.157247871160507202e-01 0.000000000000000000e+00
3.519541025161744829e-01 -7.899595499038695179e-01 1.054807007312774658e-01 0.000000000000000000e+00
4.419596195220948931e-01 -7.697282433509825550e-01 8.218939602375030518e-02 1.000000000000000000e+00
5.231460928916932263e-01 -7.474727034568785511e-01 3.666884079575538635e-02 1.000000000000000000e+00
5.893465280532838024e-01 -7.279241681098936878e-01 3.167901560664176941e-02 1.000000000000000000e+00
-4.199521541595458429e-01 -4.467232227325440008e-01 3.074972331523895264e-02 1.000000000000000000e+00
-3.473237752914427601e-01 -4.730537533760071356e-01 3.089089319109916687e-02 1.000000000000000000e+00
-2.508606910705565296e-01 -5.113064646720886230e-01 3.089003264904022217e-02 1.000000000000000000e+00
-1.542498916387556873e-01 -5.456067323684692383e-01 3.086781501770019531e-02 0.000000000000000000e+00
-5.854915082454670988e-02 -5.738796591758728027e-01 3.085560351610183716e-02 0.000000000000000000e+00
3.838467597961436883e-02 -5.957486033439636230e-01 3.094277903437614441e-02 0.000000000000000000e+00
1.325671672821046032e-01 -6.135350465774536133e-01 3.115713223814964294e-02 0.000000000000000000e+00
2.292048037052155651e-01 -6.228119134902954102e-01 3.369329869747161865e-02 0.000000000000000000e+00
2.903283834457398571e-01 -6.303941011428833008e-01 8.796283602714538574e-02 0.000000000000000000e+00
2.130569666624070324e-01 -6.515417695045471191e-01 1.249896585941314697e-01 0.000000000000000000e+00
1.087814196944238004e-01 -6.884889006614685059e-01 8.943039178848266602e-02 0.000000000000000000e+00
1.498891785740865713e-02 -7.235754728317260742e-01 7.556669414043426514e-02 1.000000000000000000e+00
-7.132674753665910194e-02 -7.585445642471313477e-01 1.123370081186294556e-01 1.000000000000000000e+00
-4.446916282176957558e-02 -7.609449028968811035e-01 1.844409406185150146e-01 1.000000000000000000e+00
3.365171700716032555e-02 -7.511388659477233887e-01 1.855669319629669189e-01 1.000000000000000000e+00
1.262631416320802169e-01 -7.308751344680786133e-01 1.453230530023574829e-01 1.000000000000000000e+00
2.249212563037873702e-01 -7.101854681968688965e-01 1.204936355352401733e-01 0.000000000000000000e+00
3.242961168289185681e-01 -6.917340755462645374e-01 1.179991811513900757e-01 1.000000000000000000e+00
4.156607389450074352e-01 -6.746152639389036976e-01 1.035242676734924316e-01 1.000000000000000000e+00
4.927468299865723766e-01 -6.509932279586790882e-01 4.855656623840332031e-02 1.000000000000000000e+00
5.570597052574158825e-01 -6.334329247474669300e-01 3.329345211386680603e-02 1.000000000000000000e+00
-3.928970694541930597e-01 -3.546136021614075262e-01 3.075565397739410400e-02 1.000000000000000000e+00
-3.189483880996703546e-01 -3.798407018184662420e-01 3.088524192571640015e-02 1.000000000000000000e+00
-2.210764437913893821e-01 -4.147940576076508123e-01 3.084093704819679260e-02 0.000000000000000000e+00
-1.275923997163771750e-01 -4.467951059341430664e-01 3.075531497597694397e-02 0.000000000000000000e+00
-3.441186249256125013e-02 -4.757596254348754883e-01 3.076789900660514832e-02 0.000000000000000000e+00
6.348289549350748240e-02 -4.975172877311706543e-01 3.094434365630149841e-02 0.000000000000000000e+00
1.600228846073151467e-01 -5.144236087799072266e-01 3.139834105968475342e-02 0.000000000000000000e+00
2.584025561809540905e-01 -5.267931222915649414e-01 3.810942918062210083e-02 0.000000000000000000e+00
2.675134539604188122e-01 -5.380927920341491699e-01 1.139838844537734985e-01 0.000000000000000000e+00
1.753111481666566052e-01 -5.586251020431518555e-01 1.228402256965637207e-01 0.000000000000000000e+00
7.298347353935252801e-02 -5.942366719245910645e-01 8.504278957843780518e-02 0.000000000000000000e+00
-2.999076247215259547e-02 -6.298205256462097168e-01 7.670350372791290283e-02 1.000000000000000000e+00
-1.094911694526671114e-01 -6.600685119628906250e-01 1.270830631256103516e-01 1.000000000000000000e+00
-6.779684126377093223e-02 -6.575387120246887207e-01 1.944431960582733154e-01 1.000000000000000000e+00
1.088935881853115607e-02 -6.487310528755187988e-01 1.878885924816131592e-01 1.000000000000000000e+00
1.013865172863007702e-01 -6.278754472732543945e-01 1.446177065372467041e-01 1.000000000000000000e+00
1.979989856481553234e-01 -6.100130677223205566e-01 1.242116689682006836e-01 1.000000000000000000e+00
2.930660843849183239e-01 -5.947051644325256348e-01 1.289858967065811157e-01 1.000000000000000000e+00
3.846073150634766735e-01 -5.762924551963805042e-01 1.219088435173034668e-01 1.000000000000000000e+00
4.663325548171998181e-01 -5.555605292320250355e-01 7.401645183563232422e-02 1.000000000000000000e+00
5.292757749557496227e-01 -5.367260575294493519e-01 3.561689332127571106e-02 1.000000000000000000e+00
-3.614501953124999445e-01 -2.620184719562531073e-01 3.066788613796234131e-02 1.000000000000000000e+00
-2.878202795982360285e-01 -2.868697941303253729e-01 3.081082925200462341e-02 0.000000000000000000e+00
-1.914351731538772028e-01 -3.205147087574005682e-01 3.072704374790191650e-02 0.000000000000000000e+00
-9.952916204929344868e-02 -3.523592650890350342e-01 3.071545436978340149e-02 0.000000000000000000e+00
-7.334619760513236275e-03 -3.792806267738342285e-01 3.080281242728233337e-02 0.000000000000000000e+00
8.784672617912299419e-02 -4.033432602882385254e-01 3.103035688400268555e-02 0.000000000000000000e+00
1.868372112512589334e-01 -4.172987043857573908e-01 3.238930925726890564e-02 1.000000000000000000e+00
2.701061367988586981e-01 -4.324146807193755548e-01 5.830427259206771851e-02 0.000000000000000000e+00
2.357221096754074929e-01 -4.441060125827788752e-01 1.277764588594436646e-01 0.000000000000000000e+00
1.418695598840714334e-01 -4.665966033935546875e-01 1.167961806058883667e-01 0.000000000000000000e+00
3.925169259309777697e-02 -5.012122392654418945e-01 8.052664995193481445e-02 0.000000000000000000e+00
-7.168804109096517385e-02 -5.379135608673095703e-01 7.678104937076568604e-02 1.000000000000000000e+00
-1.357935220003126942e-01 -5.598509907722473145e-01 1.366860568523406982e-01 1.000000000000000000e+00
-9.447617828845968069e-02 -5.570915937423706055e-01 1.974248141050338745e-01 1.000000000000000000e+00
-1.455970853567113352e-02 -5.459104776382446289e-01 1.880011260509490967e-01 1.000000000000000000e+00
7.724088430404672800e-02 -5.264869928359985352e-01 1.425651907920837402e-01 1.000000000000000000e+00
1.696769148111344216e-01 -5.101935863494873047e-01 1.219705194234848022e-01 1.000000000000000000e+00
2.638078331947327770e-01 -4.973389506340026300e-01 1.342549622058868408e-01 1.000000000000000000e+00
3.578034043312073864e-01 -4.817049801349639337e-01 1.363002806901931763e-01 1.000000000000000000e+00
4.392645955085755505e-01 -4.595381617546080988e-01 9.567214548587799072e-02 1.000000000000000000e+00
5.013849139213563122e-01 -4.413463473320006214e-01 3.940004855394363403e-02 1.000000000000000000e+00
-3.282923698425292414e-01 -1.650392711162567694e-01 3.055439516901969910e-02 0.000000000000000000e+00
-2.528978586196898859e-01 -1.916557848453522284e-01 3.074659034609794617e-02 0.000000000000000000e+00
-1.582442522048949918e-01 -2.264105379581451694e-01 3.062852099537849426e-02 0.000000000000000000e+00
-6.585216522216792712e-02 -2.590436637401580811e-01 3.069281578063964844e-02 0.000000000000000000e+00
2.826504781842236955e-02 -2.850180566310882568e-01 3.087601065635681152e-02 0.000000000000000000e+00
1.165092661976814825e-01 -3.060133457183837891e-01 3.120196983218193054e-02 0.000000000000000000e+00
2.139276117086411078e-01 -3.187420368194579523e-01 3.438005968928337097e-02 0.000000000000000000e+00
2.636837363243103582e-01 -3.337709605693816584e-01 9.017735719680786133e-02 0.000000000000000000e+00
1.988747119903565008e-01 -3.514537215232848566e-01 1.329033970832824707e-01 1.000000000000000000e+00
1.060940027236939170e-01 -3.758406043052673340e-01 1.090413480997085571e-01 0.000000000000000000e+00
3.958731889724806038e-03 -4.076349139213562012e-01 7.858480513095855713e-02 0.000000000000000000e+00
-1.024101525545119407e-01 -4.416420459747314453e-01 7.657274603843688965e-02 1.000000000000000000e+00
-1.627190858125685813e-01 -4.595010876655579168e-01 1.377203911542892456e-01 1.000000000000000000e+00
-1.222976744174956443e-01 -4.558320343494415283e-01 1.952695548534393311e-01 1.000000000000000000e+00
-3.941847383975974339e-02 -4.457291662693023682e-01 1.857779324054718018e-01 1.000000000000000000e+00
4.959489405155189518e-02 -4.281204938888549805e-01 1.376371085643768311e-01 1.000000000000000000e+00
1.426369249820710061e-01 -4.118050634860992432e-01 1.168005317449569702e-01 1.000000000000000000e+00
2.357039600610733865e-01 -3.991128206253051203e-01 1.295181661844253540e-01 1.000000000000000000e+00
3.327884674072266180e-01 -3.858004510402678888e-01 1.449768692255020142e-01 1.000000000000000000e+00
4.129789471626282293e-01 -3.629432916641234796e-01 1.171317845582962036e-01 1.000000000000000000e+00
4.714817404747009832e-01 -3.451296687126158558e-01 5.883403122425079346e-02 1.000000000000000000e+00
-2.975587844848632812e-01 -7.307934015989309140e-02 3.040410950779914856e-02 0.000000000000000000e+00
-2.196979373693465909e-01 -9.782942384481434217e-02 3.053668513894081116e-02 0.000000000000000000e+00
-1.228915452957153043e-01 -1.293490976095199863e-01 3.055990859866142273e-02 0.000000000000000000e+00
-2.976056933403012014e-02 -1.619492769241333008e-01 3.062728419899940491e-02 0.000000000000000000e+00
6.211752444505694998e-02 -1.871935576200485229e-01 3.094694018363952637e-02 0.000000000000000000e+00
1.454613506793976108e-01 -2.064639329910278043e-01 3.141287341713905334e-02 0.000000000000000000e+00
2.350916117429733554e-01 -2.204806208610534113e-01 3.694853931665420532e-02 0.000000000000000000e+00
2.450332492589951117e-01 -2.361073642969130915e-01 1.124179363250732422e-01 0.000000000000000000e+00
1.637500226497650702e-01 -2.581864297389983576e-01 1.345758289098739624e-01 1.000000000000000000e+00
7.010418921709066220e-02 -2.850784063339233398e-01 1.011541634798049927e-01 1.000000000000000000e+00
-2.707765996456140342e-02 -3.142433762550354004e-01 7.701861858367919922e-02 0.000000000000000000e+00
-1.334957480430602472e-01 -3.480898737907409668e-01 7.534591853618621826e-02 1.000000000000000000e+00
-1.925712078809737604e-01 -3.648826479911804754e-01 1.321951001882553101e-01 1.000000000000000000e+00
-1.473038345575332086e-01 -3.606816828250885010e-01 1.937017887830734253e-01 1.000000000000000000e+00
-5.993987619876855327e-02 -3.490761220455169678e-01 1.813023239374160767e-01 1.000000000000000000e+00
2.846470475196844277e-02 -3.303655087947845459e-01 1.290397047996520996e-01 1.000000000000000000e+00
1.190193444490433294e-01 -3.144034743309020996e-01 1.088755726814270020e-01 0.000000000000000000e+00
2.120936661958695013e-01 -2.997387945652007502e-01 1.222773939371109009e-01 1.000000000000000000e+00
3.067907989025116522e-01 -2.858252525329589289e-01 1.512835174798965454e-01 1.000000000000000000e+00
3.896682262420654852e-01 -2.664691507816314142e-01 1.325151622295379639e-01 1.000000000000000000e+00
4.425787925720215399e-01 -2.527696490287780207e-01 7.793985307216644287e-02 1.000000000000000000e+00
-2.687544226646423340e-01 1.714691706001753718e-02 3.034357726573944092e-02 0.000000000000000000e+00
-1.902316957712173462e-01 -7.205801084637676601e-03 3.046599403023719788e-02 0.000000000000000000e+00
-9.245070815086363358e-02 -3.785074874758721786e-02 3.045821189880371094e-02 0.000000000000000000e+00
2.960115671159053592e-05 -6.622596085071563721e-02 3.068004176020622253e-02 0.000000000000000000e+00
9.121593832969666915e-02 -8.834864199161528153e-02 3.107059001922607422e-02 0.000000000000000000e+00
1.716030240058899203e-01 -1.057164296507835111e-01 3.208047151565551758e-02 0.000000000000000000e+00
2.455307245254516879e-01 -1.225138977169990123e-01 5.026625096797943115e-02 0.000000000000000000e+00
2.188655734062195102e-01 -1.372512727975845059e-01 1.301638484001159668e-01 0.000000000000000000e+00
1.278074532747268954e-01 -1.645520478487014493e-01 1.301896125078201294e-01 1.000000000000000000e+00
3.480045869946483267e-02 -1.920949518680572510e-01 9.358008205890655518e-02 1.000000000000000000e+00
-5.892810225486751208e-02 -2.234673649072647095e-01 7.508683204650878906e-02 0.000000000000000000e+00
-1.651587039232253473e-01 -2.555255293846130926e-01 7.509560883045196533e-02 1.000000000000000000e+00
-2.228063791990279596e-01 -2.709988951683044989e-01 1.311515271663665771e-01 1.000000000000000000e+00
-1.697971671819686335e-01 -2.645874619483948309e-01 1.915857344865798950e-01 1.000000000000000000e+00
-7.922029495239253649e-02 -2.516303062438964844e-01 1.755296289920806885e-01 1.000000000000000000e+00
9.057812392711682772e-03 -2.334737628698348999e-01 1.197786331176757812e-01 1.000000000000000000e+00
9.789931029081348768e-02 -2.182130515575408658e-01 1.022598594427108765e-01 0.000000000000000000e+00
1.890202760696411410e-01 -2.033548355102538785e-01 1.187506318092346191e-01 1.000000000000000000e+00
2.812757492065430243e-01 -1.882891654968261164e-01 1.530130356550216675e-01 1.000000000000000000e+00
3.646575808525086004e-01 -1.708901226520537775e-01 1.469184458255767822e-01 1.000000000000000000e+00
4.116295576095581610e-01 -1.589193344116210105e-01 1.050328016281127930e-01 1.000000000000000000e+00
-2.384229153394699374e-01 1.024825274944305004e-01 3.018758445978164673e-02 0.000000000000000000e+00
-1.586629748344421664e-01 8.097660541534421053e-02 3.040188550949096680e-02 0.000000000000000000e+00
-6.454242765903474288e-02 5.171315371990202470e-02 3.052042424678802490e-02 0.000000000000000000e+00
2.746919170022010109e-02 2.857567928731441845e-02 3.080640733242034912e-02 0.000000000000000000e+00
1.142417937517166138e-01 1.108617521822454627e-02 3.127035126090049744e-02 0.000000000000000000e+00
1.938432902097702026e-01 -6.148036569356882773e-03 3.352564573287963867e-02 0.000000000000000000e+00
2.463670670986175537e-01 -2.123218961060042639e-02 7.661780714988708496e-02 0.000000000000000000e+00
1.874615550041198730e-01 -3.943306952714916574e-02 1.395594924688339233e-01 0.000000000000000000e+00
9.415762126445771651e-02 -6.754311919212339921e-02 1.209273636341094971e-01 1.000000000000000000e+00
2.868458628654498195e-03 -9.997761994600296021e-02 8.746737241744995117e-02 1.000000000000000000e+00
-9.229327738285061922e-02 -1.336221098899841586e-01 7.319086790084838867e-02 0.000000000000000000e+00
-1.949982494115829190e-01 -1.620934754610061923e-01 7.349430024623870850e-02 1.000000000000000000e+00
-2.504162788391112726e-01 -1.770094484090805609e-01 1.323819607496261597e-01 1.000000000000000000e+00
-1.914006024599075040e-01 -1.688261181116104404e-01 1.888848096132278442e-01 1.000000000000000000e+00
-9.887295961380002107e-02 -1.532191485166549960e-01 1.681253612041473389e-01 1.000000000000000000e+00
-1.129455864429471275e-02 -1.369875222444534302e-01 1.148847341537475586e-01 1.000000000000000000e+00
7.488727569580080901e-02 -1.243636980652809004e-01 9.686113893985748291e-02 0.000000000000000000e+00
1.657205373048782626e-01 -1.099952757358550748e-01 1.142656356096267700e-01 1.000000000000000000e+00
2.543459534645080566e-01 -9.376790374517436633e-02 1.495504081249237061e-01 1.000000000000000000e+00
3.352977037429809570e-01 -7.677984237670892886e-02 1.520901322364807129e-01 1.000000000000000000e+00
3.810451626777648926e-01 -6.529978662729256367e-02 1.229203492403030396e-01 1.000000000000000000e+00
-2.056526690721512118e-01 1.908743083477019986e-01 3.018449619412422180e-02 0.000000000000000000e+00
-1.264218538999557773e-01 1.680541932582854947e-01 3.038367256522178650e-02 0.000000000000000000e+00
-3.430937975645068083e-02 1.413603425025939941e-01 3.054590150713920593e-02 0.000000000000000000e+00
5.228463932871816461e-02 1.240305900573730608e-01 3.092125430703163147e-02 0.000000000000000000e+00
1.386031806468963345e-01 1.111227720975876132e-01 3.149903565645217896e-02 0.000000000000000000e+00
2.174857407808303555e-01 9.339366108179096571e-02 3.545929864048957825e-02 0.000000000000000000e+00
2.359835654497146329e-01 7.972134649753574720e-02 1.037955135107040405e-01 0.000000000000000000e+00
1.539020836353302002e-01 5.718554556369784270e-02 1.423905789852142334e-01 0.000000000000000000e+00
6.453740596771240234e-02 2.614952437579632846e-02 1.113826185464859009e-01 1.000000000000000000e+00
-2.464400976896285664e-02 -1.046268455684185548e-02 8.221970498561859131e-02 0.000000000000000000e+00
-1.255078762769699097e-01 -4.272990301251413520e-02 7.152490317821502686e-02 0.000000000000000000e+00
-2.239990383386611938e-01 -6.715705245733265272e-02 7.298129796981811523e-02 1.000000000000000000e+00
-2.762994170188903809e-01 -8.267844468355184384e-02 1.314108073711395264e-01 1.000000000000000000e+00
-2.133870869874954224e-01 -7.203453779220585218e-02 1.853533089160919189e-01 1.000000000000000000e+00
-1.167652010917663435e-01 -5.434929579496385749e-02 1.630408763885498047e-01 1.000000000000000000e+00
-3.323532640933989785e-02 -3.907723724842072227e-02 1.126132458448410034e-01 1.000000000000000000e+00
5.195371061563492515e-02 -2.716916240751742276e-02 9.329503774642944336e-02 0.000000000000000000e+00
1.395874470472335815e-01 -1.535983569920060417e-02 1.103394031524658203e-01 1.000000000000000000e+00
2.255535721778869629e-01 -1.277538016438442775e-03 1.431903392076492310e-01 1.000000000000000000e+00
3.036548495292663574e-01 1.446617953479295560e-02 1.526915580034255981e-01 1.000000000000000000e+00
3.531571030616760254e-01 2.580044977366930878e-02 1.305437088012695312e-01 1.000000000000000000e+00
-1.715499609708786566e-01 2.807198166847228449e-01 3.012028709053993225e-02 0.000000000000000000e+00
-9.196358919143680921e-02 2.584051489830017090e-01 3.038893640041351318e-02 0.000000000000000000e+00
-1.269422471523327413e-03 2.311531156301498413e-01 3.062067925930023193e-02 0.000000000000000000e+00
8.261939138174052843e-02 2.193186134099960605e-01 3.113105520606040955e-02 0.000000000000000000e+00
1.662932634353637418e-01 2.091501653194427768e-01 3.167124837636947632e-02 1.000000000000000000e+00
2.351932078599929532e-01 1.913029998540878851e-01 4.036620259284973145e-02 0.000000000000000000e+00
2.168293148279189786e-01 1.814679056406021396e-01 1.260752081871032715e-01 0.000000000000000000e+00
1.263986229896545133e-01 1.543859988451004306e-01 1.406004726886749268e-01 1.000000000000000000e+00
4.252940416336057489e-02 1.212167292833328386e-01 1.013400703668594360e-01 1.000000000000000000e+00
-4.901374876499177413e-02 8.265618979930876298e-02 7.924227416515350342e-02 0.000000000000000000e+00
-1.519080698490142822e-01 4.964921623468396272e-02 7.049933075904846191e-02 0.000000000000000000e+00
-2.483887225389480591e-01 2.648163400590415259e-02 7.071740925312042236e-02 1.000000000000000000e+00
-2.981019020080566406e-01 1.067320071160787753e-02 1.302650272846221924e-01 1.000000000000000000e+00
-2.320023626089096069e-01 2.222440205514426836e-02 1.825567036867141724e-01 1.000000000000000000e+00
-1.335816234350204468e-01 4.190940409898755159e-02 1.593074202537536621e-01 1.000000000000000000e+00
-5.454687774181366661e-02 5.647329986095427773e-02 1.140028238296508789e-01 1.000000000000000000e+00
2.785889804363249345e-02 6.907585263252258301e-02 9.338948130607604980e-02 1.000000000000000000e+00
1.120366752147674422e-01 7.825037837028504806e-02 1.051517277956008911e-01 0.000000000000000000e+00
1.950176954269408902e-01 8.671291172504429212e-02 1.346169859170913696e-01 1.000000000000000000e+00
2.712273597717285156e-01 9.964498877525335141e-02 1.466337740421295166e-01 1.000000000000000000e+00
3.184716105461120605e-01 1.145381331443787176e-01 1.332982331514358521e-01 1.000000000000000000e+00
-1.459650993347168524e-01 3.739854991436004639e-01 3.006290271878242493e-02 0.000000000000000000e+00
-6.803114712238318706e-02 3.516580462455749512e-01 3.036064282059669495e-02 0.000000000000000000e+00
2.478680014610284629e-02 3.269408345222473145e-01 3.072124347090721130e-02 0.000000000000000000e+00
1.116415858268737238e-01 3.149581849575042725e-01 3.128517419099807739e-02 0.000000000000000000e+00
1.938527822494506281e-01 3.039519488811493475e-01 3.275075927376747131e-02 1.000000000000000000e+00
2.444981485605239313e-01 2.888064384460449774e-01 7.030285894870758057e-02 1.000000000000000000e+00
1.952265501022338312e-01 2.773375213146210272e-01 1.411422640085220337e-01 1.000000000000000000e+00
1.056103408336638988e-01 2.504469156265258789e-01 1.333097368478775024e-01 1.000000000000000000e+00
2.216745167970653532e-02 2.156237661838531494e-01 9.382233023643493652e-02 1.000000000000000000e+00
-7.148595154285433684e-02 1.798055917024612427e-01 7.729420065879821777e-02 0.000000000000000000e+00
-1.745748221874237338e-01 1.477859616279601773e-01 6.945385038852691650e-02 0.000000000000000000e+00
-2.694050073623657227e-01 1.242154389619826715e-01 6.810830533504486084e-02 1.000000000000000000e+00
-3.265572190284729004e-01 1.048513203859328669e-01 1.219016015529632568e-01 1.000000000000000000e+00
-2.585441470146179199e-01 1.172661781311034740e-01 1.801382601261138916e-01 1.000000000000000000e+00
-1.602748781442642489e-01 1.367451548576354703e-01 1.582370251417160034e-01 1.000000000000000000e+00
-8.452263474464419279e-02 1.511202603578567227e-01 1.195621043443679810e-01 1.000000000000000000e+00
-3.865703940391570451e-03 1.626253873109817505e-01 9.857708215713500977e-02 1.000000000000000000e+00
7.865768671035763826e-02 1.679913848638534823e-01 1.024117618799209595e-01 0.000000000000000000e+00
1.591595411300658902e-01 1.686319559812546054e-01 1.299064308404922485e-01 0.000000000000000000e+00
2.348102480173110684e-01 1.820559054613113958e-01 1.394896805286407471e-01 1.000000000000000000e+00
2.845628261566161554e-01 1.968276351690292914e-01 1.356932818889617920e-01 1.000000000000000000e+00
-1.222935169935227273e-01 4.667113721370697021e-01 3.008693084120750427e-02 0.000000000000000000e+00
-4.285626113414772731e-02 4.467572867870330811e-01 3.046282008290290833e-02 0.000000000000000000e+00
5.494398623704902646e-02 4.274592995643615723e-01 3.084653615951538086e-02 0.000000000000000000e+00
1.425315588712691428e-01 4.146966338157653809e-01 3.148790821433067322e-02 0.000000000000000000e+00
2.217759490013121726e-01 4.028340280056000311e-01 3.498952090740203857e-02 1.000000000000000000e+00
2.434145808219908835e-01 3.873709440231323797e-01 1.014627963304519653e-01 1.000000000000000000e+00
1.711584031581878107e-01 3.734699189662933905e-01 1.475994437932968140e-01 1.000000000000000000e+00
8.174672722816460346e-02 3.464758396148681641e-01 1.233640164136886597e-01 1.000000000000000000e+00
8.868947625159644826e-04 3.113753795623779297e-01 9.046493470668792725e-02 0.000000000000000000e+00
-9.072169661521917172e-02 2.808195352554321289e-01 7.560332119464874268e-02 0.000000000000000000e+00
-1.937989145517349798e-01 2.500312626361846369e-01 6.843869388103485107e-02 0.000000000000000000e+00
-2.904216051101685125e-01 2.206706255674361628e-01 6.701849400997161865e-02 1.000000000000000000e+00
-3.550845980644226629e-01 1.979233175516127985e-01 1.108252108097076416e-01 1.000000000000000000e+00
-2.928230762481690008e-01 2.089243829250335138e-01 1.755457371473312378e-01 1.000000000000000000e+00
-1.971349269151688177e-01 2.281317561864852628e-01 1.621777713298797607e-01 1.000000000000000000e+00
-1.189461052417755543e-01 2.433750480413436612e-01 1.264210939407348633e-01 1.000000000000000000e+00
-4.111537337303166478e-02 2.544051706790924072e-01 1.041642129421234131e-01 1.000000000000000000e+00
4.076605290174479396e-02 2.575662136077880859e-01 1.056840121746063232e-01 1.000000000000000000e+00
1.207486689090728343e-01 2.532639801502227783e-01 1.314789503812789917e-01 0.000000000000000000e+00
1.947595775127410334e-01 2.660350501537323553e-01 1.365007013082504272e-01 0.000000000000000000e+00
2.487942278385161798e-01 2.809657752513886053e-01 1.357169747352600098e-01 0.000000000000000000e+00
-1.004402041435242671e-01 5.616205930709838867e-01 3.008963540196418762e-02 0.000000000000000000e+00
-1.653544604778299856e-02 5.467185974121093750e-01 3.042127937078475952e-02 0.000000000000000000e+00
7.669082283973684133e-02 5.281394720077514648e-01 3.100866451859474182e-02 0.000000000000000000e+00
1.678722351789473655e-01 5.123311281204223633e-01 3.191957250237464905e-02 1.000000000000000000e+00
2.388931065797804953e-01 4.980539381504059393e-01 4.283979535102844238e-02 1.000000000000000000e+00
2.294436544179915549e-01 4.879331290721893866e-01 1.287133246660232544e-01 1.000000000000000000e+00
1.468996703624724509e-01 4.718389213085174561e-01 1.471920460462570190e-01 1.000000000000000000e+00
5.907228961586943883e-02 4.469027817249298096e-01 1.134924888610839844e-01 1.000000000000000000e+00
-2.077390998601921085e-02 4.115635752677917480e-01 8.694325387477874756e-02 0.000000000000000000e+00
-1.109568476676941612e-01 3.790646791458129883e-01 7.457022368907928467e-02 0.000000000000000000e+00
-2.124103754758835394e-01 3.491522967815398615e-01 6.794892251491546631e-02 0.000000000000000000e+00
-3.123312592506409247e-01 3.117000460624694269e-01 6.622381508350372314e-02 1.000000000000000000e+00
-3.839563131332398016e-01 2.879540324211120050e-01 1.014787256717681885e-01 1.000000000000000000e+00
-3.322117924690247137e-01 2.978696823120116632e-01 1.707036942243576050e-01 1.000000000000000000e+00
-2.419245094060898382e-01 3.184805214405059259e-01 1.638782024383544922e-01 1.000000000000000000e+00
-1.598573476076126654e-01 3.323583900928496759e-01 1.332242041826248169e-01 1.000000000000000000e+00
-7.938240468502050229e-02 3.398451209068298340e-01 1.140986531972885132e-01 1.000000000000000000e+00
4.127919673919614417e-03 3.460270762443542480e-01 1.148868650197982788e-01 1.000000000000000000e+00
8.461485803127281879e-02 3.412239849567413330e-01 1.341554075479507446e-01 0.000000000000000000e+00
1.588765084743499201e-01 3.535431623458862860e-01 1.345661431550979614e-01 0.000000000000000000e+00
2.151420116424559992e-01 3.663424253463745672e-01 1.340980678796768188e-01 0.000000000000000000e+00
-8.284631371498120400e-02 6.579087972640991211e-01 3.012399747967720032e-02 0.000000000000000000e+00
-2.435423433780788127e-03 6.432637572288513184e-01 3.051931411027908325e-02 0.000000000000000000e+00
9.334532171487797125e-02 6.259661316871643066e-01 3.120247274637222290e-02 0.000000000000000000e+00
1.878061145544051014e-01 6.138976216316223145e-01 3.451766446232795715e-02 1.000000000000000000e+00
2.435082793235777698e-01 5.989538431167602539e-01 8.503258228302001953e-02 1.000000000000000000e+00
2.068696320056914173e-01 5.889645218849182129e-01 1.466696709394454956e-01 1.000000000000000000e+00
1.175702661275862537e-01 5.714209675788879395e-01 1.417837440967559814e-01 1.000000000000000000e+00
3.335313871502866567e-02 5.417055487632751465e-01 1.039272546768188477e-01 1.000000000000000000e+00
-4.513908922672280749e-02 5.052710175514221191e-01 8.209350705146789551e-02 0.000000000000000000e+00
-1.326809823513031839e-01 4.702380895614624023e-01 7.033735513687133789e-02 0.000000000000000000e+00
-2.377025932073593972e-01 4.408922195434569757e-01 6.569713354110717773e-02 0.000000000000000000e+00
-3.375508785247803289e-01 4.011442661285399836e-01 6.325419247150421143e-02 1.000000000000000000e+00
-4.113624691963196356e-01 3.732137084007262628e-01 9.855094552040100098e-02 1.000000000000000000e+00
-3.650254607200623114e-01 3.853540122509002130e-01 1.669489443302154541e-01 1.000000000000000000e+00
-2.818648815155029852e-01 4.032041728496550959e-01 1.651446372270584106e-01 1.000000000000000000e+00
-2.005455940961838601e-01 4.204402863979339044e-01 1.406305432319641113e-01 1.000000000000000000e+00
-1.165186315774918435e-01 4.259291291236877441e-01 1.230877637863159180e-01 1.000000000000000000e+00
-2.842965722084053390e-02 4.310947954654693604e-01 1.216227263212203979e-01 1.000000000000000000e+00
5.221252515912048336e-02 4.304838776588439941e-01 1.301560252904891968e-01 1.000000000000000000e+00
1.268506348133086326e-01 4.443731307983398438e-01 1.275826543569564819e-01 0.000000000000000000e+00
1.778205931186675193e-01 4.589793980121613104e-01 1.265623420476913452e-01 0.000000000000000000e+00
-6.651242077350630333e-02 7.584593892097473145e-01 3.000592067837715149e-02 0.000000000000000000e+00
9.629026055335861492e-03 7.427719235420227051e-01 3.065994381904602051e-02 0.000000000000000000e+00
1.140944212675093217e-01 7.274445295333862305e-01 3.141857311129570007e-02 0.000000000000000000e+00
2.068427354097364945e-01 7.164677977561950684e-01 3.924500569701194763e-02 1.000000000000000000e+00
2.315961122512815995e-01 7.062644362449645996e-01 1.180021166801452637e-01 1.000000000000000000e+00
1.726727187633513017e-01 6.885437369346618652e-01 1.513978391885757446e-01 1.000000000000000000e+00
8.614300191402422813e-02 6.637904047966003418e-01 1.325530111789703369e-01 1.000000000000000000e+00
5.485497415065649154e-03 6.341494917869567871e-01 9.377942979335784912e-02 1.000000000000000000e+00
-7.811404764652263299e-02 5.970194935798645020e-01 7.677248120307922363e-02 0.000000000000000000e+00
-1.622238606214524426e-01 5.623818635940551758e-01 6.719978153705596924e-02 0.000000000000000000e+00
-2.658761739730836071e-01 5.309421420097351074e-01 6.167557463049888611e-02 0.000000000000000000e+00
-3.651561141014100231e-01 4.897220432758330744e-01 5.895958095788955688e-02 1.000000000000000000e+00
-4.379465579986573376e-01 4.597984552383422296e-01 9.817020595073699951e-02 1.000000000000000000e+00
-3.946251273155213513e-01 4.730727970600127619e-01 1.614139676094055176e-01 1.000000000000000000e+00
-3.111613392829896130e-01 4.917838871479033869e-01 1.649402529001235962e-01 1.000000000000000000e+00
-2.335299104452134011e-01 5.078624486923217773e-01 1.440105587244033813e-01 1.000000000000000000e+00
-1.522360444068909524e-01 5.126799941062927246e-01 1.279922723770141602e-01 1.000000000000000000e+00
-6.455050408840189158e-02 5.161775946617126465e-01 1.234634071588516235e-01 1.000000000000000000e+00
1.917351037263860525e-02 5.248206853866577148e-01 1.231083720922470093e-01 1.000000000000000000e+00
9.691906720399846853e-02 5.443052649497985840e-01 1.194740533828735352e-01 0.000000000000000000e+00
1.479001939296721302e-01 5.580480098724365234e-01 1.177389323711395264e-01 0.000000000000000000e+00
-4.875782132148758635e-02 8.645062446594238281e-01 3.014738857746124268e-02 0.000000000000000000e+00
3.076837211847289685e-02 8.503761291503906250e-01 3.076192364096641541e-02 0.000000000000000000e+00
1.332698613405225996e-01 8.369882702827453613e-01 3.303206339478492737e-02 1.000000000000000000e+00
2.114153206348417802e-01 8.219453692436218262e-01 6.937074661254882812e-02 1.000000000000000000e+00
2.107396870851515336e-01 8.156546950340270996e-01 1.406062990427017212e-01 1.000000000000000000e+00
1.411850452423094315e-01 7.878441810607910156e-01 1.482321172952651978e-01 1.000000000000000000e+00
5.611476302146897743e-02 7.582888603210449219e-01 1.215490996837615967e-01 1.000000000000000000e+00
-3.067206591367734742e-02 7.244281172752380371e-01 8.459889888763427734e-02 1.000000000000000000e+00
-1.169817894697190580e-01 6.901676654815673828e-01 7.031561434268951416e-02 0.000000000000000000e+00
-1.974239796400071301e-01 6.606228351593017578e-01 6.181148067116737366e-02 0.000000000000000000e+00
-2.937664985656739391e-01 6.244850754737854004e-01 5.323854088783264160e-02 0.000000000000000000e+00
-3.933052420616151013e-01 5.811709165573119007e-01 5.311084166169166565e-02 1.000000000000000000e+00
-4.621459841728211559e-01 5.469126701354979359e-01 9.815223515033721924e-02 1.000000000000000000e+00
-4.251492619514466442e-01 5.618092417716978870e-01 1.563227623701095581e-01 1.000000000000000000e+00
-3.434464335441590466e-01 5.805745124816893421e-01 1.587527692317962646e-01 1.000000000000000000e+00
-2.655896544456483044e-01 5.955086350440979004e-01 1.436297893524169922e-01 1.000000000000000000e+00
-1.838939338922501721e-01 6.029444932937622070e-01 1.299691498279571533e-01 1.000000000000000000e+00
-9.981113672256480829e-02 6.036131978034973145e-01 1.245149075984954834e-01 1.000000000000000000e+00
-1.390936225652706151e-02 6.189594268798828125e-01 1.177076548337936401e-01 1.000000000000000000e+00
6.641172617673861411e-02 6.450943946838378906e-01 1.123776137828826904e-01 0.000000000000000000e+00
1.161337122321127596e-01 6.586537957191467285e-01 1.103029102087020874e-01 0.000000000000000000e+00
-2.409180998802203100e-02 9.784399271011352539e-01 3.026277944445610046e-02 0.000000000000000000e+00
5.538347363471966822e-02 9.641599655151367188e-01 3.102661669254302979e-02 0.000000000000000000e+00
1.556532680988310102e-01 9.451963901519775391e-01 3.602870926260948181e-02 1.000000000000000000e+00
2.075634151697157148e-01 9.320096969604492188e-01 9.713974595069885254e-02 1.000000000000000000e+00
1.803499758243559126e-01 9.169659018516540527e-01 1.479033082723617554e-01 1.000000000000000000e+00
1.135142520070074323e-01 8.824984431266784668e-01 1.393121480941772461e-01 1.000000000000000000e+00
1.969683170318587903e-02 8.481961488723754883e-01 1.126625537872314453e-01 1.000000000000000000e+00
-7.206872105598464973e-02 8.163241147994995117e-01 7.859785854816436768e-02 0.000000000000000000e+00
-1.541681289672852950e-01 7.882336378097534180e-01 6.351332366466522217e-02 0.000000000000000000e+00
-2.354994565248490768e-01 7.622855305671691895e-01 5.278469249606132507e-02 0.000000000000000000e+00
-3.299029469490052380e-01 7.198894619941710316e-01 4.499056935310363770e-02 0.000000000000000000e+00
-4.290569424629212536e-01 6.717422008514403187e-01 5.013441294431686401e-02 1.000000000000000000e+00
-4.864296913146973766e-01 6.321465373039244495e-01 1.012937128543853760e-01 1.000000000000000000e+00
-4.499604105949402966e-01 6.428467035293577991e-01 1.503630429506301880e-01 1.000000000000000000e+00
-3.776881694793702282e-01 6.612733006477354847e-01 1.520502269268035889e-01 1.000000000000000000e+00
-2.986680865287781872e-01 6.790392398834228516e-01 1.389915347099304199e-01 1.000000000000000000e+00
-2.192197889089585738e-01 6.913714408874511719e-01 1.267440617084503174e-01 1.000000000000000000e+00
-1.326449960470200973e-01 7.001352906227111816e-01 1.215627044439315796e-01 1.000000000000000000e+00
-4.867674410343183350e-02 7.191300988197326660e-01 1.173778027296066284e-01 1.000000000000000000e+00
2.871356904506669472e-02 7.465264201164245605e-01 1.071853339672088623e-01 0.000000000000000000e+00
7.813122123479829262e-02 7.596350908279418945e-01 1.011452674865722656e-01 0.000000000000000000e+00
1.662246882915299285e-03 1.075492382049560547e+00 3.044971078634262085e-02 0.000000000000000000e+00
8.710102736949901225e-02 1.063084244728088379e+00 3.135726600885391235e-02 0.000000000000000000e+00
1.833142787218091929e-01 1.040684103965759277e+00 4.064377024769783020e-02 1.000000000000000000e+00
1.885458081960676158e-01 1.024865031242370605e+00 1.202342659235000610e-01 1.000000000000000000e+00
1.420485824346540416e-01 9.989918470382690430e-01 1.434972584247589111e-01 1.000000000000000000e+00
7.759235799312573512e-02 9.689389467239379883e-01 1.276132315397262573e-01 1.000000000000000000e+00
-1.525048166513460167e-02 9.318109154701232910e-01 1.002046316862106323e-01 1.000000000000000000e+00
-1.064181029796602007e-01 9.014747142791748047e-01 7.248423993587493896e-02 0.000000000000000000e+00
-1.893020421266557451e-01 8.785114288330078125e-01 5.854895338416099548e-02 0.000000000000000000e+00
-2.746210694313050982e-01 8.529083132743835449e-01 4.666188359260559082e-02 0.000000000000000000e+00
-3.740112781524659868e-01 8.063852787017821155e-01 4.169303551316261292e-02 0.000000000000000000e+00
-4.716573953628541149e-01 7.521468400955199085e-01 5.288247764110565186e-02 1.000000000000000000e+00
-5.121800303459168591e-01 7.144121527671812855e-01 1.019700169563293457e-01 1.000000000000000000e+00
-4.710181951522828259e-01 7.195489406585692249e-01 1.432997137308120728e-01 1.000000000000000000e+00
-4.059608578681946911e-01 7.350153923034666859e-01 1.431760489940643311e-01 1.000000000000000000e+00
-3.298371434211732067e-01 7.554105520248411976e-01 1.300486475229263306e-01 1.000000000000000000e+00
-2.526780962944032427e-01 7.709752321243286133e-01 1.206122636795043945e-01 1.000000000000000000e+00
-1.652988344430924850e-01 7.853685617446899414e-01 1.153725683689117432e-01 1.000000000000000000e+00
-7.596263289451614387e-02 8.113299608230590820e-01 1.097393631935119629e-01 1.000000000000000000e+00
-1.814395189285433578e-03 8.447308540344238281e-01 1.013526767492294312e-01 0.000000000000000000e+00
4.492766410112365022e-02 8.568356037139892578e-01 9.214931726455688477e-02 0.000000000000000000e+00
2.275464683771112259e-02 1.143017053604125977e+00 3.092206269502639771e-02 1.000000000000000000e+00
1.079880371689794366e-01 1.144800901412963867e+00 3.211310878396034241e-02 1.000000000000000000e+00
1.887396872043607676e-01 1.109205842018127441e+00 4.943503811955451965e-02 1.000000000000000000e+00
1.734621077775953257e-01 1.094878792762756348e+00 1.231383830308914185e-01 1.000000000000000000e+00
1.133235096931455577e-01 1.068071484565734863e+00 1.388776004314422607e-01 1.000000000000000000e+00
4.981226474046687724e-02 1.041962146759033203e+00 1.228566318750381470e-01 1.000000000000000000e+00
-4.140353947877902646e-02 1.006080508232116699e+00 9.427483379840850830e-02 1.000000000000000000e+00
-1.307805478572847124e-01 9.741188287734985352e-01 6.466038525104522705e-02 0.000000000000000000e+00
-2.219987064599992510e-01 9.552088975906372070e-01 5.113714933395385742e-02 1.000000000000000000e+00
-3.141040205955507036e-01 9.293090701103209339e-01 4.406288266181945801e-02 0.000000000000000000e+00
-4.153805375099183794e-01 8.874462842941283069e-01 4.513223841786384583e-02 0.000000000000000000e+00
-4.970563650131227251e-01 8.338938951492308460e-01 6.279146671295166016e-02 1.000000000000000000e+00
-5.229094624519349255e-01 8.028188943862913929e-01 1.077328920364379883e-01 1.000000000000000000e+00
-4.794623255729676958e-01 8.012176156044005237e-01 1.416463404893875122e-01 1.000000000000000000e+00
-4.162926077842714068e-01 8.125001192092894398e-01 1.333249807357788086e-01 1.000000000000000000e+00
-3.475859761238099810e-01 8.304971456527708851e-01 1.174979060888290405e-01 1.000000000000000000e+00
-2.760050892829896685e-01 8.428270816802978516e-01 1.097895652055740356e-01 1.000000000000000000e+00
-1.862341910600663897e-01 8.601865768432617188e-01 1.065507978200912476e-01 1.000000000000000000e+00
-9.394055604934709036e-02 8.927880525588989258e-01 1.021913737058639526e-01 1.000000000000000000e+00
-2.304811030626313997e-02 9.262783527374267578e-01 9.461160004138946533e-02 0.000000000000000000e+00
2.249518781900388883e-02 9.227525591850280762e-01 9.296701848506927490e-02 0.000000000000000000e+00
