-3.630892038345336359e-01 -1.637669056653976996e-01 2.938545122742652893e-02 0.000000000000000000e+00
-3.092829585075377863e-01 -1.839496195316315252e-01 3.043640404939651489e-02 0.000000000000000000e+00
-2.602114677429198664e-01 -1.970895975828171331e-01 3.130723536014556885e-02 0.000000000000000000e+00
-1.891663223505019586e-01 -2.271455526351928988e-01 3.263324126601219177e-02 0.000000000000000000e+00
-1.171893477439879816e-01 -2.731131911277770996e-01 3.406253084540367126e-02 0.000000000000000000e+00
-4.827348887920373394e-02 -3.248191773891448975e-01 3.536355495452880859e-02 0.000000000000000000e+00
1.998965442180640137e-02 -3.656066358089447021e-01 3.632240369915962219e-02 0.000000000000000000e+00
8.845847845077522975e-02 -4.237540960311889648e-01 3.687481209635734558e-02 0.000000000000000000e+00
1.362098455429077981e-01 -4.963554441928863525e-01 3.623955696821212769e-02 0.000000000000000000e+00
1.523479074239731945e-01 -5.729823112487792969e-01 3.644662350416183472e-02 1.000000000000000000e+00
1.789449602365494885e-01 -6.643075346946716309e-01 3.866875544190406799e-02 1.000000000000000000e+00
2.523363828659058727e-01 -7.191482186317443848e-01 4.045970365405082703e-02 1.000000000000000000e+00
3.497040867805482067e-01 -7.295117378234862171e-01 3.865710645914077759e-02 1.000000000000000000e+00
4.419372677803040661e-01 -7.147539854049681507e-01 3.412513434886932373e-02 1.000000000000000000e+00
5.345844030380250134e-01 -6.899833679199217640e-01 3.166865184903144836e-02 1.000000000000000000e+00
6.238058805465699352e-01 -6.653349995613097034e-01 3.149043396115303040e-02 1.000000000000000000e+00
7.132989764213563122e-01 -6.436823606491087757e-01 3.140455484390258789e-02 1.000000000000000000e+00
8.029257059097291149e-01 -6.226853132247923694e-01 3.136322274804115295e-02 1.000000000000000000e+00
8.985781669616700329e-01 -5.952421426773070179e-01 3.129578381776809692e-02 1.000000000000000000e+00
9.924858212471009411e-01 -5.660046339035031959e-01 3.113975375890731812e-02 1.000000000000000000e+00
1.065895318984985352e+00 -5.316828489303586647e-01 3.095604851841926575e-02 1.000000000000000000e+00
-4.203088283538817804e-01 -1.813521832227707742e-01 2.992258220911026001e-02 0.000000000000000000e+00
-3.831403255462645929e-01 -2.047736048698426126e-01 3.104818612337112427e-02 0.000000000000000000e+00
-3.210526704788207453e-01 -2.282604277133942206e-01 3.365717083215713501e-02 0.000000000000000000e+00
-2.416833192110061090e-01 -2.773640751838684637e-01 3.655860945582389832e-02 0.000000000000000000e+00
-1.633913367986678522e-01 -3.441036343574524481e-01 3.916297852993011475e-02 0.000000000000000000e+00
-9.043015539646141743e-02 -3.924691379070281982e-01 5.089971795678138733e-02 0.000000000000000000e+00
-1.763679087162010189e-02 -4.186491966247558594e-01 6.315782666206359863e-02 0.000000000000000000e+00
5.183328688144692165e-02 -4.450829029083251953e-01 6.811632215976715088e-02 0.000000000000000000e+00
1.075212210416794795e-01 -4.980143010616302490e-01 7.228192687034606934e-02 1.000000000000000000e+00
1.467071920633317150e-01 -5.673229694366455078e-01 8.364756405353546143e-02 1.000000000000000000e+00
1.822687387466431774e-01 -6.477479934692382812e-01 1.048335880041122437e-01 1.000000000000000000e+00
2.602477967739106335e-01 -6.730628013610839844e-01 1.025987118482589722e-01 1.000000000000000000e+00
3.516329526901246227e-01 -6.559827327728270374e-01 7.560834288597106934e-02 1.000000000000000000e+00
4.342198967933655895e-01 -6.316527724266051136e-01 3.969232738018035889e-02 1.000000000000000000e+00
5.186277627944947399e-01 -6.072359681129454456e-01 3.357001394033432007e-02 1.000000000000000000e+00
6.060207486152650036e-01 -5.814306139945982776e-01 3.163522854447364807e-02 1.000000000000000000e+00
6.952369809150696911e-01 -5.603886842727660023e-01 3.148548305034637451e-02 1.000000000000000000e+00
7.854041457176209606e-01 -5.404126644134520374e-01 3.141711652278900146e-02 1.000000000000000000e+00
8.804883360862733044e-01 -5.150169134140013538e-01 3.134139254689216614e-02 1.000000000000000000e+00
9.764965772628785290e-01 -4.874913692474363569e-01 3.126692399382591248e-02 1.000000000000000000e+00
1.049798011779785156e+00 -4.565881788730619673e-01 3.105740994215011597e-02 1.000000000000000000e+00
-5.099935531616210938e-01 -2.174124717712403176e-01 3.078051656484603882e-02 0.000000000000000000e+00
-4.480757713317870539e-01 -2.532508075237274725e-01 3.193061053752899170e-02 0.000000000000000000e+00
-3.751663565635680597e-01 -2.955179214477539618e-01 3.804095089435577393e-02 0.000000000000000000e+00
-2.895506024360656183e-01 -3.602405786514282782e-01 4.395025968551635742e-02 0.000000000000000000e+00
-2.115373462438582541e-01 -4.272097051143646795e-01 5.836414173245429993e-02 0.000000000000000000e+00
-1.381943970918654563e-01 -4.677278399467468262e-01 8.323442935943603516e-02 0.000000000000000000e+00
-6.464095413684836644e-02 -4.850728213787078857e-01 1.083903461694717407e-01 0.000000000000000000e+00
5.680516362190336788e-03 -4.927707314491271973e-01 1.272796541452407837e-01 1.000000000000000000e+00
6.875520199537286936e-02 -5.249529480934143066e-01 1.378718167543411255e-01 1.000000000000000000e+00
1.266389042139054455e-01 -5.665078759193420410e-01 1.587319970130920410e-01 1.000000000000000000e+00
1.978309303522111096e-01 -5.925626158714294434e-01 1.837354600429534912e-01 1.000000000000000000e+00
2.799371182918549694e-01 -5.878648757934570312e-01 1.769523173570632935e-01 1.000000000000000000e+00
3.509293198585511364e-01 -5.615499615669249378e-01 1.232861876487731934e-01 1.000000000000000000e+00
4.217029213905335583e-01 -5.364058613777159534e-01 5.840027332305908203e-02 1.000000000000000000e+00
5.041310191154481091e-01 -5.099915266036986194e-01 3.533890843391418457e-02 1.000000000000000000e+00
5.881114006042481579e-01 -4.861634075641630970e-01 3.232798725366592407e-02 1.000000000000000000e+00
6.760181784629822888e-01 -4.662601947784422718e-01 3.161499649286270142e-02 1.000000000000000000e+00
7.666592597961426891e-01 -4.463416337966917280e-01 3.172786906361579895e-02 1.000000000000000000e+00
8.590666055679322399e-01 -4.200665056705473188e-01 3.149737790226936340e-02 1.000000000000000000e+00
9.528146982192994274e-01 -3.936525285243986372e-01 3.134559839963912964e-02 1.000000000000000000e+00
1.025441050529479980e+00 -3.657810091972349409e-01 3.115691617131233215e-02 1.000000000000000000e+00
-5.730148553848266602e-01 -2.812205255031586804e-01 3.106606379151344299e-02 0.000000000000000000e+00
-5.108546614646910511e-01 -3.239472806453705944e-01 3.283865004777908325e-02 0.000000000000000000e+00
-4.290714859962462824e-01 -3.820614814758301336e-01 3.803812339901924133e-02 0.000000000000000000e+00
-3.481396436691283625e-01 -4.509544670581818182e-01 5.258176475763320923e-02 0.000000000000000000e+00
-2.646740674972533069e-01 -5.050867199897766113e-01 7.115785777568817139e-02 1.000000000000000000e+00
-1.773522496223448597e-01 -5.377886295318603516e-01 1.050283312797546387e-01 1.000000000000000000e+00
-9.828293323516835989e-02 -5.456642508506774902e-01 1.523333340883255005e-01 1.000000000000000000e+00
-2.936132997274388742e-02 -5.405077338218688965e-01 1.869193613529205322e-01 1.000000000000000000e+00
3.885565698146829783e-02 -5.413015484809875488e-01 2.177573293447494507e-01 1.000000000000000000e+00
1.109639406204224604e-01 -5.325934290885925293e-01 2.426110059022903442e-01 1.000000000000000000e+00
1.938152015209198831e-01 -5.155764222145080566e-01 2.462701499462127686e-01 1.000000000000000000e+00
2.798496484756470837e-01 -4.950857758522033136e-01 2.241233438253402710e-01 1.000000000000000000e+00
3.429388999938965954e-01 -4.691236913204192560e-01 1.560374498367309570e-01 1.000000000000000000e+00
4.069445729255676825e-01 -4.431634843349456232e-01 7.782140374183654785e-02 1.000000000000000000e+00
4.862603545188904364e-01 -4.166784286499022327e-01 3.995146974921226501e-02 1.000000000000000000e+00
5.678868293762208141e-01 -3.917653262615202747e-01 3.454377874732017517e-02 1.000000000000000000e+00
6.561998724937440075e-01 -3.712510168552397571e-01 3.374392539262771606e-02 1.000000000000000000e+00
7.493619918823243298e-01 -3.488393723964690052e-01 3.507417067885398865e-02 1.000000000000000000e+00
8.424012064933777966e-01 -3.201258778572080854e-01 3.510031104087829590e-02 1.000000000000000000e+00
9.311975836753845215e-01 -2.920886874198911909e-01 3.278924152255058289e-02 1.000000000000000000e+00
1.000203728675842285e+00 -2.650038599967954878e-01 3.139920532703399658e-02 1.000000000000000000e+00
-6.246478557586668812e-01 -3.622102439403535046e-01 3.145623207092285156e-02 0.000000000000000000e+00
-5.665187239646910511e-01 -4.131913781166077770e-01 3.263251855969429016e-02 0.000000000000000000e+00
-4.873865246772765003e-01 -4.681845307350159802e-01 3.767989575862884521e-02 0.000000000000000000e+00
-4.081888794898985706e-01 -5.253254771232606091e-01 6.294927000999450684e-02 1.000000000000000000e+00
-3.214200735092161976e-01 -5.665557384490967907e-01 1.047536283731460571e-01 1.000000000000000000e+00
-2.332742661237715565e-01 -5.823773145675659180e-01 1.619830578565597534e-01 1.000000000000000000e+00
-1.533392220735548817e-01 -5.588587522506713867e-01 2.251904606819152832e-01 1.000000000000000000e+00
-7.563097774982442678e-02 -5.273098349571228027e-01 2.731458544731140137e-01 1.000000000000000000e+00
-1.790285110473542390e-03 -4.923702180385589600e-01 2.919791936874389648e-01 1.000000000000000000e+00
7.976655662059792262e-02 -4.618705511093139648e-01 2.891579568386077881e-01 1.000000000000000000e+00
1.699202507734299539e-01 -4.320908784866332453e-01 2.773222029209136963e-01 1.000000000000000000e+00
2.566617429256439764e-01 -4.074702560901641291e-01 2.467721700668334961e-01 1.000000000000000000e+00
3.244892954826355536e-01 -3.827107846736907404e-01 1.784441322088241577e-01 1.000000000000000000e+00
3.865581154823303778e-01 -3.534975349903106134e-01 9.235106408596038818e-02 1.000000000000000000e+00
4.654360413551331122e-01 -3.264796435832976185e-01 5.398330837488174438e-02 1.000000000000000000e+00
5.510340332984925427e-01 -3.024624586105345569e-01 3.979000821709632874e-02 1.000000000000000000e+00
6.439692378044128418e-01 -2.816148996353148304e-01 5.151617899537086487e-02 1.000000000000000000e+00
7.352234125137329102e-01 -2.610512673854826771e-01 8.008380234241485596e-02 1.000000000000000000e+00
8.277164101600646973e-01 -2.338050305843351884e-01 7.614554464817047119e-02 1.000000000000000000e+00
9.148992896080017090e-01 -1.978689432144163374e-01 4.463776201009750366e-02 1.000000000000000000e+00
9.725394248962402344e-01 -1.690611690282819990e-01 3.250906243920326233e-02 1.000000000000000000e+00
-6.778529286384581409e-01 -4.600752890110016979e-01 3.191686794161796570e-02 0.000000000000000000e+00
-6.210328340530394398e-01 -5.030778050422669567e-01 3.709425404667854309e-02 1.000000000000000000e+00
-5.493866801261900745e-01 -5.475278496742249645e-01 7.262089848518371582e-02 1.000000000000000000e+00
-4.669644832611082874e-01 -5.688733458518983044e-01 1.319402754306793213e-01 1.000000000000000000e+00
-3.776214718818663441e-01 -5.597159862518311657e-01 1.870345324277877808e-01 1.000000000000000000e+00
-2.882276177406309925e-01 -5.297574400901794434e-01 2.360485196113586426e-01 1.000000000000000000e+00
-2.025083452463149192e-01 -4.871594011783600409e-01 2.738324999809265137e-01 1.000000000000000000e+00
-1.211240440607070090e-01 -4.478992819786071777e-01 2.971667945384979248e-01 1.000000000000000000e+00
-3.672179579734794613e-02 -4.080884754657745361e-01 3.068615496158599854e-01 1.000000000000000000e+00
5.211860686540610577e-02 -3.737367987632751465e-01 3.002113103866577148e-01 1.000000000000000000e+00
1.402213871479034979e-01 -3.438571393489837646e-01 2.773869931697845459e-01 1.000000000000000000e+00
2.254902720451355536e-01 -3.198346495628356378e-01 2.480746209621429443e-01 1.000000000000000000e+00
3.018311262130737860e-01 -2.975553274154662531e-01 1.930979788303375244e-01 1.000000000000000000e+00
3.698208928108215887e-01 -2.693470716476439875e-01 1.210162788629531860e-01 1.000000000000000000e+00
4.482551217079163153e-01 -2.407873570919036033e-01 8.335568010807037354e-02 1.000000000000000000e+00
5.347144603729248047e-01 -2.147516310214995228e-01 7.953453063964843750e-02 1.000000000000000000e+00
6.236532330513000488e-01 -1.977046132087706409e-01 1.086163222789764404e-01 1.000000000000000000e+00
7.141338586807250977e-01 -1.833554357290266557e-01 1.335128843784332275e-01 1.000000000000000000e+00
8.108776211738586426e-01 -1.556293219327925248e-01 1.333101987838745117e-01 1.000000000000000000e+00
8.915026187896728516e-01 -1.132955327630041364e-01 7.984809577465057373e-02 1.000000000000000000e+00
9.402248859405517578e-01 -8.137834072113020456e-02 3.598559275269508362e-02 1.000000000000000000e+00
-7.320965528488158069e-01 -5.511457920074464001e-01 4.094236344099044800e-02 1.000000000000000000e+00
-6.746677756309508167e-01 -5.622947812080384411e-01 8.332344889640808105e-02 1.000000000000000000e+00
-5.956478118896483265e-01 -5.452116727828980602e-01 1.447892189025878906e-01 1.000000000000000000e+00
-5.097922086715697132e-01 -5.164387226104737438e-01 1.961481571197509766e-01 1.000000000000000000e+00
-4.191923737525938831e-01 -4.809621274471283514e-01 2.252460718154907227e-01 1.000000000000000000e+00
-3.305712342262267511e-01 -4.434722661972046454e-01 2.438339143991470337e-01 1.000000000000000000e+00
-2.378058582544325950e-01 -4.082078039646149237e-01 2.566904723644256592e-01 1.000000000000000000e+00
-1.488455384969710749e-01 -3.704323172569274902e-01 2.628406584262847900e-01 1.000000000000000000e+00
-6.031358242034905864e-02 -3.349696993827819824e-01 2.519966065883636475e-01 1.000000000000000000e+00
3.202403336763387509e-02 -3.021862804889678955e-01 2.333964556455612183e-01 1.000000000000000000e+00
1.228823140263557989e-01 -2.703720331192016602e-01 2.171045392751693726e-01 1.000000000000000000e+00
2.072631567716599066e-01 -2.397519052028655728e-01 2.071521282196044922e-01 1.000000000000000000e+00
2.822083234786987860e-01 -2.104247957468032282e-01 1.828635931015014648e-01 1.000000000000000000e+00
3.522536158561707098e-01 -1.847016066312789362e-01 1.497400403022766113e-01 1.000000000000000000e+00
4.311397075653076727e-01 -1.559936106204985740e-01 1.268969625234603882e-01 1.000000000000000000e+00
5.120014548301696777e-01 -1.307259202003478171e-01 1.316681951284408569e-01 1.000000000000000000e+00
6.010590791702270508e-01 -1.184395626187323414e-01 1.631468385457992554e-01 1.000000000000000000e+00
6.957460045814514160e-01 -1.014080867171286288e-01 1.878050118684768677e-01 1.000000000000000000e+00
7.915586233139038086e-01 -6.372287124395356606e-02 1.616955399513244629e-01 1.000000000000000000e+00
8.610476255416870117e-01 -2.271810360252841249e-02 1.009870171546936035e-01 1.000000000000000000e+00
9.023452997207641602e-01 5.518076941371129716e-03 4.067888483405113220e-02 1.000000000000000000e+00
-7.742025852203368030e-01 -5.295558571815491833e-01 7.237710058689117432e-02 1.000000000000000000e+00
-7.127976417541502796e-01 -5.008808374404908337e-01 1.173800677061080933e-01 1.000000000000000000e+00
-6.307214498519896351e-01 -4.659890234470368542e-01 1.593521982431411743e-01 1.000000000000000000e+00
-5.421339869499205433e-01 -4.341024160385132946e-01 1.811581701040267944e-01 1.000000000000000000e+00
-4.502723217010497492e-01 -3.998859822750092108e-01 1.891590505838394165e-01 1.000000000000000000e+00
-3.576329350471496027e-01 -3.698571920394898016e-01 1.907175481319427490e-01 1.000000000000000000e+00
-2.645678520202636164e-01 -3.395328819751740057e-01 1.855166703462600708e-01 1.000000000000000000e+00
-1.718044430017470758e-01 -3.065062463283539373e-01 1.774245351552963257e-01 1.000000000000000000e+00
-7.947318255901331119e-02 -2.744519412517547607e-01 1.637580692768096924e-01 1.000000000000000000e+00
1.190731674432758853e-02 -2.399449050426483154e-01 1.501001268625259399e-01 1.000000000000000000e+00
9.939680993556980482e-02 -2.021315097808837613e-01 1.484270393848419189e-01 1.000000000000000000e+00
1.824141740798950473e-01 -1.651271134614944180e-01 1.539319902658462524e-01 1.000000000000000000e+00
2.578409314155578613e-01 -1.292783766984939020e-01 1.571498811244964600e-01 1.000000000000000000e+00
3.331698775291442871e-01 -9.885562956333154849e-02 1.681037098169326782e-01 1.000000000000000000e+00
4.094137549400329590e-01 -7.195421308279030537e-02 1.740514487028121948e-01 1.000000000000000000e+00
4.908603429794311523e-01 -5.327579379081717054e-02 1.912629902362823486e-01 1.000000000000000000e+00
5.822260379791259766e-01 -3.929530084133137785e-02 2.180745452642440796e-01 1.000000000000000000e+00
6.742247343063354492e-01 -1.160083897411810956e-02 2.152237147092819214e-01 1.000000000000000000e+00
7.658122181892395020e-01 3.350654244422926475e-02 1.703636795282363892e-01 1.000000000000000000e+00
8.216792941093444824e-01 6.341269612312332160e-02 9.630803763866424561e-02 1.000000000000000000e+00
8.416670560836791992e-01 6.714786589145675666e-02 3.757432475686073303e-02 1.000000000000000000e+00
-8.049213886260985218e-01 -4.485447406768800493e-01 4.724919050931930542e-02 1.000000000000000000e+00
-7.383369803428648792e-01 -4.194437563419343151e-01 7.730862498283386230e-02 1.000000000000000000e+00
-6.533011198043822132e-01 -3.859741389751435436e-01 1.058853119611740112e-01 1.000000000000000000e+00
-5.656808018684386097e-01 -3.549192249774933972e-01 1.175481081008911133e-01 1.000000000000000000e+00
-4.735298156738280695e-01 -3.269225060939789929e-01 1.182942241430282593e-01 1.000000000000000000e+00
-3.800860643386840265e-01 -3.026414215564728338e-01 1.119412332773208618e-01 1.000000000000000000e+00
-2.867456078529357355e-01 -2.722190320491791327e-01 1.073323041200637817e-01 1.000000000000000000e+00
-1.956977099180221003e-01 -2.379668056964874545e-01 1.014230847358703613e-01 1.000000000000000000e+00
-1.023083180189132274e-01 -2.036281973123550693e-01 9.114882349967956543e-02 1.000000000000000000e+00
-1.198659837245938040e-02 -1.670211851596832275e-01 8.820521831512451172e-02 1.000000000000000000e+00
7.712968438863757048e-02 -1.281249374151229581e-01 1.028597503900527954e-01 1.000000000000000000e+00
1.603165566921234408e-01 -8.897663652896878328e-02 1.314068883657455444e-01 1.000000000000000000e+00
2.382643818855285645e-01 -5.280733853578563342e-02 1.645805537700653076e-01 1.000000000000000000e+00
3.123093247413635254e-01 -2.027581073343747917e-02 1.946284919977188110e-01 1.000000000000000000e+00
3.877220153808593750e-01 4.162399098277163104e-03 2.235465496778488159e-01 1.000000000000000000e+00
4.719506502151489258e-01 2.102282457053670020e-02 2.498115301132202148e-01 1.000000000000000000e+00
5.604757070541381836e-01 4.846076667308817781e-02 2.531236708164215088e-01 1.000000000000000000e+00
6.503992080688476562e-01 8.693037927150738808e-02 2.267069816589355469e-01 1.000000000000000000e+00
7.221249341964721680e-01 1.195077300071717696e-01 1.598409414291381836e-01 1.000000000000000000e+00
7.562142610549926758e-01 1.125707924365998702e-01 6.757304072380065918e-02 1.000000000000000000e+00
7.690331935882568359e-01 8.495038747787489464e-02 3.502107039093971252e-02 0.000000000000000000e+00
-8.343358635902403675e-01 -3.576491475105287310e-01 3.423696383833885193e-02 1.000000000000000000e+00
-7.650665044784544788e-01 -3.355301916599275347e-01 3.691546246409416199e-02 1.000000000000000000e+00
-6.729893088340758167e-01 -3.054574429988862194e-01 5.138174444437026978e-02 1.000000000000000000e+00
-5.836821794509887695e-01 -2.756656408309937634e-01 6.693720817565917969e-02 1.000000000000000000e+00
-4.936043620109557550e-01 -2.473829835653305886e-01 6.680954992771148682e-02 1.000000000000000000e+00
-4.029580354690551203e-01 -2.238324880599976419e-01 6.127794459462165833e-02 1.000000000000000000e+00
-3.136231303215026300e-01 -1.951961219310761053e-01 6.080265715718269348e-02 1.000000000000000000e+00
-2.228762656450271329e-01 -1.619463860988617221e-01 5.782501399517059326e-02 1.000000000000000000e+00
-1.287639886140823087e-01 -1.290066540241241733e-01 5.364445596933364868e-02 1.000000000000000000e+00
-3.989663720130919022e-02 -9.184242039918900924e-02 5.726597830653190613e-02 1.000000000000000000e+00
4.617530107498169639e-02 -5.543750524520873330e-02 8.492749929428100586e-02 1.000000000000000000e+00
1.290397495031356812e-01 -1.728329248726365522e-02 1.304625272750854492e-01 1.000000000000000000e+00
2.078387737274169922e-01 1.610582135617736818e-02 1.751002222299575806e-01 1.000000000000000000e+00
2.813618481159210205e-01 4.649245738983159154e-02 2.265488505363464355e-01 1.000000000000000000e+00
3.589719533920288086e-01 7.095934450626380230e-02 2.716913223266601562e-01 1.000000000000000000e+00
4.439015984535217285e-01 1.086801737546921609e-01 2.847601175308227539e-01 1.000000000000000000e+00
5.281567573547363281e-01 1.456605941057206033e-01 2.639723718166351318e-01 1.000000000000000000e+00
6.031200289726257324e-01 1.714674979448319592e-01 2.131742238998413086e-01 1.000000000000000000e+00
6.539751887321472168e-01 1.603132039308549084e-01 1.235725581645965576e-01 1.000000000000000000e+00
6.714490652084350586e-01 1.159800589084626493e-01 4.395470023155212402e-02 0.000000000000000000e+00
6.880295872688293457e-01 5.853973329067242715e-02 3.249021247029304504e-02 0.000000000000000000e+00
-8.593079447746276855e-01 -2.650346159934999224e-01 3.228867426514625549e-02 1.000000000000000000e+00
-7.908606529235839844e-01 -2.437206059694291549e-01 3.331270441412925720e-02 1.000000000000000000e+00
-6.983357667922973633e-01 -2.158023566007615524e-01 3.522344306111335754e-02 1.000000000000000000e+00
-6.061157584190368652e-01 -1.882383078336716808e-01 3.661642968654632568e-02 1.000000000000000000e+00
-5.166053771972656250e-01 -1.616888046264649270e-01 3.724751621484756470e-02 1.000000000000000000e+00
-4.267917275428771973e-01 -1.360790431499482034e-01 3.739846125245094299e-02 1.000000000000000000e+00
-3.380868434906005859e-01 -1.105299443006516058e-01 3.816856071352958679e-02 1.000000000000000000e+00
-2.487746030092239102e-01 -8.205478638410572401e-02 3.797992691397666931e-02 1.000000000000000000e+00
-1.596805304288864136e-01 -4.767033457756045256e-02 3.778241574764251709e-02 1.000000000000000000e+00
-7.247897982597351074e-02 -1.467476226389409499e-02 4.737273231148719788e-02 1.000000000000000000e+00
1.143352687358855854e-02 1.891750656068325390e-02 8.408145606517791748e-02 1.000000000000000000e+00
9.053874015808104081e-02 5.248108506202699142e-02 1.396086663007736206e-01 1.000000000000000000e+00
1.663829386234283170e-01 7.958537340164187346e-02 2.002071887254714966e-01 1.000000000000000000e+00
2.371079325675964078e-01 1.128319650888443409e-01 2.629195451736450195e-01 1.000000000000000000e+00
3.205151557922362726e-01 1.531046777963638861e-01 3.005941808223724365e-01 1.000000000000000000e+00
4.054194092750548761e-01 1.995161920785904763e-01 2.920601069927215576e-01 1.000000000000000000e+00
4.777179360389708918e-01 2.250962108373642800e-01 2.449417412281036377e-01 1.000000000000000000e+00
5.325253605842590332e-01 2.124680727720261730e-01 1.675414592027664185e-01 1.000000000000000000e+00
5.691871643066406250e-01 1.619994491338730969e-01 8.584831655025482178e-02 0.000000000000000000e+00
5.840733051300048828e-01 8.643504232168208734e-02 3.975768759846687317e-02 0.000000000000000000e+00
6.060190200805664062e-01 1.645232923328887598e-02 3.274706751108169556e-02 0.000000000000000000e+00
-8.861461281776428223e-01 -1.661227494478227373e-01 3.174623101949691772e-02 1.000000000000000000e+00
-8.178252577781677246e-01 -1.488964855670930343e-01 3.279138728976249695e-02 1.000000000000000000e+00
-7.241087555885314941e-01 -1.207704171538354354e-01 3.373643383383750916e-02 1.000000000000000000e+00
-6.300082802772521973e-01 -9.649766981601726190e-02 3.386894613504409790e-02 1.000000000000000000e+00
-5.396620035171508789e-01 -7.377519458532343088e-02 3.371464833617210388e-02 1.000000000000000000e+00
-4.513829350471496582e-01 -4.850503802299507838e-02 3.403878584504127502e-02 1.000000000000000000e+00
-3.629208207130432129e-01 -2.531119994819170868e-02 3.506391122937202454e-02 1.000000000000000000e+00
-2.763702869415283203e-01 -2.073142677546055163e-04 3.550492227077484131e-02 1.000000000000000000e+00
-1.906594485044479370e-01 3.364423662424084055e-02 3.612826764583587646e-02 1.000000000000000000e+00
-1.060353666543960710e-01 6.393119692802427811e-02 4.324163869023323059e-02 1.000000000000000000e+00
-2.345772832632066554e-02 9.422603249549865723e-02 9.123541414737701416e-02 1.000000000000000000e+00
4.746431484818456475e-02 1.184095889329910417e-01 1.606877893209457397e-01 1.000000000000000000e+00
1.139108389616012296e-01 1.458785533905029574e-01 2.346772104501724243e-01 1.000000000000000000e+00
1.872899085283279141e-01 1.838166266679764072e-01 2.942494451999664307e-01 1.000000000000000000e+00
2.787589430809020441e-01 2.392170280218124945e-01 3.013750314712524414e-01 1.000000000000000000e+00
3.543794155120849054e-01 2.758643627166748602e-01 2.564946115016937256e-01 1.000000000000000000e+00
4.054058194160460871e-01 2.643491029739380438e-01 1.821630150079727173e-01 1.000000000000000000e+00
4.429652690887450617e-01 2.110817879438401101e-01 1.169509440660476685e-01 0.000000000000000000e+00
4.766073822975158691e-01 1.347192078828812478e-01 8.080153167247772217e-02 0.000000000000000000e+00
4.993487000465393066e-01 4.532463848590859851e-02 5.989514663815498352e-02 0.000000000000000000e+00
5.189691185951232910e-01 -2.569125220179548433e-02 3.566566482186317444e-02 0.000000000000000000e+00
-9.064720869064331055e-01 -6.611526012420670950e-02 3.257110714912414551e-02 1.000000000000000000e+00
-8.410057425498962402e-01 -5.301240831613555915e-02 3.484663739800453186e-02 1.000000000000000000e+00
-7.504057288169860840e-01 -3.001931123435511162e-02 3.794093057513237000e-02 1.000000000000000000e+00
-6.552314162254333496e-01 -5.436407402157904072e-03 3.869801759719848633e-02 1.000000000000000000e+00
-5.654927492141723633e-01 1.878759823739518248e-02 3.535540774464607239e-02 1.000000000000000000e+00
-4.764638543128967285e-01 4.136099666357031385e-02 3.442011028528213501e-02 1.000000000000000000e+00
-3.909301757812500000e-01 6.217763572931282734e-02 3.451053798198699951e-02 1.000000000000000000e+00
-3.075552582740783691e-01 8.659039437770837955e-02 3.493337705731391907e-02 1.000000000000000000e+00
-2.213212996721267978e-01 1.169252544641494335e-01 3.622620180249214172e-02 1.000000000000000000e+00
-1.375232934951782504e-01 1.462294459342956265e-01 4.835988208651542664e-02 1.000000000000000000e+00
-6.151565909385683928e-02 1.677854508161544800e-01 1.051005125045776367e-01 1.000000000000000000e+00
-3.158748149872165527e-04 1.847183108329772949e-01 1.852161586284637451e-01 1.000000000000000000e+00
5.876090750098224291e-02 2.145460695028305054e-01 2.615063488483428955e-01 1.000000000000000000e+00
1.453482508659362238e-01 2.640805542469024658e-01 2.927594482898712158e-01 1.000000000000000000e+00
2.282357364892959040e-01 3.121772706508637030e-01 2.572944760322570801e-01 1.000000000000000000e+00
2.841906547546386164e-01 3.101711869239807684e-01 1.901735663414001465e-01 1.000000000000000000e+00
3.206217288970946711e-01 2.593040764331818182e-01 1.342160552740097046e-01 0.000000000000000000e+00
3.542228937149047296e-01 1.852438598871231634e-01 1.092881262302398682e-01 0.000000000000000000e+00
3.892963528633117676e-01 1.034372895956040123e-01 1.085687726736068726e-01 0.000000000000000000e+00
4.169870615005493164e-01 1.621266268193729404e-02 9.740030765533447266e-02 0.000000000000000000e+00
4.375334978103637695e-01 -6.119935214519492406e-02 6.721726059913635254e-02 0.000000000000000000e+00
-9.136203527450561523e-01 3.305772691965086496e-02 3.428715839982032776e-02 1.000000000000000000e+00
-8.589906096458435059e-01 3.731482475996001497e-02 5.871104449033737183e-02 1.000000000000000000e+00
-7.748979926109313965e-01 5.121226608753189774e-02 9.543378651142120361e-02 1.000000000000000000e+00
-6.808207035064697266e-01 7.628729194402682212e-02 9.407962858676910400e-02 1.000000000000000000e+00
-5.896541476249694824e-01 1.048198640346525989e-01 6.730411946773529053e-02 1.000000000000000000e+00
-5.042170286178588867e-01 1.315656155347823264e-01 3.818758949637413025e-02 1.000000000000000000e+00
-4.183218479156494696e-01 1.529996395111083152e-01 3.552357107400894165e-02 1.000000000000000000e+00
-3.339903354644775946e-01 1.743267923593520563e-01 3.482195362448692322e-02 1.000000000000000000e+00
-2.484215646982193271e-01 2.004086822271346491e-01 3.582405298948287964e-02 1.000000000000000000e+00
-1.699202507734298984e-01 2.255180329084396085e-01 5.995881929993629456e-02 1.000000000000000000e+00
-1.069196462631226002e-01 2.411132007837295255e-01 1.276283860206604004e-01 1.000000000000000000e+00
-5.194947123527531713e-02 2.605923712253570557e-01 2.044716328382492065e-01 1.000000000000000000e+00
1.532407104969019107e-02 2.989372313022613525e-01 2.698782086372375488e-01 1.000000000000000000e+00
1.010011509060858986e-01 3.416622579097747803e-01 2.489228248596191406e-01 1.000000000000000000e+00
1.639505326747893732e-01 3.457314372062683661e-01 1.933335661888122559e-01 1.000000000000000000e+00
2.039052248001098078e-01 2.997979819774628241e-01 1.444763094186782837e-01 0.000000000000000000e+00
2.374843508005141657e-01 2.317412942647934515e-01 1.308649033308029175e-01 0.000000000000000000e+00
2.761384248733520508e-01 1.480448096990585882e-01 1.320789158344268799e-01 0.000000000000000000e+00
3.065994977951049805e-01 5.893187224864965268e-02 1.337989121675491333e-01 0.000000000000000000e+00
3.343350887298583984e-01 -3.323779255151742412e-02 1.105243563652038574e-01 0.000000000000000000e+00
3.607659935951232910e-01 -1.016383543610572121e-01 7.652795314788818359e-02 0.000000000000000000e+00
-9.002147316932678223e-01 1.198821216821668867e-01 3.604391962289810181e-02 1.000000000000000000e+00
-8.606333732604980469e-01 1.256152391433714155e-01 8.092580735683441162e-02 1.000000000000000000e+00
-7.986287474632263184e-01 1.301187723875044389e-01 1.364672482013702393e-01 1.000000000000000000e+00
-7.052951455116271973e-01 1.544683277606962724e-01 1.518072187900543213e-01 1.000000000000000000e+00
-6.136240363121032715e-01 1.867268383502959095e-01 1.246048361063003540e-01 1.000000000000000000e+00
-5.263149142265319824e-01 2.160913944244383933e-01 7.840113341808319092e-02 1.000000000000000000e+00
-4.451515078544617254e-01 2.413474172353743674e-01 3.934487700462341309e-02 1.000000000000000000e+00
-3.582515716552734930e-01 2.617109417915343683e-01 3.575282543897628784e-02 1.000000000000000000e+00
-2.739228010177612860e-01 2.829190194606780451e-01 3.595688194036483765e-02 1.000000000000000000e+00
-1.990033239126205999e-01 3.027524948120116632e-01 6.629805266857147217e-02 1.000000000000000000e+00
-1.445539742708206732e-01 3.176534473896026611e-01 1.308715045452117920e-01 1.000000000000000000e+00
-9.739841520786292339e-02 3.418754935264587402e-01 2.174607962369918823e-01 1.000000000000000000e+00
-2.429157495498664165e-02 3.732668757438659668e-01 2.341370433568954468e-01 1.000000000000000000e+00
4.135691747069351887e-02 3.791595399379730225e-01 1.876000165939331055e-01 1.000000000000000000e+00
8.417614549398415302e-02 3.405125141143798828e-01 1.487102657556533813e-01 0.000000000000000000e+00
1.170385926961898249e-01 2.695773541927337646e-01 1.327305138111114502e-01 0.000000000000000000e+00
1.549023687839507779e-01 1.890559941530227939e-01 1.129859238862991333e-01 0.000000000000000000e+00
1.913484930992126187e-01 1.073142737150192677e-01 9.280596673488616943e-02 0.000000000000000000e+00
2.457141727209091187e-01 3.544180095195775121e-02 6.415283679962158203e-02 0.000000000000000000e+00
3.124252259731292725e-01 -2.584008127450937095e-02 3.678980097174644470e-02 0.000000000000000000e+00
3.617813587188720703e-01 -6.507203727960579609e-02 3.336872905492782593e-02 0.000000000000000000e+00
-8.306655287742614746e-01 1.742042303085325761e-01 3.213024884462356567e-02 1.000000000000000000e+00
-8.347638845443725586e-01 2.032120227813719038e-01 5.602451413869857788e-02 1.000000000000000000e+00
-8.049085736274719238e-01 2.206771224737165971e-01 1.317996531724929810e-01 1.000000000000000000e+00
-7.270087599754333496e-01 2.396185547113417191e-01 1.871158927679061890e-01 1.000000000000000000e+00
-6.330258250236511230e-01 2.698518633842467151e-01 1.762469410896301270e-01 1.000000000000000000e+00
-5.484643578529359020e-01 3.039578795433043323e-01 1.231084167957305908e-01 1.000000000000000000e+00
-4.660452604293823797e-01 3.301960229873656116e-01 6.957975029945373535e-02 1.000000000000000000e+00
-3.840757012367249090e-01 3.504070639610289972e-01 3.852221742272377014e-02 1.000000000000000000e+00
-2.993004918098450262e-01 3.670776188373565119e-01 3.643984347581863403e-02 1.000000000000000000e+00
-2.240516096353531716e-01 3.832789957523345392e-01 6.070176884531974792e-02 1.000000000000000000e+00
-1.703332960605622171e-01 3.970627784729003351e-01 1.204316616058349609e-01 1.000000000000000000e+00
-1.245228797197342752e-01 4.212188124656677246e-01 1.808802485466003418e-01 1.000000000000000000e+00
-6.295064091682442409e-02 4.159482717514038086e-01 1.663263887166976929e-01 1.000000000000000000e+00
-1.261346787214286287e-02 3.891490399837493896e-01 1.270408332347869873e-01 0.000000000000000000e+00
3.321428224444383098e-02 3.465672433376312256e-01 9.209279716014862061e-02 0.000000000000000000e+00
8.880359679460519962e-02 2.857272326946258545e-01 5.573692172765731812e-02 0.000000000000000000e+00
1.494218409061431607e-01 2.216368168592453280e-01 3.657335042953491211e-02 0.000000000000000000e+00
2.197414934635162076e-01 1.673177331686020175e-01 3.399490937590599060e-02 0.000000000000000000e+00
2.988229393959045410e-01 1.152143329381943304e-01 3.210140764713287354e-02 0.000000000000000000e+00
3.703178763389587402e-01 6.311158090829856182e-02 3.178077936172485352e-02 0.000000000000000000e+00
4.207247495651245117e-01 2.293104864656932834e-02 3.148306906223297119e-02 0.000000000000000000e+00
-7.346348762512207031e-01 1.867344826459883256e-01 3.157907724380493164e-02 0.000000000000000000e+00
-7.618787884712219238e-01 2.443387955427168412e-01 3.546789661049842834e-02 1.000000000000000000e+00
-7.855466008186341442e-01 3.044925928115843061e-01 8.926919102668762207e-02 1.000000000000000000e+00
-7.383086681365967907e-01 3.344228565692900501e-01 1.653674989938735962e-01 1.000000000000000000e+00
-6.602125167846680798e-01 3.585276603698729359e-01 2.024694234132766724e-01 1.000000000000000000e+00
-5.675933957099915661e-01 3.876337409019469105e-01 1.709313541650772095e-01 1.000000000000000000e+00
-4.890576004981995184e-01 4.174228012561796985e-01 1.066372096538543701e-01 1.000000000000000000e+00
-4.059340953826904852e-01 4.377811849117278498e-01 4.884688183665275574e-02 1.000000000000000000e+00
-3.208430409431458075e-01 4.525699615478515070e-01 3.703907504677772522e-02 1.000000000000000000e+00
-2.406650930643082498e-01 4.676181077957152765e-01 4.073973000049591064e-02 1.000000000000000000e+00
-1.789285838603974221e-01 4.776556193828582209e-01 8.961889147758483887e-02 1.000000000000000000e+00
-1.263681054115296243e-01 4.904430210590362549e-01 1.176737099885940552e-01 1.000000000000000000e+00
-6.776241958141335231e-02 4.752936065196990967e-01 9.533964097499847412e-02 1.000000000000000000e+00
-1.132024824619301366e-02 4.466606378555297852e-01 5.475490912795066833e-02 0.000000000000000000e+00
5.755347013473503109e-02 4.053529500961303711e-01 3.536294773221015930e-02 0.000000000000000000e+00
1.316330581903457086e-01 3.538821041584014893e-01 3.210704028606414795e-02 0.000000000000000000e+00
2.078826874494552057e-01 3.019056916236877997e-01 3.173011541366577148e-02 0.000000000000000000e+00
2.846381664276122492e-01 2.494121938943863470e-01 3.156592324376106262e-02 0.000000000000000000e+00
3.606438040733336847e-01 1.953202188014984686e-01 3.152620047330856323e-02 0.000000000000000000e+00
4.356216788291931152e-01 1.419147551059723733e-01 3.149712085723876953e-02 0.000000000000000000e+00
4.872949123382568359e-01 9.814022481441506129e-02 3.136869519948959351e-02 0.000000000000000000e+00
-6.428748965263366699e-01 2.143361419439314686e-01 3.106257319450378418e-02 0.000000000000000000e+00
-6.672948598861694336e-01 2.736921012401579700e-01 3.197296708822250366e-02 0.000000000000000000e+00
-7.158687114715577282e-01 3.554199934005736194e-01 4.109365120530128479e-02 1.000000000000000000e+00
-7.267272472381592907e-01 4.122952222824095569e-01 1.126548796892166138e-01 1.000000000000000000e+00
-6.802136301994324841e-01 4.513802826404570423e-01 1.833001673221588135e-01 1.000000000000000000e+00
-5.937857031822205700e-01 4.805242121219633900e-01 1.918701529502868652e-01 1.000000000000000000e+00
-5.078836679458619274e-01 5.078639388084410511e-01 1.361454427242279053e-01 1.000000000000000000e+00
-4.259095191955567516e-01 5.241773128509520374e-01 6.795135140419006348e-02 1.000000000000000000e+00
-3.381215333938599743e-01 5.370774865150450550e-01 3.754357621073722839e-02 1.000000000000000000e+00
-2.541799545288087048e-01 5.533905029296875000e-01 3.704325482249259949e-02 1.000000000000000000e+00
-1.728466302156449474e-01 5.635932683944702148e-01 4.034750163555145264e-02 1.000000000000000000e+00
-1.010261029005051631e-01 5.631565451622009277e-01 5.963873490691184998e-02 1.000000000000000000e+00
-4.206580668687830149e-02 5.445846915245056152e-01 4.363911598920822144e-02 1.000000000000000000e+00
2.364349365234365632e-02 5.189991593360900879e-01 3.442396968603134155e-02 1.000000000000000000e+00
1.000566706061362388e-01 4.804436862468719482e-01 3.189015015959739685e-02 1.000000000000000000e+00
1.817612648010253074e-01 4.361509680747986395e-01 3.170512244105339050e-02 0.000000000000000000e+00
2.607502937316893976e-01 3.867709338665009100e-01 3.154531121253967285e-02 0.000000000000000000e+00
3.397998809814452570e-01 3.348742425441742498e-01 3.153778612613677979e-02 0.000000000000000000e+00
4.215149879455565851e-01 2.817277312278748114e-01 3.154812008142471313e-02 0.000000000000000000e+00
4.986091852188109796e-01 2.274205237627030252e-01 3.137809410691261292e-02 0.000000000000000000e+00
5.489477515220642090e-01 1.842957735061646618e-01 3.120547905564308167e-02 0.000000000000000000e+00
-5.650686621665954590e-01 2.643074989318846546e-01 3.063696622848510742e-02 0.000000000000000000e+00
-5.781211853027344860e-01 3.231705427169798694e-01 3.140631318092346191e-02 0.000000000000000000e+00
-6.173028945922852673e-01 3.972961902618407093e-01 3.450611978769302368e-02 0.000000000000000000e+00
-6.707468032836915173e-01 4.754597842693327747e-01 4.928818717598915100e-02 1.000000000000000000e+00
-6.747019290924073376e-01 5.301194190979002796e-01 1.212334483861923218e-01 1.000000000000000000e+00
-6.139769554138184704e-01 5.752844214439390980e-01 1.716475337743759155e-01 1.000000000000000000e+00
-5.281613469123841442e-01 6.001052260398863636e-01 1.468807905912399292e-01 1.000000000000000000e+00
-4.464818239212037243e-01 6.148052215576170765e-01 7.164795696735382080e-02 1.000000000000000000e+00
-3.585296869277955212e-01 6.294469237327574573e-01 3.656897693872451782e-02 1.000000000000000000e+00
-2.686212658882142224e-01 6.424837708473205566e-01 3.409787267446517944e-02 1.000000000000000000e+00
-1.790848970413209118e-01 6.514995694160461426e-01 3.445969521999359131e-02 1.000000000000000000e+00
-9.305027127265942666e-02 6.470449566841125488e-01 3.503849357366561890e-02 1.000000000000000000e+00
-1.418413966894161403e-02 6.296453475952148438e-01 3.413014486432075500e-02 1.000000000000000000e+00
6.273221969604481085e-02 6.009928584098815918e-01 3.245049342513084412e-02 1.000000000000000000e+00
1.450577378273009144e-01 5.664742588996887207e-01 3.166953474283218384e-02 1.000000000000000000e+00
2.296851575374602439e-01 5.228829979896545410e-01 3.148987889289855957e-02 1.000000000000000000e+00
3.151907026767729603e-01 4.719983041286469061e-01 3.148975595831871033e-02 1.000000000000000000e+00
3.978278636932372492e-01 4.209598302841187079e-01 3.149277344346046448e-02 1.000000000000000000e+00
4.801247715950011652e-01 3.674945533275605358e-01 3.139883279800415039e-02 1.000000000000000000e+00
5.597741007804869495e-01 3.177679479122162975e-01 3.133774921298027039e-02 1.000000000000000000e+00
6.103512048721313477e-01 2.803575992584229626e-01 3.115688636898994446e-02 1.000000000000000000e+00
-4.854529500007629950e-01 3.069954216480254017e-01 3.021354973316192627e-02 0.000000000000000000e+00
-4.911198019981384832e-01 3.632835447788237415e-01 3.093814849853515625e-02 0.000000000000000000e+00
-5.265437960624695934e-01 4.458124935626982532e-01 3.166928142309188843e-02 0.000000000000000000e+00
-5.904893875122071423e-01 5.252143144607542835e-01 3.525186702609062195e-02 0.000000000000000000e+00
-6.458522081375123181e-01 5.978127121925352894e-01 5.535646528005599976e-02 1.000000000000000000e+00
-6.260648965835572399e-01 6.558524966239928089e-01 1.301084309816360474e-01 1.000000000000000000e+00
-5.503447651863099255e-01 6.901406049728392444e-01 1.304234862327575684e-01 1.000000000000000000e+00
-4.710775017738343395e-01 7.062780857086180530e-01 6.675073504447937012e-02 1.000000000000000000e+00
-3.802287578582764782e-01 7.192888259887694202e-01 3.475001454353332520e-02 1.000000000000000000e+00
-2.847474217414857067e-01 7.298551797866821289e-01 3.298906609416007996e-02 1.000000000000000000e+00
-1.864396184682847457e-01 7.363265156745910645e-01 3.313036635518074036e-02 1.000000000000000000e+00
-8.560781180858625938e-02 7.329379320144653320e-01 3.284136950969696045e-02 1.000000000000000000e+00
4.315748810767995602e-03 7.167066931724548340e-01 3.206428512930870056e-02 1.000000000000000000e+00
9.628794342279421714e-02 6.891447305679321289e-01 3.163966909050941467e-02 1.000000000000000000e+00
1.861689686775206409e-01 6.526975631713867188e-01 3.147618845105171204e-02 1.000000000000000000e+00
2.766479849815367542e-01 6.075707674026489258e-01 3.145687654614448547e-02 1.000000000000000000e+00
3.654853701591490589e-01 5.556570887565613903e-01 3.145600482821464539e-02 1.000000000000000000e+00
4.487389922142027698e-01 5.021393895149232067e-01 3.142751008272171021e-02 1.000000000000000000e+00
5.303049087524412952e-01 4.503099918365479626e-01 3.130132332444190979e-02 1.000000000000000000e+00
6.102872490882872425e-01 4.060183465480805554e-01 3.117113560438156128e-02 1.000000000000000000e+00
6.604088544845579944e-01 3.658187687397004284e-01 3.103241324424743652e-02 1.000000000000000000e+00
-4.230817556381226141e-01 3.508675396442412775e-01 3.008207678794860840e-02 0.000000000000000000e+00
-4.280757308006287176e-01 4.042391180992125910e-01 3.050598129630088806e-02 0.000000000000000000e+00
-4.634625315666199841e-01 4.885459840297697864e-01 3.116379678249359131e-02 0.000000000000000000e+00
-5.326666831970215954e-01 5.739454627037047230e-01 3.162453696131706238e-02 0.000000000000000000e+00
-6.112499833106995739e-01 6.496850252151488148e-01 3.638136386871337891e-02 0.000000000000000000e+00
-6.328311562538148083e-01 7.133814692497252308e-01 8.950306475162506104e-02 1.000000000000000000e+00
-5.705294013023377575e-01 7.515405416488646351e-01 1.074749380350112915e-01 1.000000000000000000e+00
-4.869155883789064165e-01 7.732516527175902210e-01 5.202656984329223633e-02 1.000000000000000000e+00
-3.913791179656984087e-01 7.845047712326048694e-01 3.410191088914871216e-02 1.000000000000000000e+00
-2.874317169189454790e-01 7.944877743721008301e-01 3.197525069117546082e-02 1.000000000000000000e+00
-1.817396432161332565e-01 7.986887097358703613e-01 3.172969073057174683e-02 1.000000000000000000e+00
-7.738740742206588752e-02 7.944179177284240723e-01 3.163138777017593384e-02 1.000000000000000000e+00
1.838752254843697628e-02 7.759369611740112305e-01 3.155612945556640625e-02 1.000000000000000000e+00
1.138174384832380814e-01 7.461599111557006836e-01 3.143529966473579407e-02 1.000000000000000000e+00
2.077641189098356767e-01 7.120740413665771484e-01 3.145188093185424805e-02 1.000000000000000000e+00
3.036108613014220081e-01 6.701733469963074841e-01 3.133933991193771362e-02 1.000000000000000000e+00
3.966295719146727405e-01 6.215931773185731091e-01 3.137260302901268005e-02 1.000000000000000000e+00
4.793058633804320179e-01 5.654417872428895153e-01 3.123393282294273376e-02 1.000000000000000000e+00
5.600152015686034046e-01 5.178803205490113415e-01 3.124754503369331360e-02 1.000000000000000000e+00
6.321079730987547718e-01 4.756988584995270886e-01 3.107608854770660400e-02 1.000000000000000000e+00
6.812797188758848987e-01 4.317536950111390270e-01 3.090222552418708801e-02 1.000000000000000000e+00
