-6.208531856536864124e-01 -8.473597764968873181e-01 3.161532431840896606e-02 1.000000000000000000e+00
-5.544033050537108265e-01 -8.383410573005677380e-01 3.817484155297279358e-02 1.000000000000000000e+00
-4.643025398254392866e-01 -8.232418894767762341e-01 4.423387348651885986e-02 1.000000000000000000e+00
-3.746048808097837690e-01 -8.056845068931580700e-01 5.390929430723190308e-02 1.000000000000000000e+00
-2.918335199356077436e-01 -7.811580896377563477e-01 7.365947961807250977e-02 1.000000000000000000e+00
-2.184157818555830521e-01 -7.408480048179626465e-01 8.039280772209167480e-02 1.000000000000000000e+00
-1.758658140897749467e-01 -6.802398562431335449e-01 4.685370251536369324e-02 1.000000000000000000e+00
-1.814895123243330799e-01 -5.786584019660949707e-01 3.383385017514228821e-02 0.000000000000000000e+00
-1.923009604215621116e-01 -4.810118973255158026e-01 3.454115241765975952e-02 0.000000000000000000e+00
-1.713214367628096702e-01 -4.152974188327789862e-01 3.559730574488639832e-02 0.000000000000000000e+00
-1.012938022613524558e-01 -4.285427033901214600e-01 3.195613622665405273e-02 0.000000000000000000e+00
-1.176606118679037957e-02 -4.735717773437500000e-01 3.172292560338973999e-02 0.000000000000000000e+00
7.882010936737070261e-02 -5.227912664413452148e-01 3.190805017948150635e-02 1.000000000000000000e+00
1.676443815231324352e-01 -5.511747002601623535e-01 3.289290890097618103e-02 1.000000000000000000e+00
2.574825882911683239e-01 -5.689215660095214844e-01 3.242702037096023560e-02 1.000000000000000000e+00
3.455513715744019665e-01 -5.831957459449766956e-01 3.174069523811340332e-02 1.000000000000000000e+00
4.383265376091004528e-01 -5.878059267997740589e-01 3.155133500695228577e-02 1.000000000000000000e+00
5.349941849708558239e-01 -5.835849046707152210e-01 3.138142824172973633e-02 1.000000000000000000e+00
6.289876699447632946e-01 -5.870996117591856800e-01 3.129966557025909424e-02 1.000000000000000000e+00
7.207517027854920544e-01 -5.881006121635435901e-01 3.113922849297523499e-02 1.000000000000000000e+00
7.890697717666627087e-01 -5.774656534194945179e-01 3.103609383106231689e-02 1.000000000000000000e+00
-6.327714920043944202e-01 -7.743189930915833630e-01 3.447006270289421082e-02 1.000000000000000000e+00
-5.743761658668516956e-01 -7.638554573059083141e-01 5.838615074753761292e-02 1.000000000000000000e+00
-4.828119874000548206e-01 -7.494414448738099255e-01 7.341793179512023926e-02 1.000000000000000000e+00
-3.953276872634886585e-01 -7.334744334220887341e-01 8.651882410049438477e-02 1.000000000000000000e+00
-3.117440938949583851e-01 -7.144839763641358532e-01 1.137374788522720337e-01 1.000000000000000000e+00
-2.284230440855024857e-01 -6.869091391563415527e-01 1.323865205049514771e-01 1.000000000000000000e+00
-1.474025696516035877e-01 -6.528654694557189941e-01 1.299852132797241211e-01 1.000000000000000000e+00
-1.097904890775679432e-01 -5.826725363731384277e-01 8.457145094871520996e-02 1.000000000000000000e+00
-1.144230812788008811e-01 -4.844543039798736572e-01 6.617529690265655518e-02 1.000000000000000000e+00
-1.170040071010588906e-01 -3.986109495162963867e-01 6.959173083305358887e-02 0.000000000000000000e+00
-7.250820100307457661e-02 -3.678519427776336670e-01 3.686718642711639404e-02 0.000000000000000000e+00
1.226344704627998008e-02 -3.982462584972381592e-01 3.404483571648597717e-02 0.000000000000000000e+00
9.934137761592873317e-02 -4.370621144771575928e-01 3.505494445562362671e-02 0.000000000000000000e+00
1.789374351501465676e-01 -4.655157327651976984e-01 3.731773048639297485e-02 1.000000000000000000e+00
2.646539211273194470e-01 -4.848993718624114435e-01 3.754588589072227478e-02 1.000000000000000000e+00
3.507214188575745739e-01 -4.947739243507384699e-01 3.391672670841217041e-02 1.000000000000000000e+00
4.430119991302491345e-01 -4.991492927074431818e-01 3.179095312952995300e-02 1.000000000000000000e+00
5.379876494407654919e-01 -4.990142285823820911e-01 3.152831643819808960e-02 1.000000000000000000e+00
6.337651610374451794e-01 -5.022091269493101917e-01 3.134258463978767395e-02 1.000000000000000000e+00
7.269358038902283825e-01 -5.024033188819884144e-01 3.125149384140968323e-02 1.000000000000000000e+00
7.947199940681458630e-01 -4.974345266818998579e-01 3.109354898333549500e-02 1.000000000000000000e+00
-6.333922147750853382e-01 -6.853049397468568005e-01 3.739201277494430542e-02 1.000000000000000000e+00
-5.883383750915526234e-01 -6.706303954124451794e-01 6.992274522781372070e-02 1.000000000000000000e+00
-4.948164224624632679e-01 -6.587100028991700329e-01 8.279216289520263672e-02 1.000000000000000000e+00
-4.057797193527220569e-01 -6.439782977104188122e-01 9.083086252212524414e-02 1.000000000000000000e+00
-3.249331712722777210e-01 -6.288374662399293102e-01 1.222347021102905273e-01 1.000000000000000000e+00
-2.505596876144408069e-01 -6.059975028038024902e-01 1.617217063903808594e-01 1.000000000000000000e+00
-1.698388904333113514e-01 -5.804575681686401367e-01 1.859094649553298950e-01 1.000000000000000000e+00
-7.891151309013356985e-02 -5.480659604072570801e-01 1.741158515214920044e-01 1.000000000000000000e+00
-4.269966483116140882e-02 -4.850148558616638184e-01 1.362067312002182007e-01 1.000000000000000000e+00
-4.074802994728081440e-02 -3.946048617362976074e-01 1.292380541563034058e-01 1.000000000000000000e+00
-2.226386964321130230e-02 -3.331495523452758789e-01 1.109381467103958130e-01 0.000000000000000000e+00
4.091048985719687031e-02 -3.236400187015533447e-01 7.118809223175048828e-02 0.000000000000000000e+00
1.200053170323372581e-01 -3.443776667118072510e-01 6.007954105734825134e-02 0.000000000000000000e+00
1.958268433809280951e-01 -3.733386099338530939e-01 7.316638529300689697e-02 1.000000000000000000e+00
2.766236066818237860e-01 -3.944936990737914484e-01 6.887604296207427979e-02 1.000000000000000000e+00
3.563002943992615301e-01 -4.030598402023314875e-01 4.687443003058433533e-02 1.000000000000000000e+00
4.438315629959107000e-01 -4.003222882747649591e-01 3.416797891259193420e-02 1.000000000000000000e+00
5.352853536605836071e-01 -3.989906311035155140e-01 3.175167366862297058e-02 1.000000000000000000e+00
6.299902796745301403e-01 -3.986883461475371204e-01 3.154039382934570312e-02 1.000000000000000000e+00
7.261863946914673962e-01 -3.973879814147948109e-01 3.133553639054298401e-02 1.000000000000000000e+00
7.939203381538392224e-01 -3.918023705482481245e-01 3.117322549223899841e-02 1.000000000000000000e+00
-6.253972053527830921e-01 -5.824322104454041638e-01 3.839161992073059082e-02 1.000000000000000000e+00
-5.980430841445921741e-01 -5.745208859443665661e-01 7.899530231952667236e-02 1.000000000000000000e+00
-5.060660243034361683e-01 -5.610942244529725231e-01 7.670599222183227539e-02 1.000000000000000000e+00
-4.122014045715330921e-01 -5.462451577186585583e-01 7.416030764579772949e-02 1.000000000000000000e+00
-3.295469284057616077e-01 -5.294821262359620251e-01 1.043101549148559570e-01 1.000000000000000000e+00
-2.578603625297545276e-01 -5.080354213714599609e-01 1.479604095220565796e-01 1.000000000000000000e+00
-1.919368356466292502e-01 -4.832883775234222967e-01 1.938266754150390625e-01 1.000000000000000000e+00
-1.061437129974364402e-01 -4.644253551959991455e-01 2.233879864215850830e-01 1.000000000000000000e+00
-1.855902373790732987e-02 -4.398671388626098633e-01 2.168283462524414062e-01 1.000000000000000000e+00
1.690093427896506573e-02 -3.817610144615173340e-01 1.904387921094894409e-01 1.000000000000000000e+00
3.931292146444326230e-02 -3.201949000358581543e-01 1.656859517097473145e-01 0.000000000000000000e+00
8.768219500780111142e-02 -2.915620803833007812e-01 1.393558233976364136e-01 0.000000000000000000e+00
1.527580916881561834e-01 -2.869827747344970148e-01 1.185674667358398438e-01 0.000000000000000000e+00
2.241038978099823553e-01 -2.999066114425658625e-01 1.193437278270721436e-01 0.000000000000000000e+00
2.989072799682617743e-01 -3.224250078201293390e-01 1.164217591285705566e-01 1.000000000000000000e+00
3.735375404357910711e-01 -3.277821838855742853e-01 9.047155082225799561e-02 1.000000000000000000e+00
4.516896009445190985e-01 -3.225314617156981867e-01 5.681278556585311890e-02 1.000000000000000000e+00
5.312016010284424938e-01 -3.072490394115446888e-01 3.366309031844139099e-02 1.000000000000000000e+00
6.212271451950073242e-01 -2.983516454696654163e-01 3.172729536890983582e-02 1.000000000000000000e+00
7.163485288619995117e-01 -2.936070561408995472e-01 3.146854043006896973e-02 1.000000000000000000e+00
7.851526737213134766e-01 -2.914566993713377241e-01 3.121942654252052307e-02 1.000000000000000000e+00
-6.190485358238219105e-01 -4.826627969741822399e-01 3.847422450780868530e-02 1.000000000000000000e+00
-6.050848364830015980e-01 -4.803060889244080700e-01 8.087557554244995117e-02 1.000000000000000000e+00
-5.157466530799864612e-01 -4.671113491058350720e-01 7.807935774326324463e-02 1.000000000000000000e+00
-4.192265868186949573e-01 -4.543466866016388495e-01 5.112846195697784424e-02 1.000000000000000000e+00
-3.322801589965819757e-01 -4.369110167026520331e-01 6.960520148277282715e-02 1.000000000000000000e+00
-2.538009285926818293e-01 -4.161051511764526922e-01 1.059664338827133179e-01 1.000000000000000000e+00
-1.867984384298323752e-01 -3.907110095024109442e-01 1.691166162490844727e-01 1.000000000000000000e+00
-1.280880123376845758e-01 -3.671927154064178467e-01 2.209622561931610107e-01 1.000000000000000000e+00
-5.301600694656365825e-02 -3.537558317184448242e-01 2.559198737144470215e-01 1.000000000000000000e+00
3.056702762842184590e-02 -3.309456110000610352e-01 2.571511864662170410e-01 1.000000000000000000e+00
8.403955399990087338e-02 -2.926053404808044434e-01 2.299179881811141968e-01 1.000000000000000000e+00
1.325537115335465033e-01 -2.603670954704284668e-01 2.055876553058624268e-01 1.000000000000000000e+00
1.983764618635178167e-01 -2.561065256595611017e-01 1.925921738147735596e-01 1.000000000000000000e+00
2.615657448768616278e-01 -2.572533190250396173e-01 1.902126073837280273e-01 1.000000000000000000e+00
3.357369899749756414e-01 -2.784594297409057062e-01 1.881038099527359009e-01 1.000000000000000000e+00
4.073810577392578680e-01 -2.703515887260436457e-01 1.510721296072006226e-01 1.000000000000000000e+00
4.705247282981873114e-01 -2.552726566791533314e-01 9.886203706264495850e-02 0.000000000000000000e+00
5.279425382614135742e-01 -2.319311946630477073e-01 4.973888397216796875e-02 0.000000000000000000e+00
6.075782179832458496e-01 -2.084880918264387928e-01 3.266478702425956726e-02 0.000000000000000000e+00
6.977114081382751465e-01 -1.971864104270933671e-01 3.164586797356605530e-02 1.000000000000000000e+00
7.637720108032226562e-01 -1.948588639497755570e-01 3.130728006362915039e-02 1.000000000000000000e+00
-6.081544756889342151e-01 -3.917984962463380016e-01 3.871277347207069397e-02 1.000000000000000000e+00
-6.071665287017821155e-01 -3.844057023525239147e-01 7.799500226974487305e-02 1.000000000000000000e+00
-5.253652930259703480e-01 -3.722305297851563610e-01 8.080738782882690430e-02 1.000000000000000000e+00
-4.275879859924315851e-01 -3.611883819103241522e-01 3.871883824467658997e-02 1.000000000000000000e+00
-3.380194306373595636e-01 -3.475397825241089422e-01 3.860792517662048340e-02 1.000000000000000000e+00
-2.543069720268248957e-01 -3.290213644504547674e-01 5.965783074498176575e-02 1.000000000000000000e+00
-1.770830601453780573e-01 -3.094554245471954901e-01 1.123301982879638672e-01 1.000000000000000000e+00
-1.179605722427367609e-01 -2.818098366260528564e-01 1.916786879301071167e-01 1.000000000000000000e+00
-6.388185918331142077e-02 -2.578460574150085449e-01 2.464155852794647217e-01 1.000000000000000000e+00
5.688756704330487704e-03 -2.372597455978393555e-01 2.793338894844055176e-01 1.000000000000000000e+00
8.175459504127506605e-02 -2.264204621315002164e-01 2.893465161323547363e-01 1.000000000000000000e+00
1.553412377834320346e-01 -2.087902873754501065e-01 2.750786542892456055e-01 1.000000000000000000e+00
2.258716672658920566e-01 -2.071170359849929532e-01 2.685659229755401611e-01 1.000000000000000000e+00
2.959899008274078924e-01 -2.154650688171386164e-01 2.620699703693389893e-01 1.000000000000000000e+00
3.760550022125244696e-01 -2.372333109378814142e-01 2.576864361763000488e-01 1.000000000000000000e+00
4.558987617492676336e-01 -2.361638098955153586e-01 2.283892184495925903e-01 1.000000000000000000e+00
5.121825933456420898e-01 -2.017317116260527732e-01 1.653834432363510132e-01 1.000000000000000000e+00
5.392513871192932129e-01 -1.624839752912520252e-01 8.894740045070648193e-02 0.000000000000000000e+00
5.913307070732116699e-01 -1.314567029476164661e-01 3.844963014125823975e-02 0.000000000000000000e+00
6.697579622268676758e-01 -1.092305257916449251e-01 3.179917484521865845e-02 0.000000000000000000e+00
7.310764193534851074e-01 -9.633186459541306923e-02 3.139058127999305725e-02 1.000000000000000000e+00
-6.144244670867919922e-01 -2.983427345752717175e-01 3.801070526242256165e-02 1.000000000000000000e+00
-6.112678647041320801e-01 -2.911641299724579968e-01 6.901773810386657715e-02 1.000000000000000000e+00
-5.369121432304382324e-01 -2.778238952159882702e-01 7.483378052711486816e-02 1.000000000000000000e+00
-4.390569925308226984e-01 -2.670366168022156317e-01 3.692819178104400635e-02 1.000000000000000000e+00
-3.462300300598143976e-01 -2.508876025676727850e-01 3.502108156681060791e-02 1.000000000000000000e+00
-2.548222541809081476e-01 -2.375631630420685370e-01 3.824060410261154175e-02 1.000000000000000000e+00
-1.706684976816177091e-01 -2.235528528690338412e-01 6.601040065288543701e-02 1.000000000000000000e+00
-9.580416977405543932e-02 -2.040269523859024325e-01 1.298270970582962036e-01 1.000000000000000000e+00
-3.528381884098049509e-02 -1.738435178995132446e-01 1.987066566944122314e-01 1.000000000000000000e+00
1.722512394189837370e-02 -1.462170630693435669e-01 2.479255199432373047e-01 1.000000000000000000e+00
8.250266313552859221e-02 -1.398313343524932584e-01 2.788464725017547607e-01 1.000000000000000000e+00
1.543003916740417758e-01 -1.341087371110915860e-01 2.998681068420410156e-01 1.000000000000000000e+00
2.328227907419204989e-01 -1.341775804758071344e-01 3.156997859477996826e-01 1.000000000000000000e+00
3.181782960891724188e-01 -1.543233841657637995e-01 3.214559257030487061e-01 1.000000000000000000e+00
4.118969440460205633e-01 -1.710935682058333518e-01 3.135399222373962402e-01 1.000000000000000000e+00
4.988628029823303778e-01 -1.737737506628035666e-01 2.876049876213073730e-01 1.000000000000000000e+00
5.581516623497009277e-01 -1.491691172122954212e-01 2.353894114494323730e-01 1.000000000000000000e+00
5.747764706611633301e-01 -1.047122403979300342e-01 1.456549018621444702e-01 1.000000000000000000e+00
5.747925639152526855e-01 -5.397293716669072233e-02 5.813064798712730408e-02 0.000000000000000000e+00
6.334349513053894043e-01 -2.856921032071101790e-02 3.204442188143730164e-02 0.000000000000000000e+00
6.929287314414978027e-01 -8.364070206880442823e-03 3.140950947999954224e-02 0.000000000000000000e+00
-6.445457339286804199e-01 -2.026704698801041760e-01 3.606250509619712830e-02 1.000000000000000000e+00
-6.218534708023071289e-01 -1.937566548585892834e-01 5.434823408722877502e-02 1.000000000000000000e+00
-5.486128330230712891e-01 -1.823981404304505505e-01 6.473535299301147461e-02 1.000000000000000000e+00
-4.583148360252379816e-01 -1.703811883926392434e-01 3.706666454672813416e-02 1.000000000000000000e+00
-3.615941405296325128e-01 -1.551117300987244207e-01 3.402541577816009521e-02 1.000000000000000000e+00
-2.620268464088439941e-01 -1.437380760908127386e-01 3.518150001764297485e-02 1.000000000000000000e+00
-1.713706254959106168e-01 -1.313084363937378207e-01 3.832256793975830078e-02 1.000000000000000000e+00
-8.593976497650143709e-02 -1.171043887734413286e-01 6.765589118003845215e-02 1.000000000000000000e+00
-2.497427165508252049e-03 -9.999273717403411865e-02 1.245559751987457275e-01 1.000000000000000000e+00
6.194117665290833907e-02 -7.924914360046385331e-02 1.891855299472808838e-01 1.000000000000000000e+00
1.205393075942993303e-01 -6.372187286615368929e-02 2.361275553703308105e-01 1.000000000000000000e+00
1.757260262966156006e-01 -5.627687275409695017e-02 2.816554009914398193e-01 1.000000000000000000e+00
2.434805631637573242e-01 -5.586533248424525866e-02 3.216800987720489502e-01 1.000000000000000000e+00
3.292728662490844727e-01 -7.171814888715738467e-02 3.534473180770874023e-01 1.000000000000000000e+00
4.345266222953796387e-01 -9.011361002922049779e-02 3.620963096618652344e-01 1.000000000000000000e+00
5.310651659965515137e-01 -9.171780198812475027e-02 3.336356282234191895e-01 1.000000000000000000e+00
5.935666561126708984e-01 -6.995409727096546515e-02 2.758944034576416016e-01 1.000000000000000000e+00
5.914359688758850098e-01 -3.033655323088158343e-02 1.773185133934020996e-01 1.000000000000000000e+00
5.620360374450683594e-01 1.854783110320578493e-02 8.694478869438171387e-02 0.000000000000000000e+00
5.895860791206359863e-01 5.105902254581462518e-02 3.417774662375450134e-02 0.000000000000000000e+00
6.568851470947265625e-01 6.840029358863843056e-02 3.152605146169662476e-02 0.000000000000000000e+00
-6.712719202041625977e-01 -1.035422161221505460e-01 3.307687118649482727e-02 1.000000000000000000e+00
-6.307555437088012695e-01 -9.806004166603099481e-02 3.981871157884597778e-02 1.000000000000000000e+00
-5.606039762496948242e-01 -8.442398905754099070e-02 4.672896489500999451e-02 1.000000000000000000e+00
-4.711846709251403809e-01 -7.393194735050209743e-02 3.615564480423927307e-02 1.000000000000000000e+00
-3.760814070701599121e-01 -6.113729625940329815e-02 3.394327312707901001e-02 1.000000000000000000e+00
-2.782815098762512207e-01 -4.777990281581883519e-02 3.542404994368553162e-02 1.000000000000000000e+00
-1.836106032133102417e-01 -3.627835959196094168e-02 3.835202381014823914e-02 1.000000000000000000e+00
-9.214757382869720459e-02 -2.178999967873098201e-02 5.425968393683433533e-02 1.000000000000000000e+00
1.396805047988893336e-03 -9.401896968483924866e-03 7.765562832355499268e-02 1.000000000000000000e+00
8.880053460597991943e-02 -1.701565459370596835e-03 1.188396662473678589e-01 1.000000000000000000e+00
1.614646613597869873e-01 5.483640357852011607e-03 1.773063391447067261e-01 1.000000000000000000e+00
2.130793184041976929e-01 1.285410486161712822e-02 2.492438852787017822e-01 1.000000000000000000e+00
2.601256966590881348e-01 1.726591400802140325e-02 3.134472966194152832e-01 1.000000000000000000e+00
3.368215560913085938e-01 1.163805834949022816e-02 3.592133820056915283e-01 1.000000000000000000e+00
4.441546201705932617e-01 -1.487346366047777660e-03 3.919081091880798340e-01 1.000000000000000000e+00
5.504168868064880371e-01 -3.221722319722074551e-03 3.713833093643188477e-01 1.000000000000000000e+00
6.239788532257080078e-01 1.791852526366722112e-02 3.101001679897308350e-01 1.000000000000000000e+00
6.198446154594421387e-01 5.052992701530467645e-02 2.091750353574752808e-01 1.000000000000000000e+00
5.723186731338500977e-01 9.771375358104716913e-02 1.254447400569915771e-01 0.000000000000000000e+00
5.671626329421997070e-01 1.328865587711335339e-01 3.965063765645027161e-02 0.000000000000000000e+00
6.270673274993896484e-01 1.372130066156388439e-01 3.164105117321014404e-02 0.000000000000000000e+00
-7.035418748855590820e-01 -1.711820811033261738e-02 3.216571360826492310e-02 1.000000000000000000e+00
-6.494478583335876465e-01 -8.308138698339581976e-03 3.645766526460647583e-02 1.000000000000000000e+00
-5.719121098518371582e-01 8.657997474074257890e-03 3.834890946745872498e-02 1.000000000000000000e+00
-4.813445210456848145e-01 2.229269780218592553e-02 3.705761209130287170e-02 1.000000000000000000e+00
-3.912630677223205566e-01 3.562121093273155903e-02 3.846799954771995544e-02 1.000000000000000000e+00
-2.972981333732604980e-01 4.724849015474313907e-02 4.939998313784599304e-02 1.000000000000000000e+00
-1.995780616998672485e-01 5.669981241226192820e-02 6.561143696308135986e-02 1.000000000000000000e+00
-1.032545864582061906e-01 6.879479438066481156e-02 7.929526269435882568e-02 1.000000000000000000e+00
-1.110547780990601974e-02 7.854938507080078125e-02 9.976460039615631104e-02 1.000000000000000000e+00
7.766338437795637650e-02 8.354476094245912032e-02 1.251738369464874268e-01 1.000000000000000000e+00
1.620010435581206998e-01 8.376654982566836272e-02 1.663643717765808105e-01 1.000000000000000000e+00
2.310095727443694791e-01 8.279830217361454359e-02 2.292313873767852783e-01 1.000000000000000000e+00
2.841112315654754639e-01 8.849850296974187680e-02 2.989616096019744873e-01 1.000000000000000000e+00
3.469284772872924805e-01 9.038141369819648052e-02 3.604773879051208496e-01 1.000000000000000000e+00
4.468955993652343750e-01 8.702003955841072780e-02 4.022870659828186035e-01 1.000000000000000000e+00
5.623095631599426270e-01 8.969520032405862986e-02 3.964625597000122070e-01 1.000000000000000000e+00
6.470315456390380859e-01 1.073986291885377226e-01 3.404828906059265137e-01 1.000000000000000000e+00
6.586756706237792969e-01 1.367446333169938244e-01 2.464125901460647583e-01 1.000000000000000000e+00
6.176429390907287598e-01 1.713834553956986584e-01 1.507847905158996582e-01 0.000000000000000000e+00
5.982215404510498047e-01 2.126446217298508801e-01 6.539677083492279053e-02 0.000000000000000000e+00
6.242929100990295410e-01 2.088290154933930554e-01 3.189990669488906860e-02 0.000000000000000000e+00
-7.282941937446594238e-01 6.635655462741837929e-02 3.209010139107704163e-02 1.000000000000000000e+00
-6.724666357040405273e-01 7.909192144870745567e-02 3.688620403409004211e-02 1.000000000000000000e+00
-5.906786322593688965e-01 9.847408533096302374e-02 4.465164616703987122e-02 1.000000000000000000e+00
-5.001696944236755371e-01 1.137387156486510259e-01 6.119519099593162537e-02 1.000000000000000000e+00
-4.075807332992553711e-01 1.227836161851882241e-01 8.219821751117706299e-02 1.000000000000000000e+00
-3.120546936988830566e-01 1.281917393207549494e-01 1.040799766778945923e-01 1.000000000000000000e+00
-2.194759100675583163e-01 1.338191479444503507e-01 1.272522360086441040e-01 1.000000000000000000e+00
-1.270785182714462558e-01 1.404168605804443082e-01 1.457121223211288452e-01 1.000000000000000000e+00
-3.569814562797549162e-02 1.468807905912399292e-01 1.641640514135360718e-01 1.000000000000000000e+00
5.047169327735898103e-02 1.539553552865982056e-01 1.875643134117126465e-01 1.000000000000000000e+00
1.375598311424255094e-01 1.560089737176895419e-01 2.182381898164749146e-01 1.000000000000000000e+00
2.155624330043792447e-01 1.569024026393890658e-01 2.565964758396148682e-01 1.000000000000000000e+00
2.849618196487426203e-01 1.609969735145569403e-01 3.089239895343780518e-01 1.000000000000000000e+00
3.523779511451720636e-01 1.711104661226273138e-01 3.715241849422454834e-01 1.000000000000000000e+00
4.511445760726928156e-01 1.759417802095414041e-01 4.125693738460540771e-01 1.000000000000000000e+00
5.637183189392089844e-01 1.798185259103776135e-01 4.160749614238739014e-01 1.000000000000000000e+00
6.551426053047180176e-01 1.927037686109543957e-01 3.683803379535675049e-01 1.000000000000000000e+00
7.009877562522888184e-01 2.156574577093125777e-01 2.782143354415893555e-01 1.000000000000000000e+00
6.846230030059814453e-01 2.392795532941819625e-01 1.693171113729476929e-01 1.000000000000000000e+00
6.660796999931335449e-01 2.749679684638978161e-01 7.937757670879364014e-02 0.000000000000000000e+00
6.677978634834289551e-01 2.820085883140565075e-01 3.316236287355422974e-02 0.000000000000000000e+00
-7.584621906280517578e-01 1.602521389722822709e-01 3.269441798329353333e-02 1.000000000000000000e+00
-6.990334391593933105e-01 1.697885394096373124e-01 4.328345507383346558e-02 1.000000000000000000e+00
-6.173773407936096191e-01 1.772143691778181873e-01 8.526308834552764893e-02 1.000000000000000000e+00
-5.256753563880920410e-01 1.840729564428328635e-01 1.143085956573486328e-01 1.000000000000000000e+00
-4.273295402526856024e-01 1.863202303647994162e-01 1.422061175107955933e-01 1.000000000000000000e+00
-3.291170001029968817e-01 1.913609951734542292e-01 1.685131937265396118e-01 1.000000000000000000e+00
-2.386794835329056064e-01 1.926278173923491877e-01 1.951581686735153198e-01 1.000000000000000000e+00
-1.511734873056412021e-01 1.942643821239471158e-01 2.201333791017532349e-01 1.000000000000000000e+00
-6.236690282821658743e-02 1.992339193820953369e-01 2.441284656524658203e-01 1.000000000000000000e+00
2.502295374870296477e-02 2.069642543792724609e-01 2.670318186283111572e-01 1.000000000000000000e+00
1.111993193626403392e-01 2.143216580152511874e-01 2.937997877597808838e-01 1.000000000000000000e+00
1.927093863487243375e-01 2.216420322656631747e-01 3.229175508022308350e-01 1.000000000000000000e+00
2.698081135749816339e-01 2.334562093019486029e-01 3.565226495265960693e-01 1.000000000000000000e+00
3.497712612152099054e-01 2.508268952369690497e-01 4.001380801200866699e-01 1.000000000000000000e+00
4.536194801330565851e-01 2.573888599872590222e-01 4.259587526321411133e-01 1.000000000000000000e+00
5.602620244026184082e-01 2.707304656505585827e-01 4.235825538635253906e-01 1.000000000000000000e+00
6.567552685737609863e-01 2.884551882743836559e-01 3.835704028606414795e-01 1.000000000000000000e+00
7.263600230216978870e-01 3.043904304504395641e-01 3.048655390739440918e-01 1.000000000000000000e+00
7.547630071640013538e-01 3.111182451248170056e-01 2.025991976261138916e-01 1.000000000000000000e+00
7.476481795310973011e-01 3.357245326042176403e-01 9.180185198783874512e-02 1.000000000000000000e+00
7.499176859855650745e-01 3.464421927928925671e-01 3.556383028626441956e-02 0.000000000000000000e+00
-7.919971942901611328e-01 2.494120448827742142e-01 3.796023875474929810e-02 1.000000000000000000e+00
-7.312473058700561523e-01 2.484195381402967973e-01 7.421603798866271973e-02 1.000000000000000000e+00
-6.473191380500793457e-01 2.481428831815718494e-01 1.333544105291366577e-01 1.000000000000000000e+00
-5.523787140846252441e-01 2.417276054620741688e-01 1.834675073623657227e-01 1.000000000000000000e+00
-4.535991549491882879e-01 2.359364479780196311e-01 2.206408381462097168e-01 1.000000000000000000e+00
-3.583065867424011786e-01 2.355722039937972467e-01 2.490262985229492188e-01 1.000000000000000000e+00
-2.668461799621582586e-01 2.403444200754165094e-01 2.726921737194061279e-01 1.000000000000000000e+00
-1.789328306913376410e-01 2.481209784746169766e-01 2.923233211040496826e-01 1.000000000000000000e+00
-8.637419342994694105e-02 2.584973275661468506e-01 3.119425177574157715e-01 1.000000000000000000e+00
4.121489822864483031e-03 2.684843838214874268e-01 3.329329490661621094e-01 1.000000000000000000e+00
8.961525559425348453e-02 2.780541777610778809e-01 3.594987094402313232e-01 1.000000000000000000e+00
1.731433272361754816e-01 2.908024191856384832e-01 3.851194977760314941e-01 1.000000000000000000e+00
2.544144690036773127e-01 3.077808022499085028e-01 4.101035892963409424e-01 1.000000000000000000e+00
3.480744361877440851e-01 3.278237283229828436e-01 4.306340813636779785e-01 1.000000000000000000e+00
4.470943808555602472e-01 3.419206738471985418e-01 4.397473633289337158e-01 1.000000000000000000e+00
5.514262914657591663e-01 3.569247424602509655e-01 4.263286888599395752e-01 1.000000000000000000e+00
6.508885025978087269e-01 3.781873285770417370e-01 3.854949176311492920e-01 1.000000000000000000e+00
7.286433577537535511e-01 3.925627171993256725e-01 3.145784437656402588e-01 1.000000000000000000e+00
7.792665958404539905e-01 3.979041278362275835e-01 2.222810983657836914e-01 1.000000000000000000e+00
8.045923709869383655e-01 4.025019109249116656e-01 1.110383421182632446e-01 1.000000000000000000e+00
7.939798831939696155e-01 4.136648178100587603e-01 3.784329444169998169e-02 0.000000000000000000e+00
-8.051850199699402966e-01 3.353196382522581342e-01 4.167786240577697754e-02 1.000000000000000000e+00
-7.528208494186402477e-01 3.293292224407194935e-01 1.120698302984237671e-01 1.000000000000000000e+00
-6.742107272148133434e-01 3.225818276405333362e-01 1.817807555198669434e-01 1.000000000000000000e+00
-5.842246413230897106e-01 3.160338401794432484e-01 2.350693494081497192e-01 1.000000000000000000e+00
-4.903294444084168036e-01 3.126200139522551380e-01 2.774907648563385010e-01 1.000000000000000000e+00
-3.970867395401001532e-01 3.096250593662261408e-01 3.093656301498413086e-01 1.000000000000000000e+00
-3.052014708518982489e-01 3.148421347141265314e-01 3.317849934101104736e-01 1.000000000000000000e+00
-2.101788371801376898e-01 3.246090114116668146e-01 3.440358340740203857e-01 1.000000000000000000e+00
-1.155709922313690741e-01 3.385836780071258545e-01 3.579024076461791992e-01 1.000000000000000000e+00
-2.144175022840506470e-02 3.549087047576904297e-01 3.719144165515899658e-01 1.000000000000000000e+00
6.962130218744271015e-02 3.669396936893463135e-01 3.890941739082336426e-01 1.000000000000000000e+00
1.578360497951506736e-01 3.784512877464294989e-01 4.042589664459228516e-01 1.000000000000000000e+00
2.445662170648573996e-01 3.923739194869995672e-01 4.140622913837432861e-01 1.000000000000000000e+00
3.405770063400268000e-01 4.100970327854157049e-01 4.153858721256256104e-01 1.000000000000000000e+00
4.373431205749511164e-01 4.248188436031342108e-01 4.100310504436492920e-01 1.000000000000000000e+00
5.330203771591185413e-01 4.397295713424683727e-01 3.917736113071441650e-01 1.000000000000000000e+00
6.223817467689513050e-01 4.565274417400361218e-01 3.493803143501281738e-01 1.000000000000000000e+00
6.978837251663206898e-01 4.710926115512849011e-01 2.863131165504455566e-01 1.000000000000000000e+00
7.570707798004149280e-01 4.874610602855684038e-01 2.048029005527496338e-01 1.000000000000000000e+00
7.826358675956724964e-01 4.962831437587739702e-01 1.066967695951461792e-01 1.000000000000000000e+00
7.800479531288145862e-01 4.984775483608247515e-01 4.102636873722076416e-02 0.000000000000000000e+00
-7.965617179870606579e-01 4.312137961387632612e-01 4.366534203290939331e-02 1.000000000000000000e+00
-7.476844787597657360e-01 4.258124828338621937e-01 1.194112449884414673e-01 1.000000000000000000e+00
-6.777311563491822399e-01 4.208908081054686390e-01 1.853180974721908569e-01 1.000000000000000000e+00
-5.900659561157227673e-01 4.110610485076903187e-01 2.327259927988052368e-01 1.000000000000000000e+00
-5.004404783248902477e-01 4.058841466903685413e-01 2.710683643817901611e-01 1.000000000000000000e+00
-4.093375205993652899e-01 4.063592851161956232e-01 2.977208197116851807e-01 1.000000000000000000e+00
-3.199512958526611883e-01 4.151493310928344171e-01 3.132686316967010498e-01 1.000000000000000000e+00
-2.222003191709519265e-01 4.240664541721343439e-01 3.202918171882629395e-01 1.000000000000000000e+00
-1.245540678501129983e-01 4.332655966281890869e-01 3.233682811260223389e-01 1.000000000000000000e+00
-3.161622583866127711e-02 4.429160952568054199e-01 3.221895396709442139e-01 1.000000000000000000e+00
5.922053381800643224e-02 4.439232647418975830e-01 3.245069682598114014e-01 1.000000000000000000e+00
1.531664133071898581e-01 4.399519562721252997e-01 3.290438950061798096e-01 1.000000000000000000e+00
2.415039241313933494e-01 4.364891052246094305e-01 3.294929862022399902e-01 1.000000000000000000e+00
3.323163986206054132e-01 4.312460124492645819e-01 3.199483752250671387e-01 1.000000000000000000e+00
4.209972620010375421e-01 4.257181882858276922e-01 3.105427622795104980e-01 1.000000000000000000e+00
5.035050511360167347e-01 4.308867156505585827e-01 2.947331964969635010e-01 1.000000000000000000e+00
5.753135085105894886e-01 4.372215270996094860e-01 2.661817073822021484e-01 0.000000000000000000e+00
6.359013319015501819e-01 4.640984833240510143e-01 2.241758406162261963e-01 0.000000000000000000e+00
6.740366816520689808e-01 5.107286572456360974e-01 1.680945605039596558e-01 0.000000000000000000e+00
6.955987811088560901e-01 5.419295430183411755e-01 9.046040475368499756e-02 0.000000000000000000e+00
6.967864036560057484e-01 5.470843911170960583e-01 3.909742087125778198e-02 0.000000000000000000e+00
-7.532415390014649548e-01 5.323120951652525745e-01 3.783095255494117737e-02 1.000000000000000000e+00
-7.047294378280640759e-01 5.144203901290892444e-01 8.339485526084899902e-02 1.000000000000000000e+00
-6.378045082092286266e-01 4.926149547100066028e-01 1.292869895696640015e-01 1.000000000000000000e+00
-5.604389309883118786e-01 4.656553268432616077e-01 1.621493250131607056e-01 1.000000000000000000e+00
-4.742085933685303289e-01 4.446990787982939564e-01 1.907067894935607910e-01 1.000000000000000000e+00
-3.921772837638855536e-01 4.346512258052825373e-01 2.113024443387985229e-01 1.000000000000000000e+00
-3.078134655952454168e-01 4.344901144504546564e-01 2.194120138883590698e-01 1.000000000000000000e+00
-2.137339562177658914e-01 4.376204609870910089e-01 2.212564796209335327e-01 1.000000000000000000e+00
-1.207207143306733010e-01 4.374901950359344482e-01 2.208190560340881348e-01 1.000000000000000000e+00
-2.955716848373421066e-02 4.374267756938934326e-01 2.188273668289184570e-01 1.000000000000000000e+00
6.333544850349417943e-02 4.271178841590881348e-01 2.242632806301116943e-01 1.000000000000000000e+00
1.544861197471617820e-01 4.098845124244690497e-01 2.397049665451049805e-01 1.000000000000000000e+00
2.389988601207732322e-01 3.885510563850403387e-01 2.520855069160461426e-01 0.000000000000000000e+00
3.267375826835631769e-01 3.682356178760529120e-01 2.599792778491973877e-01 0.000000000000000000e+00
4.127569198608397882e-01 3.522351682186127264e-01 2.550930678844451904e-01 0.000000000000000000e+00
4.909763932228087824e-01 3.422198891639710583e-01 2.365362793207168579e-01 0.000000000000000000e+00
5.625472664833067737e-01 3.559896647930146374e-01 2.024128139019012451e-01 0.000000000000000000e+00
6.019700169563292347e-01 3.997140824794770397e-01 1.551691442728042603e-01 0.000000000000000000e+00
5.981585979461668812e-01 4.691342711448670544e-01 1.114650815725326538e-01 0.000000000000000000e+00
6.130828857421873890e-01 5.347914099693299450e-01 6.447327136993408203e-02 0.000000000000000000e+00
6.161326766014098011e-01 5.589089393615723766e-01 3.494318947196006775e-02 0.000000000000000000e+00
-6.827297806739808239e-01 6.131704449653624378e-01 3.169579058885574341e-02 1.000000000000000000e+00
-6.397219896316529431e-01 5.672698616981505237e-01 3.472235426306724548e-02 1.000000000000000000e+00
-5.869332551956177868e-01 5.077978372573851429e-01 4.112440347671508789e-02 0.000000000000000000e+00
-5.342530608177186169e-01 4.367002844810484730e-01 6.583301723003387451e-02 1.000000000000000000e+00
-4.673491120338440497e-01 3.842724263668059193e-01 1.017223596572875977e-01 0.000000000000000000e+00
-3.835822939872742254e-01 3.563683331012725275e-01 1.354109495878219604e-01 0.000000000000000000e+00
-2.953509688377380926e-01 3.526734709739684503e-01 1.626451313495635986e-01 0.000000000000000000e+00
-2.069839984178543646e-01 3.581084907054900568e-01 1.740263849496841431e-01 0.000000000000000000e+00
-1.207119822502136924e-01 3.539201021194458008e-01 1.671349257230758667e-01 0.000000000000000000e+00
-3.597820550203329609e-02 3.475907742977142334e-01 1.583337634801864624e-01 0.000000000000000000e+00
5.481331795454019024e-02 3.488040566444396973e-01 1.668743193149566650e-01 0.000000000000000000e+00
1.456309705972670954e-01 3.323482871055603027e-01 1.877995878458023071e-01 0.000000000000000000e+00
2.274057269096373957e-01 3.103068172931671698e-01 2.140419632196426392e-01 0.000000000000000000e+00
3.117964267730712336e-01 2.856514453887940008e-01 2.354125678539276123e-01 0.000000000000000000e+00
3.917743563652038019e-01 2.580640316009522039e-01 2.260410934686660767e-01 0.000000000000000000e+00
4.707551002502440851e-01 2.497096210718155740e-01 1.951172798871994019e-01 0.000000000000000000e+00
5.320873260498046875e-01 2.737358510494233288e-01 1.453690677881240845e-01 0.000000000000000000e+00
5.432699322700499378e-01 3.363092541694642224e-01 8.014538884162902832e-02 0.000000000000000000e+00
5.282301306724547230e-01 4.192462563514710583e-01 4.458217322826385498e-02 0.000000000000000000e+00
5.234770178794859730e-01 5.033103823661805309e-01 3.698394447565078735e-02 0.000000000000000000e+00
5.303347110748289905e-01 5.557286143302918591e-01 3.225279971957206726e-02 1.000000000000000000e+00
-6.066098809242249645e-01 6.762499213218687855e-01 3.141678869724273682e-02 1.000000000000000000e+00
-5.590506196022034802e-01 6.206908822059630237e-01 3.149982914328575134e-02 1.000000000000000000e+00
-5.099421143531800427e-01 5.446907877922056995e-01 3.172931075096130371e-02 0.000000000000000000e+00
-4.667690992355347790e-01 4.638513624668120228e-01 3.405603766441345215e-02 0.000000000000000000e+00
-4.210532307624817450e-01 3.809371590614318293e-01 3.973894938826560974e-02 0.000000000000000000e+00
-3.694480061531067450e-01 3.164907395839690607e-01 5.685538798570632935e-02 0.000000000000000000e+00
-2.952278256416321356e-01 2.775111496448516291e-01 9.970688819885253906e-02 0.000000000000000000e+00
-2.083346992731094915e-01 2.668544948101043146e-01 1.337992250919342041e-01 0.000000000000000000e+00
-1.138295084238052923e-01 2.779426276683807373e-01 1.435834467411041260e-01 0.000000000000000000e+00
-3.257451206445698827e-02 2.722861170768737793e-01 1.346937566995620728e-01 0.000000000000000000e+00
4.612037539482111842e-02 2.644203901290893555e-01 1.283525824546813965e-01 0.000000000000000000e+00
1.305050402879714411e-01 2.562928795814514160e-01 1.418108493089675903e-01 0.000000000000000000e+00
2.105699628591536920e-01 2.342960387468338290e-01 1.780575960874557495e-01 0.000000000000000000e+00
2.924244999885558527e-01 2.000407129526138861e-01 2.013611942529678345e-01 0.000000000000000000e+00
3.701995611190795343e-01 1.705642491579056341e-01 1.891324669122695923e-01 0.000000000000000000e+00
4.366665482521056574e-01 1.738373786211014627e-01 1.411563754081726074e-01 0.000000000000000000e+00
4.710758328437804621e-01 2.162992507219315408e-01 7.911358773708343506e-02 0.000000000000000000e+00
4.600659608840941828e-01 2.924779951572419323e-01 3.908033668994903564e-02 0.000000000000000000e+00
4.363479614257811945e-01 3.841066360473633368e-01 3.496299311518669128e-02 0.000000000000000000e+00
4.254759550094603382e-01 4.658049046993256170e-01 3.222089633345603943e-02 0.000000000000000000e+00
4.409227371215819202e-01 5.229483842849732556e-01 3.195108100771903992e-02 0.000000000000000000e+00
-5.255227684974671520e-01 7.292839884757994495e-01 3.117397055029869080e-02 1.000000000000000000e+00
-4.759328365325928845e-01 6.727991104125975452e-01 3.122593089938163757e-02 1.000000000000000000e+00
-4.286432862281800427e-01 5.929245948791502796e-01 3.129048645496368408e-02 1.000000000000000000e+00
-3.797109127044678845e-01 5.104240179061888538e-01 3.160199895501136780e-02 0.000000000000000000e+00
-3.388311862945557196e-01 4.249739944934844416e-01 3.189919516444206238e-02 0.000000000000000000e+00
-2.991809844970703680e-01 3.430222868919372003e-01 3.401911258697509766e-02 0.000000000000000000e+00
-2.569267153739929754e-01 2.685334086418151300e-01 4.257817193865776062e-02 0.000000000000000000e+00
-1.912063509225845614e-01 2.253467887639999112e-01 7.937432825565338135e-02 0.000000000000000000e+00
-1.082213521003723561e-01 2.162306010723113736e-01 9.698253870010375977e-02 0.000000000000000000e+00
-3.248564898967746389e-02 2.072978615760803223e-01 9.598155319690704346e-02 0.000000000000000000e+00
3.917622938752170908e-02 1.941892355680465698e-01 8.357129991054534912e-02 0.000000000000000000e+00
1.112797930836677274e-01 1.808734983205795566e-01 9.248474240303039551e-02 0.000000000000000000e+00
1.962179839611053189e-01 1.552181243896484653e-01 1.228692382574081421e-01 0.000000000000000000e+00
2.790611386299133301e-01 1.190323084592819769e-01 1.499445289373397827e-01 0.000000000000000000e+00
3.490433096885681152e-01 1.016982346773148277e-01 1.239361912012100220e-01 0.000000000000000000e+00
3.911838531494140625e-01 1.210528165102005699e-01 7.448557019233703613e-02 0.000000000000000000e+00
3.957290649414061945e-01 1.800616830587387918e-01 4.009513929486274719e-02 0.000000000000000000e+00
3.685529828071593683e-01 2.655839025974274237e-01 3.422191739082336426e-02 0.000000000000000000e+00
3.444582819938659113e-01 3.594015240669251043e-01 3.217493742704391479e-02 0.000000000000000000e+00
3.417416214942931574e-01 4.351931810379028875e-01 3.190007805824279785e-02 0.000000000000000000e+00
3.622245788574217640e-01 4.888535439968109686e-01 3.157448396086692810e-02 0.000000000000000000e+00
-4.411847591400148150e-01 7.770190238952635609e-01 3.094871714711189270e-02 1.000000000000000000e+00
-3.962677121162415661e-01 7.205590605735777698e-01 3.096025437116622925e-02 1.000000000000000000e+00
-3.472325205802918591e-01 6.409688591957091175e-01 3.110155463218688965e-02 1.000000000000000000e+00
-2.988640666007996716e-01 5.593566894531250000e-01 3.134321793913841248e-02 1.000000000000000000e+00
-2.546755075454713024e-01 4.783546626567840021e-01 3.150516375899314880e-02 0.000000000000000000e+00
-2.153543382883072732e-01 3.928225040435790461e-01 3.180231153964996338e-02 0.000000000000000000e+00
-1.835905462503433783e-01 3.077308535575866144e-01 3.273195400834083557e-02 0.000000000000000000e+00
-1.461569070816040594e-01 2.267506569623946866e-01 3.845691680908203125e-02 0.000000000000000000e+00
-8.701577782630923186e-02 1.862164437770843228e-01 4.034708812832832336e-02 0.000000000000000000e+00
-1.983983069658282541e-02 1.686518341302871704e-01 4.008356854319572449e-02 0.000000000000000000e+00
3.586088865995404329e-02 1.432813704013824463e-01 4.006662219762802124e-02 0.000000000000000000e+00
9.690205752849576082e-02 1.212603002786636491e-01 4.418748989701271057e-02 0.000000000000000000e+00
1.824052929878234586e-01 8.323779702186587248e-02 6.396749615669250488e-02 0.000000000000000000e+00
2.568340301513671875e-01 5.313839018344884008e-02 8.273367583751678467e-02 0.000000000000000000e+00
3.116987347602844238e-01 4.718364775180822202e-02 5.693900212645530701e-02 0.000000000000000000e+00
3.328575491905212402e-01 7.921984791755681821e-02 3.881536424160003662e-02 0.000000000000000000e+00
3.006215095520018976e-01 1.539482027292252142e-01 3.377389162778854370e-02 0.000000000000000000e+00
2.642782330512999933e-01 2.447669953107834417e-01 3.211434558033943176e-02 0.000000000000000000e+00
2.527374327182769220e-01 3.383682668209076483e-01 3.178972378373146057e-02 0.000000000000000000e+00
2.606284618377684992e-01 4.177136719226837713e-01 3.163521736860275269e-02 0.000000000000000000e+00
2.779465913772581898e-01 4.701943397521973211e-01 3.122917935252189636e-02 0.000000000000000000e+00
-3.750377893447877642e-01 8.084849715232848011e-01 3.082663938403129578e-02 1.000000000000000000e+00
-3.312493562698365923e-01 7.597414851188658558e-01 3.089268505573272705e-02 1.000000000000000000e+00
-2.795761823654175915e-01 6.844944953918457031e-01 3.095214068889617920e-02 1.000000000000000000e+00
-2.322420626878739514e-01 6.038025021553039551e-01 3.103733435273170471e-02 1.000000000000000000e+00
-1.864134818315506814e-01 5.246301889419555664e-01 3.115867078304290771e-02 0.000000000000000000e+00
-1.477755457162857888e-01 4.387855529785156250e-01 3.141494467854499817e-02 0.000000000000000000e+00
-1.198699772357941368e-01 3.441391885280609131e-01 3.160571679472923279e-02 0.000000000000000000e+00
-9.797148406505588880e-02 2.393058687448501309e-01 3.164925053715705872e-02 0.000000000000000000e+00
-6.006063520908359182e-02 1.753736585378646851e-01 3.261263668537139893e-02 0.000000000000000000e+00
-5.898870527744320101e-03 1.470149308443069458e-01 3.263840824365615845e-02 0.000000000000000000e+00
4.427801072597501580e-02 1.269078403711318970e-01 3.312786668539047241e-02 0.000000000000000000e+00
9.650829434394835038e-02 7.878794521093369918e-02 3.380754962563514709e-02 0.000000000000000000e+00
1.720704883337020874e-01 3.325459361076358450e-02 3.710735961794853210e-02 0.000000000000000000e+00
2.397424280643463135e-01 2.992747351527258286e-03 4.340947419404983521e-02 0.000000000000000000e+00
2.797459363937377930e-01 2.813769504427961025e-03 3.709030896425247192e-02 0.000000000000000000e+00
2.584525346755981445e-01 4.788491874933247655e-02 3.298846259713172913e-02 0.000000000000000000e+00
2.070908695459365567e-01 1.275189816951751987e-01 3.175402060151100159e-02 0.000000000000000000e+00
1.765975803136825284e-01 2.229541689157486239e-01 3.146312013268470764e-02 0.000000000000000000e+00
1.712603867053985041e-01 3.147416710853577215e-01 3.138328716158866882e-02 0.000000000000000000e+00
1.766754090785979392e-01 4.036930203437805731e-01 3.126528859138488770e-02 0.000000000000000000e+00
2.020745277404784324e-01 4.498496353626251776e-01 3.091987967491149902e-02 0.000000000000000000e+00
