1.355510205030441839e-01 -7.944265604019165039e-01 3.143018111586570740e-02 1.000000000000000000e+00
1.654902994632721502e-01 -7.312094569206237793e-01 3.177567571401596069e-02 1.000000000000000000e+00
1.855576783418655673e-01 -6.364473700523376465e-01 3.170756623148918152e-02 0.000000000000000000e+00
2.013591378927231113e-01 -5.394864082336425781e-01 3.163986280560493469e-02 1.000000000000000000e+00
2.179198712110519687e-01 -4.497571885585784912e-01 3.163322433829307556e-02 0.000000000000000000e+00
2.372441440820694247e-01 -3.617278337478637695e-01 3.165459632873535156e-02 0.000000000000000000e+00
2.473232895135879794e-01 -2.771089673042297363e-01 3.186056017875671387e-02 0.000000000000000000e+00
2.561556696891784668e-01 -1.879726648330688199e-01 3.291603922843933105e-02 0.000000000000000000e+00
2.726213335990905762e-01 -9.921553730964659257e-02 3.388232365250587463e-02 0.000000000000000000e+00
3.097716569900512695e-01 -1.888051070272920781e-02 3.526645153760910034e-02 0.000000000000000000e+00
3.557465672492980957e-01 2.767059206962587531e-02 3.683610260486602783e-02 0.000000000000000000e+00
4.043337106704711914e-01 1.530746370553972766e-02 3.985590860247612000e-02 0.000000000000000000e+00
4.331649541854858398e-01 -6.197688728570935335e-02 4.059196636080741882e-02 0.000000000000000000e+00
4.280197620391845703e-01 -1.558235436677932462e-01 3.965337574481964111e-02 0.000000000000000000e+00
4.132685065269470215e-01 -2.458662837743758878e-01 3.738480806350708008e-02 0.000000000000000000e+00
3.892019391059875488e-01 -3.531202077865600586e-01 3.587730601429939270e-02 0.000000000000000000e+00
3.511965870857239325e-01 -4.771176278591156006e-01 3.502723574638366699e-02 0.000000000000000000e+00
2.983950376510620672e-01 -5.948899984359741211e-01 3.675106540322303772e-02 1.000000000000000000e+00
2.637173533439636786e-01 -6.630425453186035156e-01 4.312330111861228943e-02 1.000000000000000000e+00
2.774258852005005438e-01 -6.615213155746459961e-01 3.732648864388465881e-02 0.000000000000000000e+00
2.744889855384827215e-01 -6.421929597854614258e-01 3.221838176250457764e-02 0.000000000000000000e+00
6.513114273548130384e-02 -7.855017781257629395e-01 3.156193345785140991e-02 1.000000000000000000e+00
8.565431833267216077e-02 -7.197875976562500000e-01 3.196498751640319824e-02 1.000000000000000000e+00
1.155968606472015797e-01 -6.252216100692749023e-01 3.229035809636116028e-02 1.000000000000000000e+00
1.444055289030075351e-01 -5.312458872795104980e-01 3.313857316970825195e-02 1.000000000000000000e+00
1.737016737461090365e-01 -4.437914788722991943e-01 3.333292901515960693e-02 1.000000000000000000e+00
1.995998173952102939e-01 -3.573511838912963867e-01 3.327962011098861694e-02 0.000000000000000000e+00
2.121326178312301913e-01 -2.753307819366455078e-01 3.399848565459251404e-02 0.000000000000000000e+00
2.208140939474105835e-01 -1.903544515371322632e-01 3.545508161187171936e-02 0.000000000000000000e+00
2.426738291978836060e-01 -9.341555833816526933e-02 3.785134851932525635e-02 0.000000000000000000e+00
2.783818244934082031e-01 -1.337173394858835393e-02 4.131041839718818665e-02 0.000000000000000000e+00
3.198927044868469238e-01 2.551985532045366462e-02 6.335166096687316895e-02 0.000000000000000000e+00
3.540035486221313477e-01 -1.865683309733865564e-02 7.580700516700744629e-02 0.000000000000000000e+00
3.815479874610900879e-01 -9.607183933258053865e-02 7.350331544876098633e-02 0.000000000000000000e+00
3.896319866180419922e-01 -1.749894618988036832e-01 8.020704984664916992e-02 0.000000000000000000e+00
3.913379907608032227e-01 -2.592413723468780518e-01 7.594971358776092529e-02 0.000000000000000000e+00
3.822471499443054199e-01 -3.679771423339843750e-01 6.352385878562927246e-02 0.000000000000000000e+00
3.437654972076416571e-01 -4.859125912189483643e-01 6.126149371266365051e-02 0.000000000000000000e+00
3.134927153587341864e-01 -5.918492078781127930e-01 7.324068248271942139e-02 1.000000000000000000e+00
2.958213090896607000e-01 -6.707035899162292480e-01 8.581767976284027100e-02 1.000000000000000000e+00
2.974288463592529852e-01 -6.957131028175354004e-01 6.121920421719551086e-02 1.000000000000000000e+00
2.934335470199585516e-01 -6.904346346855163574e-01 3.877963870763778687e-02 1.000000000000000000e+00
-2.938248217105860968e-02 -7.643105387687683105e-01 3.173750638961791992e-02 1.000000000000000000e+00
-3.899857401847796421e-03 -6.993501186370849609e-01 3.219659626483917236e-02 1.000000000000000000e+00
3.601355105638507498e-02 -6.093919873237609863e-01 3.341548144817352295e-02 1.000000000000000000e+00
6.573918461799624358e-02 -5.173431634902954102e-01 3.521830588579177856e-02 1.000000000000000000e+00
9.874898195266726408e-02 -4.266099333763122559e-01 3.477051481604576111e-02 1.000000000000000000e+00
1.284188926219940463e-01 -3.427253961563110352e-01 3.514102473855018616e-02 0.000000000000000000e+00
1.460921764373779574e-01 -2.601855993270874023e-01 3.572066128253936768e-02 0.000000000000000000e+00
1.552219241857528687e-01 -1.791425049304962158e-01 3.730255365371704102e-02 0.000000000000000000e+00
1.759312450885772705e-01 -8.096823096275328202e-02 4.992562532424926758e-02 0.000000000000000000e+00
2.110105901956558228e-01 -3.611868247389780386e-03 7.478879392147064209e-02 0.000000000000000000e+00
2.422782629728317261e-01 1.299634762108327520e-02 1.360169500112533569e-01 0.000000000000000000e+00
2.653462886810302734e-01 -6.255307793617247147e-02 1.312760263681411743e-01 0.000000000000000000e+00
2.956669330596923828e-01 -1.389886885881423673e-01 1.316908746957778931e-01 0.000000000000000000e+00
3.129775524139404297e-01 -2.136893719434737882e-01 1.385225802659988403e-01 0.000000000000000000e+00
3.364120721817016602e-01 -3.000168502330780029e-01 1.320746839046478271e-01 0.000000000000000000e+00
3.488183617591857910e-01 -3.979404568672180176e-01 1.304570883512496948e-01 1.000000000000000000e+00
3.443901538848877508e-01 -4.940403997898101807e-01 1.385919153690338135e-01 1.000000000000000000e+00
3.447310924530029852e-01 -5.855600237846374512e-01 1.432170569896697998e-01 1.000000000000000000e+00
3.448808193206787664e-01 -6.581892967224121094e-01 1.398829519748687744e-01 1.000000000000000000e+00
3.447096943855286200e-01 -6.949855685234069824e-01 9.800904989242553711e-02 1.000000000000000000e+00
3.328340649604797918e-01 -7.092429399490356445e-01 5.800497159361839294e-02 1.000000000000000000e+00
-1.321856677532195490e-01 -7.324542403221130371e-01 3.170219808816909790e-02 1.000000000000000000e+00
-9.939475357532497057e-02 -6.719413399696350098e-01 3.331001475453376770e-02 1.000000000000000000e+00
-5.222848802804943430e-02 -5.879633426666259766e-01 3.453192114830017090e-02 1.000000000000000000e+00
-1.805799081921574331e-02 -4.969076812267303467e-01 3.650590777397155762e-02 1.000000000000000000e+00
1.380258798599245593e-02 -4.049168825149536133e-01 3.828745707869529724e-02 1.000000000000000000e+00
3.820694237947466071e-02 -3.177362978458404541e-01 3.721487149596214294e-02 1.000000000000000000e+00
6.072710454463960128e-02 -2.343585044145584106e-01 3.721049427986145020e-02 0.000000000000000000e+00
8.655738830566407638e-02 -1.605734229087829590e-01 4.760159552097320557e-02 0.000000000000000000e+00
1.125957518815994263e-01 -6.985701620578765869e-02 6.956137716770172119e-02 0.000000000000000000e+00
1.385035663843154907e-01 -7.968289777636519342e-03 1.299125552177429199e-01 0.000000000000000000e+00
1.580985337495803833e-01 -2.615224383771418484e-02 1.794501841068267822e-01 0.000000000000000000e+00
1.808252781629562378e-01 -9.393407404422758622e-02 1.724855005741119385e-01 0.000000000000000000e+00
2.017572075128555298e-01 -1.717001795768737793e-01 1.689670383930206299e-01 0.000000000000000000e+00
2.338160723447799960e-01 -2.458247989416122159e-01 1.714138388633728027e-01 1.000000000000000000e+00
2.677474021911621094e-01 -3.252340257167816162e-01 1.777875572443008423e-01 1.000000000000000000e+00
3.017954230308532715e-01 -4.080991148948669434e-01 1.888623237609863281e-01 1.000000000000000000e+00
3.311992883682251532e-01 -5.007897615432739258e-01 2.022573053836822510e-01 1.000000000000000000e+00
3.616378307342529852e-01 -5.794274210929870605e-01 2.050820440053939819e-01 1.000000000000000000e+00
3.891736865043640692e-01 -6.336658000946044922e-01 1.795834302902221680e-01 1.000000000000000000e+00
4.068967700004578192e-01 -6.701280474662780762e-01 1.331582963466644287e-01 1.000000000000000000e+00
4.070755243301392157e-01 -6.930192708969116211e-01 8.178010582923889160e-02 0.000000000000000000e+00
-2.334027439355849665e-01 -6.928194165229797363e-01 3.227631375193595886e-02 1.000000000000000000e+00
-1.941829919815063199e-01 -6.339614987373352051e-01 3.438821807503700256e-02 1.000000000000000000e+00
-1.381584107875823697e-01 -5.495991110801696777e-01 3.533068671822547913e-02 1.000000000000000000e+00
-9.985952079296109285e-02 -4.602756202220916748e-01 4.807484522461891174e-02 1.000000000000000000e+00
-7.069139182567593660e-02 -3.701258897781372070e-01 5.139722302556037903e-02 1.000000000000000000e+00
-3.945027291774747674e-02 -2.839710414409637451e-01 4.967650398612022400e-02 1.000000000000000000e+00
-1.436271518468855597e-02 -2.030410915613174438e-01 4.863975942134857178e-02 0.000000000000000000e+00
1.556470245122910413e-02 -1.288744658231735229e-01 6.235898658633232117e-02 0.000000000000000000e+00
4.953764379024505615e-02 -5.250263959169387817e-02 9.900885820388793945e-02 0.000000000000000000e+00
6.175374984741210938e-02 -1.832859031856059681e-02 1.710119694471359253e-01 0.000000000000000000e+00
8.737409114837646484e-02 -5.150098353624343178e-02 2.034694254398345947e-01 0.000000000000000000e+00
1.022738218307495256e-01 -1.251676082611083984e-01 1.965652257204055786e-01 1.000000000000000000e+00
1.311027705669403076e-01 -1.954179108142852783e-01 1.981376558542251587e-01 1.000000000000000000e+00
1.709028333425522128e-01 -2.653155028820037842e-01 2.069210857152938843e-01 1.000000000000000000e+00
2.152225822210312167e-01 -3.387945890426635742e-01 2.271665334701538086e-01 1.000000000000000000e+00
2.714545726776123047e-01 -4.100248217582702637e-01 2.529892623424530029e-01 1.000000000000000000e+00
3.388698101043701727e-01 -4.742235839366912842e-01 2.599872052669525146e-01 1.000000000000000000e+00
4.005643129348755438e-01 -5.329685807228088379e-01 2.432234734296798706e-01 1.000000000000000000e+00
4.446598291397095282e-01 -5.803976058959960938e-01 2.086989879608154297e-01 1.000000000000000000e+00
4.766657948493958075e-01 -6.232943534851074219e-01 1.497295051813125610e-01 1.000000000000000000e+00
4.818452596664429266e-01 -6.587907671928405762e-01 9.202490746974945068e-02 0.000000000000000000e+00
-3.268882632255553644e-01 -6.421789526939392090e-01 3.260859847068786621e-02 1.000000000000000000e+00
-2.842275798320769709e-01 -5.879889726638793945e-01 3.613251075148582458e-02 1.000000000000000000e+00
-2.227438241243362149e-01 -5.072196722030639648e-01 3.993568941950798035e-02 1.000000000000000000e+00
-1.832531094551086148e-01 -4.212554097175598145e-01 5.737153068184852600e-02 1.000000000000000000e+00
-1.482220143079757413e-01 -3.343035280704498291e-01 6.558945775032043457e-02 1.000000000000000000e+00
-1.143079176545142989e-01 -2.479626983404159546e-01 6.697939336299896240e-02 1.000000000000000000e+00
-8.235853910446165604e-02 -1.678726822137832642e-01 7.394920289516448975e-02 0.000000000000000000e+00
-5.185776576399802468e-02 -9.471897780895233154e-02 8.359687030315399170e-02 0.000000000000000000e+00
-2.593255043029784809e-02 -3.149711340665817261e-02 1.339942812919616699e-01 0.000000000000000000e+00
-1.328461617231368845e-02 -2.030023746192455292e-02 2.028399258852005005e-01 0.000000000000000000e+00
1.211144030094147075e-02 -6.813475489616394043e-02 2.317591309547424316e-01 1.000000000000000000e+00
4.304151237010956504e-02 -1.348143666982650757e-01 2.455498129129409790e-01 1.000000000000000000e+00
9.071432054042817550e-02 -2.008051425218582153e-01 2.567149698734283447e-01 1.000000000000000000e+00
1.485066711902618686e-01 -2.630257308483123779e-01 2.833579778671264648e-01 1.000000000000000000e+00
2.183894962072372714e-01 -3.163044154644012451e-01 3.093198537826538086e-01 1.000000000000000000e+00
2.940171360969543457e-01 -3.663674294948577881e-01 3.113801479339599609e-01 1.000000000000000000e+00
3.759484887123107910e-01 -4.202518761157989502e-01 2.964286804199218750e-01 1.000000000000000000e+00
4.477609395980835516e-01 -4.697785973548889160e-01 2.649198770523071289e-01 1.000000000000000000e+00
5.004072785377502441e-01 -5.142561197280883789e-01 2.230287790298461914e-01 1.000000000000000000e+00
5.346027612686157227e-01 -5.537077188491821289e-01 1.559179425239562988e-01 1.000000000000000000e+00
5.420341491699218750e-01 -5.961695909500122070e-01 9.014731645584106445e-02 0.000000000000000000e+00
-4.084158539772033136e-01 -5.801073312759399414e-01 3.234875202178955078e-02 1.000000000000000000e+00
-3.645882010459899347e-01 -5.329003930091857910e-01 3.748839721083641052e-02 1.000000000000000000e+00
-3.009847998619079035e-01 -4.618885517120361328e-01 5.974977836012840271e-02 1.000000000000000000e+00
-2.582801580429077148e-01 -3.808929324150085449e-01 8.023098111152648926e-02 1.000000000000000000e+00
-2.172913700342178067e-01 -2.995904088020324707e-01 9.311081469058990479e-02 1.000000000000000000e+00
-1.807748377323150635e-01 -2.154396325349807739e-01 9.540715813636779785e-02 1.000000000000000000e+00
-1.454718858003616333e-01 -1.357167065143585205e-01 1.000250726938247681e-01 1.000000000000000000e+00
-1.167677193880081177e-01 -6.226098537445069053e-02 1.132571697235107422e-01 0.000000000000000000e+00
-1.009270399808883667e-01 -1.653382740914822319e-02 1.707504987716674805e-01 1.000000000000000000e+00
-8.412885665893554688e-02 -1.969232968986034740e-02 2.410506308078765869e-01 1.000000000000000000e+00
-4.903914034366606972e-02 -7.421657443046569824e-02 2.919381260871887207e-01 1.000000000000000000e+00
1.247455179691315391e-02 -1.274102032184600830e-01 3.236302733421325684e-01 1.000000000000000000e+00
8.643506467342378097e-02 -1.756873130798339844e-01 3.483880162239074707e-01 1.000000000000000000e+00
1.674419492483139038e-01 -2.137753218412399292e-01 3.666680157184600830e-01 1.000000000000000000e+00
2.539371848106384277e-01 -2.515629231929779053e-01 3.587854504585266113e-01 1.000000000000000000e+00
3.413677215576171875e-01 -2.908191084861755371e-01 3.349717855453491211e-01 1.000000000000000000e+00
4.180166125297546387e-01 -3.364983499050140381e-01 2.961917817592620850e-01 1.000000000000000000e+00
4.787726402282714844e-01 -3.863217830657958429e-01 2.506668269634246826e-01 1.000000000000000000e+00
5.373741984367370605e-01 -4.328447282314299982e-01 2.015841752290725708e-01 1.000000000000000000e+00
5.706218481063842773e-01 -4.743794500827788752e-01 1.273500174283981323e-01 1.000000000000000000e+00
5.859603285789489746e-01 -5.144658684730529785e-01 5.516563355922698975e-02 0.000000000000000000e+00
-4.827165603637694757e-01 -5.113440752029418945e-01 3.192245587706565857e-02 1.000000000000000000e+00
-4.368201494216918390e-01 -4.665234088897705078e-01 3.640962019562721252e-02 1.000000000000000000e+00
-3.710662722587585449e-01 -4.089445769786834717e-01 6.536689400672912598e-02 1.000000000000000000e+00
-3.206330537796020508e-01 -3.403832912445068359e-01 1.062606126070022583e-01 1.000000000000000000e+00
-2.770386934280395508e-01 -2.630888521671295166e-01 1.180944740772247314e-01 1.000000000000000000e+00
-2.388370484113693237e-01 -1.850267797708511630e-01 1.267316341400146484e-01 1.000000000000000000e+00
-2.080425769090652466e-01 -1.019394546747207780e-01 1.301352232694625854e-01 1.000000000000000000e+00
-1.848637461662292480e-01 -3.338915854692460494e-02 1.602533459663391113e-01 1.000000000000000000e+00
-1.718492358922958374e-01 -6.443409249186526216e-03 2.214498966932296753e-01 1.000000000000000000e+00
-1.354469954967498779e-01 -8.181763812899598212e-03 3.038607835769653320e-01 1.000000000000000000e+00
-7.280604541301727295e-02 -4.707323014736176231e-02 3.695819675922393799e-01 1.000000000000000000e+00
7.164411246776586015e-03 -7.894386351108551025e-02 4.001856744289398193e-01 1.000000000000000000e+00
1.025072634220123291e-01 -1.014320999383926392e-01 4.025321006774902344e-01 1.000000000000000000e+00
1.960263997316360474e-01 -1.307197809219360352e-01 3.835831284523010254e-01 1.000000000000000000e+00
2.851405143737792969e-01 -1.660447269678115567e-01 3.539693951606750488e-01 1.000000000000000000e+00
3.669878840446472168e-01 -2.048213332891463956e-01 3.131929934024810791e-01 1.000000000000000000e+00
4.247217178344726562e-01 -2.489812821149825772e-01 2.566874921321868896e-01 1.000000000000000000e+00
4.864482879638671875e-01 -2.996290922164916437e-01 2.070440649986267090e-01 1.000000000000000000e+00
5.497524738311767578e-01 -3.477399349212645929e-01 1.493539363145828247e-01 1.000000000000000000e+00
5.959058403968811035e-01 -3.848308622837066095e-01 8.035884797573089600e-02 1.000000000000000000e+00
6.211718916893005371e-01 -4.187656044960021418e-01 3.934600204229354858e-02 0.000000000000000000e+00
-5.469640493392944336e-01 -4.354178905487061102e-01 3.151358291506767273e-02 1.000000000000000000e+00
-4.993486404418945312e-01 -3.982977569103241522e-01 3.390531614422798157e-02 1.000000000000000000e+00
-4.238945245742797852e-01 -3.553332686424255371e-01 5.520723015069961548e-02 1.000000000000000000e+00
-3.657326698303222656e-01 -2.970112562179565430e-01 1.214679181575775146e-01 1.000000000000000000e+00
-3.275014758110046387e-01 -2.222051471471786777e-01 1.399706900119781494e-01 1.000000000000000000e+00
-2.965878248214721680e-01 -1.450055241584778110e-01 1.509989947080612183e-01 1.000000000000000000e+00
-2.709383964538574219e-01 -6.302383542060853439e-02 1.618031114339828491e-01 1.000000000000000000e+00
-2.544881701469421387e-01 -4.430925473570839282e-03 2.027339786291122437e-01 1.000000000000000000e+00
-2.217623144388198853e-01 2.834089286625383897e-02 2.724296450614929199e-01 1.000000000000000000e+00
-1.638472527265548706e-01 3.538250178098677895e-02 3.557002544403076172e-01 1.000000000000000000e+00
-7.244160771369934082e-02 2.574813179671764027e-02 4.065853655338287354e-01 1.000000000000000000e+00
2.833652496337890625e-02 6.897671148180963344e-03 4.080901145935058594e-01 1.000000000000000000e+00
1.232802718877792358e-01 -2.026708237826823494e-02 3.854290843009948730e-01 1.000000000000000000e+00
2.140713483095169067e-01 -5.357814580202101273e-02 3.513886630535125732e-01 1.000000000000000000e+00
2.951498627662658691e-01 -8.777512609958647294e-02 3.090958893299102783e-01 1.000000000000000000e+00
3.635654449462890625e-01 -1.277382969856261929e-01 2.535153627395629883e-01 1.000000000000000000e+00
4.253484010696411133e-01 -1.700935512781142911e-01 2.055720537900924683e-01 1.000000000000000000e+00
4.923861622810363770e-01 -2.163759469985961637e-01 1.604537814855575562e-01 1.000000000000000000e+00
5.652936100959777832e-01 -2.647573947906493586e-01 1.169129163026809692e-01 1.000000000000000000e+00
6.210518479347229004e-01 -2.987357378005980890e-01 6.358644366264343262e-02 1.000000000000000000e+00
6.582437157630920410e-01 -3.195566236972808283e-01 3.854335471987724304e-02 1.000000000000000000e+00
-5.899463891983032227e-01 -3.547603785991669256e-01 3.141127526760101318e-02 1.000000000000000000e+00
-5.347570776939392090e-01 -3.237160146236420233e-01 3.169875964522361755e-02 1.000000000000000000e+00
-4.504865407943725586e-01 -2.909559607505798340e-01 3.712411224842071533e-02 1.000000000000000000e+00
-3.830726146697998047e-01 -2.430212646722793857e-01 9.828723967075347900e-02 1.000000000000000000e+00
-3.605871796607971191e-01 -1.694142371416092197e-01 1.516544371843338013e-01 1.000000000000000000e+00
-3.460971713066101074e-01 -9.028619527816775236e-02 1.663482785224914551e-01 1.000000000000000000e+00
-3.225949406623840332e-01 -1.547378860414030076e-02 1.733404248952865601e-01 1.000000000000000000e+00
-2.954651713371276855e-01 4.102638363838193719e-02 2.216321229934692383e-01 1.000000000000000000e+00
-2.421461045742034912e-01 8.082617074251173539e-02 2.852241098880767822e-01 1.000000000000000000e+00
-1.664955615997314453e-01 1.011004373431205611e-01 3.476587831974029541e-01 1.000000000000000000e+00
-6.334011256694793701e-02 1.000950038433074951e-01 3.632127046585083008e-01 1.000000000000000000e+00
3.147082030773162148e-02 7.488773018121719360e-02 3.482126295566558838e-01 1.000000000000000000e+00
1.245256662368774414e-01 4.745634272694588401e-02 3.293450176715850830e-01 1.000000000000000000e+00
2.099701911211013794e-01 1.545035652816296838e-02 2.947481870651245117e-01 1.000000000000000000e+00
2.866662740707397461e-01 -1.484148763120172673e-02 2.469802796840667725e-01 1.000000000000000000e+00
3.645413517951965332e-01 -4.844215512275693719e-02 2.078198492527008057e-01 1.000000000000000000e+00
4.414469003677368164e-01 -8.642093837261197176e-02 1.789662837982177734e-01 1.000000000000000000e+00
5.186673998832702637e-01 -1.292515099048614224e-01 1.524841785430908203e-01 1.000000000000000000e+00
5.942447185516357422e-01 -1.764355599880218228e-01 1.192335337400436401e-01 1.000000000000000000e+00
6.548646688461303711e-01 -2.009535878896712979e-01 6.818847358226776123e-02 1.000000000000000000e+00
6.971113681793212891e-01 -2.125028967857360285e-01 4.026497155427932739e-02 1.000000000000000000e+00
-6.201280951499938965e-01 -2.674840092658997137e-01 3.134903684258460999e-02 1.000000000000000000e+00
-5.567542314529418945e-01 -2.453205436468124667e-01 3.159505873918533325e-02 1.000000000000000000e+00
-4.666565060615539551e-01 -2.176510840654373447e-01 3.497314080595970154e-02 1.000000000000000000e+00
-3.933339715003967285e-01 -1.663235276937485019e-01 7.569204270839691162e-02 0.000000000000000000e+00
-3.711441159248352051e-01 -1.013958454132080356e-01 1.438828259706497192e-01 0.000000000000000000e+00
-3.616324663162231445e-01 -2.217593602836134131e-02 1.608476489782333374e-01 0.000000000000000000e+00
-3.307785391807556152e-01 4.763467609882352655e-02 1.647903472185134888e-01 0.000000000000000000e+00
-2.968881130218505859e-01 9.959457814693449540e-02 2.086595445871353149e-01 1.000000000000000000e+00
-2.349134534597396851e-01 1.449064910411834439e-01 2.640424072742462158e-01 1.000000000000000000e+00
-1.530542224645614624e-01 1.585473865270614624e-01 2.921764850616455078e-01 1.000000000000000000e+00
-6.415913254022599654e-02 1.532285660505294800e-01 2.888344526290893555e-01 1.000000000000000000e+00
2.527423202991484902e-02 1.365854740142822266e-01 2.774204611778259277e-01 1.000000000000000000e+00
1.146278828382491927e-01 1.157295107841491838e-01 2.538920640945434570e-01 1.000000000000000000e+00
2.057195752859115601e-01 9.075105190277100997e-02 2.314064502716064453e-01 1.000000000000000000e+00
2.942910790443420410e-01 6.306950747966767745e-02 2.118626683950424194e-01 1.000000000000000000e+00
3.836476802825927734e-01 3.245943039655687506e-02 1.986401528120040894e-01 1.000000000000000000e+00
4.709585309028625488e-01 -2.940321341156930911e-03 1.972110420465469360e-01 1.000000000000000000e+00
5.561062693595886230e-01 -4.342678934335705149e-02 1.833947002887725830e-01 1.000000000000000000e+00
6.290848851203918457e-01 -8.016565442085261950e-02 1.490761637687683105e-01 1.000000000000000000e+00
6.897423267364501953e-01 -1.058200150728225292e-01 9.374511241912841797e-02 1.000000000000000000e+00
7.254821658134460449e-01 -1.197411119937896312e-01 5.190753564238548279e-02 1.000000000000000000e+00
-6.452409029006958008e-01 -1.814556419849396030e-01 3.132170066237449646e-02 1.000000000000000000e+00
-5.770092606544494629e-01 -1.612120270729065219e-01 3.165114670991897583e-02 1.000000000000000000e+00
-4.878986477851867676e-01 -1.313109695911407748e-01 3.476821631193161011e-02 1.000000000000000000e+00
-4.127405285835266113e-01 -7.969596982002261076e-02 5.777142196893692017e-02 0.000000000000000000e+00
-3.814035654067993164e-01 -1.746420376002790972e-02 1.238355189561843872e-01 0.000000000000000000e+00
-3.627482056617736816e-01 5.165823549032209222e-02 1.558680683374404907e-01 0.000000000000000000e+00
-3.187465071678161621e-01 1.148319840431213240e-01 1.583101451396942139e-01 0.000000000000000000e+00
-2.730643153190612793e-01 1.604019850492477139e-01 1.734351366758346558e-01 0.000000000000000000e+00
-2.113241106271743774e-01 1.984137892723083496e-01 2.084121853113174438e-01 1.000000000000000000e+00
-1.336186826229095459e-01 2.117621749639511108e-01 2.214785665273666382e-01 1.000000000000000000e+00
-5.483709275722505050e-02 2.111565768718719482e-01 2.175747454166412354e-01 1.000000000000000000e+00
3.154441714286802811e-02 2.026267051696777344e-01 2.139846831560134888e-01 1.000000000000000000e+00
1.245036274194717268e-01 1.887727528810501099e-01 2.073997110128402710e-01 1.000000000000000000e+00
2.173379808664321899e-01 1.714065372943878174e-01 2.038065642118453979e-01 1.000000000000000000e+00
3.086498379707336426e-01 1.445759981870651523e-01 2.079503536224365234e-01 1.000000000000000000e+00
4.074053764343261719e-01 1.113486140966415683e-01 2.159299999475479126e-01 1.000000000000000000e+00
4.994693994522094727e-01 7.799695432186129485e-02 2.236650735139846802e-01 1.000000000000000000e+00
5.847390294075012207e-01 4.634436219930652273e-02 2.134349346160888672e-01 1.000000000000000000e+00
6.577305793762207031e-01 8.543001487851182782e-03 1.747975796461105347e-01 1.000000000000000000e+00
7.137964963912963867e-01 -2.541101537644858618e-02 1.159858703613281250e-01 1.000000000000000000e+00
7.470282912254333496e-01 -4.706437885761256129e-02 7.105253636837005615e-02 1.000000000000000000e+00
-6.720501184463500977e-01 -9.377562254667286268e-02 3.135996684432029724e-02 1.000000000000000000e+00
-6.050601005554199219e-01 -7.241258770227436414e-02 3.208837285637855530e-02 1.000000000000000000e+00
-5.159785747528076172e-01 -4.231542348861697805e-02 3.724336624145507812e-02 1.000000000000000000e+00
-4.402977824211120605e-01 7.748203352093669706e-03 5.674139782786369324e-02 0.000000000000000000e+00
-3.949487209320068359e-01 6.469476968050000276e-02 1.097402721643447876e-01 0.000000000000000000e+00
-3.581551909446716309e-01 1.272078603506087979e-01 1.391820162534713745e-01 0.000000000000000000e+00
-3.086899518966674805e-01 1.835305392742156705e-01 1.378164887428283691e-01 0.000000000000000000e+00
-2.529664337635040283e-01 2.267554253339767178e-01 1.376373618841171265e-01 0.000000000000000000e+00
-1.814121007919311801e-01 2.558923661708831787e-01 1.510829925537109375e-01 1.000000000000000000e+00
-1.051457375288009782e-01 2.743604183197021484e-01 1.632461398839950562e-01 1.000000000000000000e+00
-3.183598816394807990e-02 2.854424417018890381e-01 1.761493533849716187e-01 1.000000000000000000e+00
5.530789494514463944e-02 2.815210223197937012e-01 1.903826743364334106e-01 1.000000000000000000e+00
1.414694339036941251e-01 2.675558030605316162e-01 1.995313465595245361e-01 1.000000000000000000e+00
2.318976670503616055e-01 2.490916103124618808e-01 2.134968042373657227e-01 1.000000000000000000e+00
3.258852362632751465e-01 2.188941836357116977e-01 2.286620140075683594e-01 1.000000000000000000e+00
4.234763383865356445e-01 1.899715363979339877e-01 2.416413575410842896e-01 1.000000000000000000e+00
5.258522629737854004e-01 1.621695458889007846e-01 2.429812550544738770e-01 1.000000000000000000e+00
6.155937910079956055e-01 1.295081526041031161e-01 2.206618487834930420e-01 1.000000000000000000e+00
6.798312664031982422e-01 8.972568809986118665e-02 1.742210984230041504e-01 1.000000000000000000e+00
7.331586480140686035e-01 4.364314675331119886e-02 1.112209707498550415e-01 1.000000000000000000e+00
7.626165747642517090e-01 1.113251782953743850e-02 6.229225918650627136e-02 1.000000000000000000e+00
-6.968134641647338867e-01 -5.383992567658466878e-03 3.139953315258026123e-02 1.000000000000000000e+00
-6.364759206771850586e-01 1.811291463673110960e-02 3.407356888055801392e-02 1.000000000000000000e+00
-5.446771383285522461e-01 4.286821186542507517e-02 4.945853352546691895e-02 1.000000000000000000e+00
-4.668045639991760254e-01 9.258265048265454378e-02 7.795757055282592773e-02 1.000000000000000000e+00
-4.059094190597534180e-01 1.455894112586974820e-01 1.085635125637054443e-01 0.000000000000000000e+00
-3.582828044891357422e-01 1.991245150566100797e-01 1.291248053312301636e-01 0.000000000000000000e+00
-3.004522323608398438e-01 2.489019185304641446e-01 1.163098216056823730e-01 0.000000000000000000e+00
-2.347403466701507846e-01 2.893900275230407715e-01 1.103233397006988525e-01 0.000000000000000000e+00
-1.556446850299835483e-01 3.250822722911834717e-01 1.257103085517883301e-01 1.000000000000000000e+00
-8.250148594379427824e-02 3.443687856197357178e-01 1.451658606529235840e-01 1.000000000000000000e+00
-1.085299998521807065e-02 3.552118241786956787e-01 1.681992858648300171e-01 1.000000000000000000e+00
7.326696813106534090e-02 3.539228141307830811e-01 1.904696077108383179e-01 1.000000000000000000e+00
1.604611724615096768e-01 3.448472619056701660e-01 2.116265147924423218e-01 1.000000000000000000e+00
2.493251711130141934e-01 3.256592154502868652e-01 2.316491305828094482e-01 1.000000000000000000e+00
3.429554104804992676e-01 3.019280731678009033e-01 2.430608719587326050e-01 1.000000000000000000e+00
4.441485404968261719e-01 2.782191038131713867e-01 2.464728504419326782e-01 1.000000000000000000e+00
5.438854098320007324e-01 2.506503760814667303e-01 2.326426953077316284e-01 1.000000000000000000e+00
6.276994347572326660e-01 2.099188268184662143e-01 1.982075124979019165e-01 1.000000000000000000e+00
6.890518665313720703e-01 1.582371890544891913e-01 1.417219340801239014e-01 1.000000000000000000e+00
7.348756194114685059e-01 9.645029902458195081e-02 8.371579647064208984e-02 1.000000000000000000e+00
7.563599944114685059e-01 5.007252097129826635e-02 4.173996299505233765e-02 0.000000000000000000e+00
-7.233982086181640625e-01 8.195494860410686144e-02 3.168864175677299500e-02 1.000000000000000000e+00
-6.611488461494445801e-01 9.909234941005702624e-02 3.868504986166954041e-02 1.000000000000000000e+00
-5.735723972320556641e-01 1.225440427660941661e-01 8.123634755611419678e-02 1.000000000000000000e+00
-4.920570254325866699e-01 1.673795431852340421e-01 1.091163903474807739e-01 1.000000000000000000e+00
-4.211059808731079102e-01 2.209572345018386563e-01 1.309859156608581543e-01 1.000000000000000000e+00
-3.584920167922973633e-01 2.718053162097930908e-01 1.450007557868957520e-01 1.000000000000000000e+00
-2.946894466876983643e-01 3.180800080299377441e-01 1.355309486389160156e-01 1.000000000000000000e+00
-2.286866009235382358e-01 3.557610213756561279e-01 1.246542185544967651e-01 1.000000000000000000e+00
-1.529738456010818759e-01 3.875483870506286621e-01 1.351228505373001099e-01 1.000000000000000000e+00
-7.958940416574480925e-02 4.063425362110137939e-01 1.668477058410644531e-01 1.000000000000000000e+00
1.455709338188145583e-03 4.196454286575317383e-01 2.008554339408874512e-01 1.000000000000000000e+00
8.566361665725705232e-02 4.259203076362609863e-01 2.213414311408996582e-01 1.000000000000000000e+00
1.728398352861404141e-01 4.220843017101287842e-01 2.364632338285446167e-01 1.000000000000000000e+00
2.698701024055480957e-01 4.101984798908233643e-01 2.413307428359985352e-01 1.000000000000000000e+00
3.620109558105468750e-01 3.959866166114807129e-01 2.392121553421020508e-01 1.000000000000000000e+00
4.561222791671752930e-01 3.662410676479340155e-01 2.264820039272308350e-01 1.000000000000000000e+00
5.411143302917480469e-01 3.281921446323395331e-01 1.935586333274841309e-01 1.000000000000000000e+00
6.092798709869384766e-01 2.653728127479553778e-01 1.464026868343353271e-01 1.000000000000000000e+00
6.530333161354064941e-01 1.846876144409179965e-01 9.402237832546234131e-02 0.000000000000000000e+00
6.802688837051391602e-01 1.137014180421829640e-01 4.355834051966667175e-02 0.000000000000000000e+00
7.037922739982604980e-01 5.177421122789387098e-02 3.407112881541252136e-02 0.000000000000000000e+00
-7.402966022491455078e-01 1.689842343330382746e-01 3.238568827509880066e-02 1.000000000000000000e+00
-6.716321706771850586e-01 1.784682124853133878e-01 4.310192540287971497e-02 1.000000000000000000e+00
-5.915755033493041992e-01 2.001535594463348111e-01 9.296075999736785889e-02 1.000000000000000000e+00
-5.168814063072204590e-01 2.363954335451125821e-01 1.298510432243347168e-01 1.000000000000000000e+00
-4.464882016181945801e-01 2.874194979667663574e-01 1.580905467271804810e-01 1.000000000000000000e+00
-3.786232471466064453e-01 3.408447206020355225e-01 1.758940815925598145e-01 1.000000000000000000e+00
-3.067373633384704590e-01 3.870236873626708984e-01 1.753801703453063965e-01 1.000000000000000000e+00
-2.329645156860351840e-01 4.226402044296264648e-01 1.679842770099639893e-01 1.000000000000000000e+00
-1.576040983200073520e-01 4.517510831356048584e-01 1.849368959665298462e-01 1.000000000000000000e+00
-8.183508366346362028e-02 4.755716025829315186e-01 2.156121730804443359e-01 1.000000000000000000e+00
-3.287181258201629045e-03 4.914142787456512451e-01 2.443842291831970215e-01 1.000000000000000000e+00
8.412413299083706941e-02 5.031962990760803223e-01 2.493711113929748535e-01 1.000000000000000000e+00
1.831738203763961514e-01 5.010855197906494141e-01 2.364335954189300537e-01 1.000000000000000000e+00
2.785575389862059992e-01 4.884644448757171631e-01 2.241225242614746094e-01 1.000000000000000000e+00
3.650764226913451593e-01 4.664983451366424561e-01 2.055001258850097656e-01 1.000000000000000000e+00
4.425049424171447754e-01 4.232297241687774658e-01 1.786441355943679810e-01 1.000000000000000000e+00
5.080322623252868652e-01 3.559430539608002264e-01 1.427096873521804810e-01 1.000000000000000000e+00
5.567409992218017578e-01 2.688947021961212713e-01 1.035452932119369507e-01 0.000000000000000000e+00
5.946043133735656738e-01 1.726929545402527133e-01 6.330008804798126221e-02 0.000000000000000000e+00
6.183971166610717773e-01 9.220581501722339979e-02 3.928305953741073608e-02 0.000000000000000000e+00
6.362348794937133789e-01 2.278383821249011995e-02 3.268731012940406799e-02 0.000000000000000000e+00
-7.297925949096679688e-01 2.599264681339263361e-01 3.237156942486763000e-02 1.000000000000000000e+00
-6.657145619392395020e-01 2.610148787498473566e-01 4.076061397790908813e-02 1.000000000000000000e+00
-5.847713351249694824e-01 2.703968286514281671e-01 7.503220438957214355e-02 1.000000000000000000e+00
-5.200668573379516602e-01 3.002082705497741144e-01 1.174148172140121460e-01 1.000000000000000000e+00
-4.645930528640747070e-01 3.529230654239653986e-01 1.644421219825744629e-01 1.000000000000000000e+00
-4.068086147308349609e-01 4.087688624858856201e-01 1.967156529426574707e-01 1.000000000000000000e+00
-3.324637413024902899e-01 4.585071802139282227e-01 2.098554372787475586e-01 1.000000000000000000e+00
-2.519368231296539862e-01 4.976305663585662842e-01 2.185848653316497803e-01 1.000000000000000000e+00
-1.728213429450989047e-01 5.293319225311279297e-01 2.342497408390045166e-01 1.000000000000000000e+00
-9.547008574008944426e-02 5.472677946090698242e-01 2.516592442989349365e-01 1.000000000000000000e+00
-1.369094848632815969e-02 5.683117508888244629e-01 2.525932192802429199e-01 1.000000000000000000e+00
8.215829730033870348e-02 5.721698999404907227e-01 2.298717647790908813e-01 1.000000000000000000e+00
1.793438345193862637e-01 5.633301734924316406e-01 2.083663195371627808e-01 1.000000000000000000e+00
2.601313591003417414e-01 5.410610437393188477e-01 1.794641166925430298e-01 1.000000000000000000e+00
3.288602828979491632e-01 5.031536817550659180e-01 1.557552069425582886e-01 1.000000000000000000e+00
3.884834647178649902e-01 4.417595267295837402e-01 1.334487199783325195e-01 0.000000000000000000e+00
4.414424896240234375e-01 3.524450361728668213e-01 1.041054278612136841e-01 0.000000000000000000e+00
4.949837923049926758e-01 2.593196928501129706e-01 7.705396413803100586e-02 0.000000000000000000e+00
5.363109707832336426e-01 1.579491645097732822e-01 4.901040345430374146e-02 0.000000000000000000e+00
5.549311637878417969e-01 6.482338160276415739e-02 3.695658594369888306e-02 0.000000000000000000e+00
5.556460022926330566e-01 -1.318454556167122232e-02 3.254049643874168396e-02 0.000000000000000000e+00
-7.205930948257446289e-01 3.431310653686522882e-01 3.303707391023635864e-02 1.000000000000000000e+00
-6.437037587165832520e-01 3.452145159244536798e-01 3.853889182209968567e-02 1.000000000000000000e+00
-5.508413314819335938e-01 3.376573920249938410e-01 5.044935643672943115e-02 1.000000000000000000e+00
-4.751585125923156738e-01 3.471137881278991144e-01 7.362626492977142334e-02 0.000000000000000000e+00
-4.349367022514343262e-01 4.032925367355346680e-01 1.238802522420883179e-01 0.000000000000000000e+00
-4.037070870399475653e-01 4.719454646110534668e-01 1.685194522142410278e-01 1.000000000000000000e+00
-3.465373516082764227e-01 5.313085913658142090e-01 1.958341598510742188e-01 1.000000000000000000e+00
-2.757062911987305243e-01 5.802499651908874512e-01 2.087265253067016602e-01 1.000000000000000000e+00
-1.975667476654053012e-01 6.147221922874450684e-01 2.263225913047790527e-01 1.000000000000000000e+00
-1.110939010977745472e-01 6.321118474006652832e-01 2.303544729948043823e-01 1.000000000000000000e+00
-2.576245367527011873e-02 6.325927376747131348e-01 2.063403874635696411e-01 1.000000000000000000e+00
6.141740083694453844e-02 6.270526051521301270e-01 1.718488335609436035e-01 1.000000000000000000e+00
1.394147425889968595e-01 5.995987057685852051e-01 1.452868878841400146e-01 1.000000000000000000e+00
2.081970125436782559e-01 5.581620335578918457e-01 1.206529587507247925e-01 0.000000000000000000e+00
2.651514410972594660e-01 5.047440528869628906e-01 1.067962944507598877e-01 0.000000000000000000e+00
3.218670487403869629e-01 4.324890375137329102e-01 9.920158982276916504e-02 0.000000000000000000e+00
3.773174285888671875e-01 3.399108946323394775e-01 8.047133684158325195e-02 0.000000000000000000e+00
4.244050383567810059e-01 2.433846890926361362e-01 5.485726520419120789e-02 0.000000000000000000e+00
4.520748257637023926e-01 1.452180892229080478e-01 3.809485211968421936e-02 0.000000000000000000e+00
4.604871273040771484e-01 5.126698315143587981e-02 3.407132625579833984e-02 0.000000000000000000e+00
4.695669412612915039e-01 -2.273219637572762575e-02 3.243800625205039978e-02 0.000000000000000000e+00
-7.194667458534240723e-01 4.264076650142669123e-01 3.184999898076057434e-02 1.000000000000000000e+00
-6.398652791976928711e-01 4.239216446876525324e-01 3.402420878410339355e-02 1.000000000000000000e+00
-5.379148125648498535e-01 4.252300560474395197e-01 3.493160754442214966e-02 1.000000000000000000e+00
-4.547790288925170898e-01 4.303047955036162775e-01 4.014679044485092163e-02 0.000000000000000000e+00
-3.953221440315247137e-01 4.688734412193298340e-01 7.498393952846527100e-02 0.000000000000000000e+00
-3.625891804695129950e-01 5.284723639488220215e-01 1.135078668594360352e-01 0.000000000000000000e+00
-3.271310329437256414e-01 5.864544510841369629e-01 1.471203416585922241e-01 1.000000000000000000e+00
-2.714383006095886786e-01 6.337142586708068848e-01 1.714493483304977417e-01 1.000000000000000000e+00
-1.998909264802933017e-01 6.711084842681884766e-01 1.747828423976898193e-01 1.000000000000000000e+00
-1.213821023702621876e-01 6.825826168060302734e-01 1.565483063459396362e-01 1.000000000000000000e+00
-5.513142049312595716e-02 6.721429824829101562e-01 1.366641670465469360e-01 1.000000000000000000e+00
1.209828257560725991e-02 6.498632431030273438e-01 1.114890426397323608e-01 0.000000000000000000e+00
7.687771320343013415e-02 6.136692166328430176e-01 9.255205094814300537e-02 0.000000000000000000e+00
1.432818919420242032e-01 5.626007318496704102e-01 7.656712830066680908e-02 0.000000000000000000e+00
1.904516667127608975e-01 4.940699338912963867e-01 6.475386023521423340e-02 0.000000000000000000e+00
2.445926517248153409e-01 4.153898656368255615e-01 5.489375442266464233e-02 0.000000000000000000e+00
2.980631589889526367e-01 3.212673366069793701e-01 4.064451903104782104e-02 0.000000000000000000e+00
3.310933709144592285e-01 2.284093201160431186e-01 3.593685850501060486e-02 0.000000000000000000e+00
3.546875715255737305e-01 1.339199393987655917e-01 3.386426717042922974e-02 0.000000000000000000e+00
3.701643943786621094e-01 4.520798102021219428e-02 3.265680372714996338e-02 0.000000000000000000e+00
3.867665529251098633e-01 -2.522403560578820661e-02 3.224945440888404846e-02 0.000000000000000000e+00
-7.297303080558776855e-01 5.026783347129821777e-01 3.144612908363342285e-02 1.000000000000000000e+00
-6.651859283447265625e-01 5.095685124397277832e-01 3.163122758269309998e-02 1.000000000000000000e+00
-5.708498358726501465e-01 5.191443562507629395e-01 3.187388926744461060e-02 1.000000000000000000e+00
-4.864919781684876043e-01 5.211912989616394043e-01 3.308553621172904968e-02 0.000000000000000000e+00
-4.149598479270935614e-01 5.391857028007507324e-01 3.607407957315444946e-02 0.000000000000000000e+00
-3.578270673751831610e-01 5.875315666198730469e-01 5.574873834848403931e-02 0.000000000000000000e+00
-3.091546297073364813e-01 6.408942937850952148e-01 7.215635478496551514e-02 0.000000000000000000e+00
-2.476670295000076572e-01 6.752767562866210938e-01 9.206019341945648193e-02 1.000000000000000000e+00
-1.898933649063110907e-01 6.867005825042724609e-01 9.383654594421386719e-02 1.000000000000000000e+00
-1.461790651082992831e-01 6.787748932838439941e-01 8.400681614875793457e-02 0.000000000000000000e+00
-9.196756780147556654e-02 6.695594191551208496e-01 6.935021281242370605e-02 0.000000000000000000e+00
-3.972545266151432386e-02 6.372054815292358398e-01 4.786952584981918335e-02 0.000000000000000000e+00
2.215000987052913664e-02 5.980860590934753418e-01 4.079483821988105774e-02 0.000000000000000000e+00
7.542255520820614900e-02 5.427300333976745605e-01 3.795992210507392883e-02 0.000000000000000000e+00
1.196755021810531339e-01 4.692035913467407227e-01 3.641196340322494507e-02 0.000000000000000000e+00
1.671787053346633634e-01 3.930984735488891602e-01 3.532002866268157959e-02 0.000000000000000000e+00
2.146479040384292325e-01 3.075222074985504150e-01 3.412825986742973328e-02 0.000000000000000000e+00
2.480928450822830200e-01 2.153618782758713046e-01 3.284427151083946228e-02 0.000000000000000000e+00
2.771294713020324707e-01 1.178025603294372697e-01 3.248713910579681396e-02 0.000000000000000000e+00
2.986090183258056641e-01 3.184801712632181342e-02 3.223331645131111145e-02 0.000000000000000000e+00
3.196932673454284668e-01 -3.871962428092954461e-02 3.194606304168701172e-02 0.000000000000000000e+00
-7.310143113136291504e-01 5.498527884483337402e-01 3.120842203497886658e-02 1.000000000000000000e+00
-6.915040612220764160e-01 5.610944032669067383e-01 3.153830394148826599e-02 1.000000000000000000e+00
-5.956127643585205078e-01 5.814440846443176270e-01 3.163252398371696472e-02 1.000000000000000000e+00
-5.170456171035766602e-01 5.995954275131225586e-01 3.171184286475181580e-02 1.000000000000000000e+00
-4.447875618934631903e-01 5.984271764755249023e-01 3.185540065169334412e-02 1.000000000000000000e+00
-3.679268360137940008e-01 6.391636133193969727e-01 3.422685712575912476e-02 0.000000000000000000e+00
-3.011485040187836248e-01 6.860201954841613770e-01 3.698740154504776001e-02 0.000000000000000000e+00
-2.295653820037842352e-01 7.125407457351684570e-01 3.850132599472999573e-02 1.000000000000000000e+00
-1.743567585945129950e-01 6.958778500556945801e-01 3.757782652974128723e-02 0.000000000000000000e+00
-1.590407192707062045e-01 6.692808866500854492e-01 3.771324455738067627e-02 0.000000000000000000e+00
-1.249429881572723805e-01 6.550842523574829102e-01 3.714146092534065247e-02 0.000000000000000000e+00
-8.881808072328571668e-02 6.176849603652954102e-01 3.497738763689994812e-02 0.000000000000000000e+00
-4.377797245979312551e-02 5.760081410408020020e-01 3.430830314755439758e-02 0.000000000000000000e+00
4.389397799968687390e-03 5.243229866027832031e-01 3.359963744878768921e-02 0.000000000000000000e+00
5.286575108766553011e-02 4.539439976215362549e-01 3.290193527936935425e-02 0.000000000000000000e+00
9.520447254180905428e-02 3.813203573226928711e-01 3.275015950202941895e-02 0.000000000000000000e+00
1.385355293750762662e-01 3.031365275382995605e-01 3.273103758692741394e-02 0.000000000000000000e+00
1.735134720802307129e-01 2.147509902715682983e-01 3.252689540386199951e-02 0.000000000000000000e+00
2.177747040987014771e-01 1.200246736407280107e-01 3.217090293765068054e-02 0.000000000000000000e+00
2.542073130607604980e-01 3.638077527284623580e-02 3.181284666061401367e-02 0.000000000000000000e+00
2.821040153503417969e-01 -3.808046877384184403e-02 3.133276477456092834e-02 0.000000000000000000e+00
