-6.439387798309326172e-01 -6.238296031951904297e-01 3.126731887459754944e-02 1.000000000000000000e+00
-5.786894559860229492e-01 -6.455195546150207520e-01 3.144857659935951233e-02 1.000000000000000000e+00
-4.860304594039916992e-01 -6.731853485107421875e-01 3.174915537238121033e-02 1.000000000000000000e+00
-3.912612199783325195e-01 -6.985900998115539551e-01 3.248989209532737732e-02 1.000000000000000000e+00
-2.975322604179382324e-01 -7.017286419868469238e-01 3.504351526498794556e-02 1.000000000000000000e+00
-2.025849372148513794e-01 -6.882205009460449219e-01 3.948775306344032288e-02 1.000000000000000000e+00
-1.051004528999328613e-01 -6.730175018310546875e-01 4.599654674530029297e-02 1.000000000000000000e+00
-1.994729973375797272e-02 -6.312780976295471191e-01 4.442013427615165710e-02 1.000000000000000000e+00
5.409909784793853760e-02 -5.993617773056030273e-01 5.117805674672126770e-02 1.000000000000000000e+00
1.043145805597305298e-01 -5.999900698661804199e-01 6.861111521720886230e-02 1.000000000000000000e+00
1.254885643720626831e-01 -6.333399415016174316e-01 1.153283864259719849e-01 0.000000000000000000e+00
1.656548529863357544e-01 -6.816016435623168945e-01 1.445286720991134644e-01 1.000000000000000000e+00
2.087272852659225464e-01 -7.497827410697937012e-01 1.947522014379501343e-01 1.000000000000000000e+00
2.929046452045440674e-01 -8.042556047439575195e-01 2.146160006523132324e-01 1.000000000000000000e+00
4.064681529998779297e-01 -8.509182333946228027e-01 2.123583704233169556e-01 1.000000000000000000e+00
4.936749637126922607e-01 -8.963900208473205566e-01 1.706682890653610229e-01 1.000000000000000000e+00
5.019287467002868652e-01 -9.288148880004882812e-01 8.984616398811340332e-02 1.000000000000000000e+00
4.391743540763854980e-01 -9.577386379241943359e-01 3.653080761432647705e-02 1.000000000000000000e+00
3.557106554508209229e-01 -9.882894754409790039e-01 3.317215293645858765e-02 1.000000000000000000e+00
2.785342335700988770e-01 -1.003956437110900879e+00 3.085906058549880981e-02 1.000000000000000000e+00
2.293688505887985229e-01 -1.009399652481079102e+00 3.057903051376342773e-02 1.000000000000000000e+00
-6.311991214752197266e-01 -5.567161440849304199e-01 3.159349411725997925e-02 1.000000000000000000e+00
-5.686210989952087402e-01 -5.887593030929565430e-01 3.203871846199035645e-02 1.000000000000000000e+00
-4.779451191425323486e-01 -6.156108379364013672e-01 3.692553564906120300e-02 1.000000000000000000e+00
-3.876520991325378418e-01 -6.399506926536560059e-01 5.434978008270263672e-02 1.000000000000000000e+00
-2.948471307754516602e-01 -6.498937010765075684e-01 7.457660138607025146e-02 1.000000000000000000e+00
-2.021497040987014771e-01 -6.480506658554077148e-01 1.033918261528015137e-01 1.000000000000000000e+00
-1.050490215420722961e-01 -6.374667286872863770e-01 1.139258295297622681e-01 1.000000000000000000e+00
-1.568988896906375885e-02 -6.189696788787841797e-01 1.156748086214065552e-01 1.000000000000000000e+00
6.300230324268341064e-02 -5.940300822257995605e-01 1.216074526309967041e-01 1.000000000000000000e+00
1.189817935228347778e-01 -5.648748278617858887e-01 1.204717904329299927e-01 1.000000000000000000e+00
1.523986607789993286e-01 -5.856766104698181152e-01 1.511297076940536499e-01 1.000000000000000000e+00
1.952692121267318726e-01 -6.313949823379516602e-01 1.720492690801620483e-01 1.000000000000000000e+00
2.509748339653015137e-01 -6.756375432014465332e-01 1.993293315172195435e-01 1.000000000000000000e+00
3.346076309680938721e-01 -7.237164974212646484e-01 2.202301621437072754e-01 1.000000000000000000e+00
4.481720030307769775e-01 -7.761881947517395020e-01 2.068497091531753540e-01 1.000000000000000000e+00
5.170758366584777832e-01 -8.250131607055664062e-01 1.440881192684173584e-01 1.000000000000000000e+00
4.951728284358978271e-01 -8.564168810844421387e-01 5.758944898843765259e-02 0.000000000000000000e+00
4.218965768814086914e-01 -8.887804150581359863e-01 3.440360352396965027e-02 0.000000000000000000e+00
3.411397933959960938e-01 -9.195361733436584473e-01 3.218542411923408508e-02 0.000000000000000000e+00
2.591847777366638184e-01 -9.414224028587341309e-01 3.083368763327598572e-02 1.000000000000000000e+00
1.964529156684875488e-01 -9.511814117431640625e-01 3.054315969347953796e-02 1.000000000000000000e+00
-6.098182797431945801e-01 -4.776437878608703613e-01 3.250966593623161316e-02 1.000000000000000000e+00
-5.495991110801696777e-01 -5.106081962585449219e-01 3.700658306479454041e-02 1.000000000000000000e+00
-4.658562839031219482e-01 -5.416589379310607910e-01 8.275727927684783936e-02 1.000000000000000000e+00
-3.783223330974578857e-01 -5.615513920783996582e-01 1.084102541208267212e-01 1.000000000000000000e+00
-2.850058078765869141e-01 -5.699919462203979492e-01 1.114414781332015991e-01 1.000000000000000000e+00
-1.943925917148590088e-01 -5.775920152664184570e-01 1.390544027090072632e-01 1.000000000000000000e+00
-1.009245067834854126e-01 -5.788733959197998047e-01 1.607235223054885864e-01 1.000000000000000000e+00
-1.399775035679340363e-02 -5.774361491203308105e-01 1.724296510219573975e-01 1.000000000000000000e+00
6.095559895038604736e-02 -5.612686276435852051e-01 1.790585815906524658e-01 1.000000000000000000e+00
1.283691227436065674e-01 -5.439884662628173828e-01 1.847950369119644165e-01 1.000000000000000000e+00
1.872427314519882202e-01 -5.407428145408630371e-01 1.890229284763336182e-01 1.000000000000000000e+00
2.366271167993545532e-01 -5.607714056968688965e-01 2.034077942371368408e-01 1.000000000000000000e+00
3.110953569412231445e-01 -5.956559777259826660e-01 2.120510935783386230e-01 1.000000000000000000e+00
4.013703465461730957e-01 -6.388946771621704102e-01 2.164403498172760010e-01 1.000000000000000000e+00
5.109301209449768066e-01 -6.930442452430725098e-01 1.874883770942687988e-01 1.000000000000000000e+00
5.313177108764648438e-01 -7.387722730636596680e-01 9.745600819587707520e-02 1.000000000000000000e+00
4.823704063892364502e-01 -7.697802186012268066e-01 3.622039780020713806e-02 0.000000000000000000e+00
4.025734066963195801e-01 -8.008245229721069336e-01 3.220956027507781982e-02 0.000000000000000000e+00
3.174725174903869629e-01 -8.231873512268066406e-01 3.095321729779243469e-02 0.000000000000000000e+00
2.269118279218673706e-01 -8.551662564277648926e-01 3.068617731332778931e-02 0.000000000000000000e+00
1.578121930360794067e-01 -8.715397119522094727e-01 3.059912845492362976e-02 1.000000000000000000e+00
-5.800023674964904785e-01 -3.930600881576538086e-01 3.531751036643981934e-02 1.000000000000000000e+00
-5.266721844673156738e-01 -4.265368580818176270e-01 5.794297531247138977e-02 1.000000000000000000e+00
-4.484682679176330566e-01 -4.664422273635864258e-01 1.138116717338562012e-01 1.000000000000000000e+00
-3.595046401023864746e-01 -4.879514575004577637e-01 1.368416994810104370e-01 1.000000000000000000e+00
-2.669249475002288818e-01 -4.946889877319335938e-01 1.378777176141738892e-01 1.000000000000000000e+00
-1.769883334636688232e-01 -5.000446438789367676e-01 1.427334398031234741e-01 1.000000000000000000e+00
-8.792397379875183105e-02 -4.980877637863159180e-01 1.543194502592086792e-01 1.000000000000000000e+00
-3.087582066655158997e-03 -4.978215694427490234e-01 1.740926206111907959e-01 1.000000000000000000e+00
7.477350533008575439e-02 -4.907358884811401367e-01 1.863571703433990479e-01 1.000000000000000000e+00
1.532348543405532837e-01 -4.849186539649963379e-01 2.021626532077789307e-01 1.000000000000000000e+00
2.237197011709213257e-01 -4.805416464805603027e-01 2.092422991991043091e-01 1.000000000000000000e+00
2.899764478206634521e-01 -4.904673099517822266e-01 2.230708152055740356e-01 1.000000000000000000e+00
3.780843317508697510e-01 -5.165758728981018066e-01 2.218503952026367188e-01 1.000000000000000000e+00
4.870794713497161865e-01 -5.612453818321228027e-01 2.142429500818252563e-01 1.000000000000000000e+00
5.494000911712646484e-01 -6.050246953964233398e-01 1.489135622978210449e-01 1.000000000000000000e+00
5.333643555641174316e-01 -6.387494206428527832e-01 5.698399245738983154e-02 1.000000000000000000e+00
4.620760083198547363e-01 -6.739732027053833008e-01 3.365497663617134094e-02 0.000000000000000000e+00
3.764078915119171143e-01 -7.038806676864624023e-01 3.115641325712203979e-02 0.000000000000000000e+00
2.887904345989227295e-01 -7.297115921974182129e-01 3.086015582084655762e-02 0.000000000000000000e+00
1.945466995239257812e-01 -7.612229585647583008e-01 3.061188757419586182e-02 0.000000000000000000e+00
1.220863312482833862e-01 -7.771567106246948242e-01 3.046493977308273315e-02 0.000000000000000000e+00
-5.429236292839050293e-01 -3.012256622314453125e-01 3.541277348995208740e-02 1.000000000000000000e+00
-4.972733855247497559e-01 -3.414795994758605957e-01 6.659856438636779785e-02 1.000000000000000000e+00
-4.230294525623321533e-01 -3.883039951324462891e-01 1.199448555707931519e-01 1.000000000000000000e+00
-3.375067412853240967e-01 -4.160600900650024414e-01 1.409901380538940430e-01 1.000000000000000000e+00
-2.485025525093078613e-01 -4.249917268753051758e-01 1.441083550453186035e-01 1.000000000000000000e+00
-1.568786799907684326e-01 -4.256815314292907715e-01 1.286267787218093872e-01 1.000000000000000000e+00
-6.536553055047988892e-02 -4.218839406967163086e-01 1.232130825519561768e-01 1.000000000000000000e+00
1.786793582141399384e-02 -4.180117845535278320e-01 1.404426246881484985e-01 1.000000000000000000e+00
9.848986566066741943e-02 -4.130609631538391113e-01 1.585140377283096313e-01 1.000000000000000000e+00
1.815932542085647583e-01 -4.147090315818786621e-01 1.864349991083145142e-01 1.000000000000000000e+00
2.581384181976318359e-01 -4.137063622474670410e-01 2.119142711162567139e-01 1.000000000000000000e+00
3.364828824996948242e-01 -4.210347533226013184e-01 2.288315743207931519e-01 1.000000000000000000e+00
4.359511733055114746e-01 -4.490368366241455078e-01 2.215514481067657471e-01 1.000000000000000000e+00
5.443553328514099121e-01 -4.785792827606201172e-01 1.964506953954696655e-01 1.000000000000000000e+00
5.616504549980163574e-01 -5.087518095970153809e-01 1.131341457366943359e-01 1.000000000000000000e+00
5.239226818084716797e-01 -5.367663502693176270e-01 3.704541921615600586e-02 0.000000000000000000e+00
4.427499473094940186e-01 -5.731187462806701660e-01 3.248831629753112793e-02 0.000000000000000000e+00
3.558473289012908936e-01 -6.031330823898315430e-01 3.105192258954048157e-02 0.000000000000000000e+00
2.638090848922729492e-01 -6.379185914993286133e-01 3.084785118699073792e-02 0.000000000000000000e+00
1.694316267967224121e-01 -6.657277941703796387e-01 3.056664019823074341e-02 0.000000000000000000e+00
9.913076460361480713e-02 -6.817311048507690430e-01 3.032973036170005798e-02 0.000000000000000000e+00
-5.062900781631469727e-01 -2.149479687213897705e-01 3.457909077405929565e-02 1.000000000000000000e+00
-4.625625312328338623e-01 -2.548792362213134766e-01 6.752774119377136230e-02 1.000000000000000000e+00
-3.946849107742309570e-01 -3.060797750949859619e-01 1.250364184379577637e-01 1.000000000000000000e+00
-3.114722073078155518e-01 -3.432298898696899414e-01 1.513198167085647583e-01 1.000000000000000000e+00
-2.253132164478302002e-01 -3.589267134666442871e-01 1.579654514789581299e-01 1.000000000000000000e+00
-1.349520832300186157e-01 -3.588332533836364746e-01 1.340752243995666504e-01 1.000000000000000000e+00
-4.354200512170791626e-02 -3.471382260322570801e-01 9.352956712245941162e-02 1.000000000000000000e+00
4.160079360008239746e-02 -3.380406498908996582e-01 8.821016550064086914e-02 1.000000000000000000e+00
1.246775537729263306e-01 -3.360854983329772949e-01 1.232226639986038208e-01 1.000000000000000000e+00
2.062792330980300903e-01 -3.376027941703796387e-01 1.635480821132659912e-01 1.000000000000000000e+00
2.844414412975311279e-01 -3.383432030677795410e-01 2.031461000442504883e-01 1.000000000000000000e+00
3.712893128395080566e-01 -3.435283303260803223e-01 2.175780087709426880e-01 1.000000000000000000e+00
4.736392796039581299e-01 -3.661790490150451660e-01 2.133607417345046997e-01 1.000000000000000000e+00
5.661506056785583496e-01 -3.845001459121704102e-01 1.721196025609970093e-01 1.000000000000000000e+00
5.660156607627868652e-01 -4.089120626449584961e-01 8.521872758865356445e-02 1.000000000000000000e+00
5.077013969421386719e-01 -4.419038891792297363e-01 3.483149036765098572e-02 0.000000000000000000e+00
4.230855107307434082e-01 -4.757038950920104980e-01 3.188429027795791626e-02 0.000000000000000000e+00
3.335663676261901855e-01 -5.062897801399230957e-01 3.108698502182960510e-02 0.000000000000000000e+00
2.374209314584732056e-01 -5.405694246292114258e-01 3.085597977042198181e-02 0.000000000000000000e+00
1.465111225843429565e-01 -5.712044835090637207e-01 3.058596327900886536e-02 0.000000000000000000e+00
7.798098772764205933e-02 -5.927010178565979004e-01 3.029088675975799561e-02 0.000000000000000000e+00
-4.673015773296356201e-01 -1.335448920726776123e-01 3.365971520543098450e-02 1.000000000000000000e+00
-4.278306066989898682e-01 -1.729232072830200195e-01 7.080076634883880615e-02 1.000000000000000000e+00
-3.660930097103118896e-01 -2.229282855987548828e-01 1.309513747692108154e-01 1.000000000000000000e+00
-2.881945371627807617e-01 -2.664079666137695312e-01 1.683126538991928101e-01 1.000000000000000000e+00
-2.024269998073577881e-01 -2.916742265224456787e-01 1.947729587554931641e-01 1.000000000000000000e+00
-1.085099503397941589e-01 -2.883591651916503906e-01 1.614279001951217651e-01 1.000000000000000000e+00
-2.460925467312335968e-02 -2.694522142410278320e-01 9.043283760547637939e-02 1.000000000000000000e+00
5.425289273262023926e-02 -2.556080818176269531e-01 7.064816355705261230e-02 1.000000000000000000e+00
1.400770097970962524e-01 -2.554350793361663818e-01 9.997597336769104004e-02 1.000000000000000000e+00
2.254851013422012329e-01 -2.580247521400451660e-01 1.431991755962371826e-01 1.000000000000000000e+00
3.012107610702514648e-01 -2.567934393882751465e-01 1.823447793722152710e-01 1.000000000000000000e+00
3.891682326793670654e-01 -2.594340145587921143e-01 2.026027888059616089e-01 1.000000000000000000e+00
4.948782026767730713e-01 -2.720533609390258789e-01 2.066596895456314087e-01 1.000000000000000000e+00
5.732321739196777344e-01 -2.826335430145263672e-01 1.525317430496215820e-01 1.000000000000000000e+00
5.626417398452758789e-01 -3.080573976039886475e-01 6.440167129039764404e-02 1.000000000000000000e+00
4.878573715686798096e-01 -3.496394157409667969e-01 3.382574766874313354e-02 0.000000000000000000e+00
4.043340981006622314e-01 -3.804531693458557129e-01 3.155570104718208313e-02 0.000000000000000000e+00
3.116572797298431396e-01 -4.149060249328613281e-01 3.112910315394401550e-02 0.000000000000000000e+00
2.141495048999786377e-01 -4.467352628707885742e-01 3.099568560719490051e-02 0.000000000000000000e+00
1.246155798435211182e-01 -4.801782369613647461e-01 3.059659153223037720e-02 0.000000000000000000e+00
5.910366028547286987e-02 -5.066139101982116699e-01 3.025381267070770264e-02 0.000000000000000000e+00
-4.287093281745910645e-01 -6.065113842487335205e-02 3.293091058731079102e-02 1.000000000000000000e+00
-3.874336481094360352e-01 -9.648983180522918701e-02 6.476712226867675781e-02 1.000000000000000000e+00
-3.383330702781677246e-01 -1.428628265857696533e-01 1.367588937282562256e-01 1.000000000000000000e+00
-2.667925655841827393e-01 -1.845940649509429932e-01 1.882701069116592407e-01 1.000000000000000000e+00
-1.811016798019409180e-01 -2.181091457605361938e-01 2.302488088607788086e-01 1.000000000000000000e+00
-8.838490396738052368e-02 -2.108319252729415894e-01 2.002371102571487427e-01 1.000000000000000000e+00
-1.246249116957187653e-02 -1.912900209426879883e-01 1.145099103450775146e-01 1.000000000000000000e+00
5.991813540458679199e-02 -1.751241236925125122e-01 7.633379101753234863e-02 1.000000000000000000e+00
1.457852125167846680e-01 -1.709073185920715332e-01 9.068977832794189453e-02 1.000000000000000000e+00
2.310249954462051392e-01 -1.709928512573242188e-01 1.250366717576980591e-01 1.000000000000000000e+00
3.134149909019470215e-01 -1.719172894954681396e-01 1.576205939054489136e-01 1.000000000000000000e+00
3.991556167602539062e-01 -1.705071330070495605e-01 1.885097771883010864e-01 1.000000000000000000e+00
5.014128684997558594e-01 -1.746570616960525513e-01 1.967997550964355469e-01 1.000000000000000000e+00
5.706232786178588867e-01 -1.802622079849243164e-01 1.347579658031463623e-01 1.000000000000000000e+00
5.471014976501464844e-01 -2.095851004123687744e-01 4.870673641562461853e-02 0.000000000000000000e+00
4.645054042339324951e-01 -2.531811892986297607e-01 3.300962597131729126e-02 0.000000000000000000e+00
3.802365362644195557e-01 -2.869921922683715820e-01 3.141216188669204712e-02 0.000000000000000000e+00
2.857638895511627197e-01 -3.245258927345275879e-01 3.120565414428710938e-02 0.000000000000000000e+00
1.873642951250076294e-01 -3.584703207015991211e-01 3.173803538084030151e-02 0.000000000000000000e+00
1.021091490983963013e-01 -3.904333710670471191e-01 3.066512942314147949e-02 0.000000000000000000e+00
4.909031093120574951e-02 -4.103977680206298828e-01 3.027088940143585205e-02 0.000000000000000000e+00
-3.854963779449462891e-01 9.648032486438751221e-03 3.217389434576034546e-02 1.000000000000000000e+00
-3.452245295047760010e-01 -2.138610184192657471e-02 5.204599723219871521e-02 1.000000000000000000e+00
-2.934636473655700684e-01 -6.131608039140701294e-02 1.275691688060760498e-01 1.000000000000000000e+00
-2.356160581111907959e-01 -1.040959060192108154e-01 1.913827061653137207e-01 1.000000000000000000e+00
-1.607710123062133789e-01 -1.401111483573913574e-01 2.523544430732727051e-01 1.000000000000000000e+00
-7.398825883865356445e-02 -1.333067566156387329e-01 2.319972515106201172e-01 1.000000000000000000e+00
5.065333098173141479e-04 -1.162211224436759949e-01 1.627670526504516602e-01 1.000000000000000000e+00
6.525661051273345947e-02 -9.515779465436935425e-02 1.013642102479934692e-01 1.000000000000000000e+00
1.454040259122848511e-01 -8.657310903072357178e-02 9.331887960433959961e-02 1.000000000000000000e+00
2.296860665082931519e-01 -8.471569418907165527e-02 1.140498667955398560e-01 1.000000000000000000e+00
3.129105865955352783e-01 -8.176514506340026855e-02 1.388096213340759277e-01 1.000000000000000000e+00
4.015486538410186768e-01 -7.896663248538970947e-02 1.788738965988159180e-01 1.000000000000000000e+00
4.962444603443145752e-01 -7.716679573059082031e-02 1.890317350625991821e-01 1.000000000000000000e+00
5.592686533927917480e-01 -7.894395291805267334e-02 1.224966198205947876e-01 1.000000000000000000e+00
5.233919024467468262e-01 -1.139159202575683594e-01 3.829929977655410767e-02 0.000000000000000000e+00
4.348334968090057373e-01 -1.577560156583786011e-01 3.237011283636093140e-02 0.000000000000000000e+00
3.528855443000793457e-01 -1.936594545841217041e-01 3.138552606105804443e-02 0.000000000000000000e+00
2.575032114982604980e-01 -2.325950413942337036e-01 3.171443939208984375e-02 0.000000000000000000e+00
1.564260870218276978e-01 -2.692307829856872559e-01 3.249474242329597473e-02 0.000000000000000000e+00
7.666278630495071411e-02 -2.995852828025817871e-01 3.058369085192680359e-02 0.000000000000000000e+00
3.488994389772415161e-02 -3.102501034736633301e-01 3.021759539842605591e-02 0.000000000000000000e+00
-3.578112125396728516e-01 7.265324890613555908e-02 3.193711861968040466e-02 1.000000000000000000e+00
-3.062324821949005127e-01 5.313019454479217529e-02 3.622432425618171692e-02 1.000000000000000000e+00
-2.466790527105331421e-01 2.114865183830261230e-02 1.095949113368988037e-01 1.000000000000000000e+00
-1.914960294961929321e-01 -1.986808329820632935e-02 1.715146899223327637e-01 1.000000000000000000e+00
-1.378135681152343750e-01 -6.333841383457183838e-02 2.371308654546737671e-01 1.000000000000000000e+00
-6.670600920915603638e-02 -6.251472234725952148e-02 2.391607761383056641e-01 1.000000000000000000e+00
-2.291301265358924866e-03 -3.450305759906768799e-02 1.824339181184768677e-01 1.000000000000000000e+00
5.977481603622436523e-02 -8.098505437374114990e-03 1.179112792015075684e-01 1.000000000000000000e+00
1.367157846689224243e-01 -4.371874034404754639e-03 1.022598892450332642e-01 1.000000000000000000e+00
2.198956608772277832e-01 -1.076444983482360840e-03 1.188572347164154053e-01 1.000000000000000000e+00
3.045353293418884277e-01 4.142887890338897705e-03 1.341452300548553467e-01 1.000000000000000000e+00
3.955831229686737061e-01 1.147201657295227051e-02 1.779143512248992920e-01 1.000000000000000000e+00
4.855301678180694580e-01 2.142053097486495972e-02 1.840763241052627563e-01 1.000000000000000000e+00
5.392196178436279297e-01 1.551016420125961304e-02 1.113016456365585327e-01 1.000000000000000000e+00
4.950729906558990479e-01 -1.906874030828475952e-02 3.704983741044998169e-02 0.000000000000000000e+00
4.053794741630554199e-01 -6.578867137432098389e-02 3.228018060326576233e-02 0.000000000000000000e+00
3.220983445644378662e-01 -1.049853861331939697e-01 3.144802898168563843e-02 0.000000000000000000e+00
2.242526262998580933e-01 -1.440029442310333252e-01 3.217484056949615479e-02 0.000000000000000000e+00
1.210931390523910522e-01 -1.804121583700180054e-01 3.292251750826835632e-02 0.000000000000000000e+00
4.825704544782638550e-02 -2.060722857713699341e-01 3.062976524233818054e-02 0.000000000000000000e+00
2.207872830331325531e-02 -2.096579074859619141e-01 3.018526360392570496e-02 0.000000000000000000e+00
-3.195867240428924561e-01 1.324364691972732544e-01 3.284956142306327820e-02 0.000000000000000000e+00
-2.672435641288757324e-01 1.205089092254638672e-01 3.704464435577392578e-02 0.000000000000000000e+00
-2.130010575056076050e-01 1.008005887269973755e-01 9.818053245544433594e-02 0.000000000000000000e+00
-1.494666635990142822e-01 6.668251752853393555e-02 1.560382246971130371e-01 1.000000000000000000e+00
-1.107731536030769348e-01 1.772361993789672852e-02 2.172933667898178101e-01 1.000000000000000000e+00
-6.108418852090835571e-02 9.186275303363800049e-03 2.395092248916625977e-01 1.000000000000000000e+00
-8.615830913186073303e-03 4.421573877334594727e-02 2.064556926488876343e-01 1.000000000000000000e+00
4.490723460912704468e-02 7.357777655124664307e-02 1.384361684322357178e-01 1.000000000000000000e+00
1.191207766532897949e-01 7.549864053726196289e-02 1.166059970855712891e-01 1.000000000000000000e+00
2.020292878150939941e-01 8.083365857601165771e-02 1.249572932720184326e-01 1.000000000000000000e+00
2.902182936668395996e-01 8.844858407974243164e-02 1.360897123813629150e-01 1.000000000000000000e+00
3.798797726631164551e-01 1.025018393993377686e-01 1.775303632020950317e-01 1.000000000000000000e+00
4.684746563434600830e-01 1.132925152778625488e-01 1.789038926362991333e-01 1.000000000000000000e+00
5.113226175308227539e-01 1.088460087776184082e-01 9.997725486755371094e-02 1.000000000000000000e+00
4.611784219741821289e-01 7.506042718887329102e-02 3.626461699604988098e-02 0.000000000000000000e+00
3.722894489765167236e-01 2.611760795116424561e-02 3.213099390268325806e-02 0.000000000000000000e+00
2.884423732757568359e-01 -1.563356816768646240e-02 3.170152753591537476e-02 0.000000000000000000e+00
1.926923096179962158e-01 -5.597031861543655396e-02 3.281640633940696716e-02 0.000000000000000000e+00
8.692929148674011230e-02 -9.510618448257446289e-02 3.352166712284088135e-02 0.000000000000000000e+00
2.516775764524936676e-02 -1.124008893966674805e-01 3.074266016483306885e-02 0.000000000000000000e+00
1.865085400640964508e-02 -1.098354831337928772e-01 3.035214915871620178e-02 0.000000000000000000e+00
-2.686224579811096191e-01 1.941797286272048950e-01 3.437259048223495483e-02 0.000000000000000000e+00
-2.306840121746063232e-01 1.889724284410476685e-01 5.432502180337905884e-02 0.000000000000000000e+00
-1.902490854263305664e-01 1.716089099645614624e-01 1.183446794748306274e-01 1.000000000000000000e+00
-1.580927819013595581e-01 1.268852800130844116e-01 1.800840049982070923e-01 1.000000000000000000e+00
-1.389667987823486328e-01 8.109542727470397949e-02 2.410318255424499512e-01 1.000000000000000000e+00
-8.417202532291412354e-02 8.532862365245819092e-02 2.689040899276733398e-01 1.000000000000000000e+00
-3.002483583986759186e-02 1.196769326925277710e-01 2.377821654081344604e-01 1.000000000000000000e+00
1.857901923358440399e-02 1.514135450124740601e-01 1.659983396530151367e-01 1.000000000000000000e+00
9.486553072929382324e-02 1.598815768957138062e-01 1.352459490299224854e-01 1.000000000000000000e+00
1.795949786901473999e-01 1.612178832292556763e-01 1.397618055343627930e-01 1.000000000000000000e+00
2.661566436290740967e-01 1.721785813570022583e-01 1.498941183090209961e-01 1.000000000000000000e+00
3.530323803424835205e-01 1.882568150758743286e-01 1.769707798957824707e-01 1.000000000000000000e+00
4.411729574203491211e-01 2.032008916139602661e-01 1.738018095493316650e-01 1.000000000000000000e+00
4.802360236644744873e-01 1.996197253465652466e-01 9.137889742851257324e-02 1.000000000000000000e+00
4.261053502559661865e-01 1.652882248163223267e-01 3.590006753802299500e-02 0.000000000000000000e+00
3.373490273952484131e-01 1.203423142433166504e-01 3.207079321146011353e-02 0.000000000000000000e+00
2.520220577716827393e-01 7.484802603721618652e-02 3.214254230260848999e-02 0.000000000000000000e+00
1.579517722129821777e-01 3.293509781360626221e-02 3.391085937619209290e-02 0.000000000000000000e+00
5.817115306854248047e-02 -5.589731037616729736e-03 3.469557315111160278e-02 0.000000000000000000e+00
8.364526554942131042e-03 -1.828410476446151733e-02 3.111070021986961365e-02 0.000000000000000000e+00
2.414245344698429108e-02 -1.728503033518791199e-02 3.044541925191879272e-02 0.000000000000000000e+00
-2.308557033538818359e-01 2.658215165138244629e-01 4.471289366483688354e-02 0.000000000000000000e+00
-2.198850661516189575e-01 2.570492029190063477e-01 8.947348594665527344e-02 0.000000000000000000e+00
-2.103331089019775391e-01 2.253340333700180054e-01 1.454471498727798462e-01 0.000000000000000000e+00
-2.196699082851409912e-01 1.545664817094802856e-01 2.164137512445449829e-01 1.000000000000000000e+00
-1.968055218458175659e-01 1.260251551866531372e-01 2.888509929180145264e-01 1.000000000000000000e+00
-1.338193863630294800e-01 1.532637029886245728e-01 3.104709684848785400e-01 1.000000000000000000e+00
-7.203985750675201416e-02 1.881611496210098267e-01 2.619998753070831299e-01 1.000000000000000000e+00
-1.321383379399776459e-02 2.224255055189132690e-01 1.951541155576705933e-01 1.000000000000000000e+00
6.518325209617614746e-02 2.327088862657546997e-01 1.643047928810119629e-01 1.000000000000000000e+00
1.473451703786849976e-01 2.348981648683547974e-01 1.661242842674255371e-01 1.000000000000000000e+00
2.327267974615097046e-01 2.488388270139694214e-01 1.591246128082275391e-01 1.000000000000000000e+00
3.198353946208953857e-01 2.691578865051269531e-01 1.717075407505035400e-01 1.000000000000000000e+00
4.049683213233947754e-01 2.909578680992126465e-01 1.673778295516967773e-01 1.000000000000000000e+00
4.413259029388427734e-01 2.934224009513854980e-01 8.812434971332550049e-02 1.000000000000000000e+00
3.879154026508331299e-01 2.570255994796752930e-01 3.590327128767967224e-02 0.000000000000000000e+00
3.009099662303924561e-01 2.131068557500839233e-01 3.216022998094558716e-02 0.000000000000000000e+00
2.157386988401412964e-01 1.695660054683685303e-01 3.284515067934989929e-02 0.000000000000000000e+00
1.238699853420257568e-01 1.266025453805923462e-01 3.591699153184890747e-02 0.000000000000000000e+00
3.224759548902511597e-02 8.563964068889617920e-02 4.015012457966804504e-02 0.000000000000000000e+00
3.796150907874107361e-03 7.773040235042572021e-02 3.183324635028839111e-02 0.000000000000000000e+00
5.510228872299194336e-02 8.122958242893218994e-02 3.044499084353446960e-02 0.000000000000000000e+00
-2.683364450931549072e-01 3.102447390556335449e-01 5.244588479399681091e-02 0.000000000000000000e+00
-2.862050533294677734e-01 2.857430577278137207e-01 9.890757501125335693e-02 1.000000000000000000e+00
-2.932928204536437988e-01 2.345230132341384888e-01 1.684993505477905273e-01 1.000000000000000000e+00
-2.909875512123107910e-01 1.867005378007888794e-01 2.446162104606628418e-01 1.000000000000000000e+00
-2.563805878162384033e-01 1.764904111623764038e-01 3.277931511402130127e-01 1.000000000000000000e+00
-1.881817281246185303e-01 2.122321873903274536e-01 3.258766531944274902e-01 1.000000000000000000e+00
-1.226983368396759033e-01 2.500481605529785156e-01 2.800998985767364502e-01 1.000000000000000000e+00
-5.149841308593750000e-02 2.834945917129516602e-01 2.245607823133468628e-01 1.000000000000000000e+00
3.201824426651000977e-02 2.995603680610656738e-01 1.982913613319396973e-01 1.000000000000000000e+00
1.113886982202529907e-01 3.074697256088256836e-01 1.865312159061431885e-01 1.000000000000000000e+00
1.957838833332061768e-01 3.246225714683532715e-01 1.679745018482208252e-01 1.000000000000000000e+00
2.811561226844787598e-01 3.497304916381835938e-01 1.742922365665435791e-01 1.000000000000000000e+00
3.621059060096740723e-01 3.763648271560668945e-01 1.648013144731521606e-01 1.000000000000000000e+00
3.983079493045806885e-01 3.866799473762512207e-01 9.235458076000213623e-02 1.000000000000000000e+00
3.493119478225708008e-01 3.513554334640502930e-01 3.610296174883842468e-02 0.000000000000000000e+00
2.623297870159149170e-01 3.074076175689697266e-01 3.259213641285896301e-02 0.000000000000000000e+00
1.786393821239471436e-01 2.627592086791992188e-01 3.381975367665290833e-02 0.000000000000000000e+00
8.793482929468154907e-02 2.186354547739028931e-01 5.295792967081069946e-02 0.000000000000000000e+00
4.757734015583992004e-03 1.827735155820846558e-01 5.420310795307159424e-02 0.000000000000000000e+00
9.669320657849311829e-03 1.811318397521972656e-01 3.176402673125267029e-02 0.000000000000000000e+00
9.478867053985595703e-02 1.925016194581985474e-01 3.046470507979393005e-02 0.000000000000000000e+00
-3.654880225658416748e-01 3.349014520645141602e-01 3.478403389453887939e-02 0.000000000000000000e+00
-3.631304204463958740e-01 2.946873903274536133e-01 9.576216340065002441e-02 1.000000000000000000e+00
-3.713142573833465576e-01 2.489687949419021606e-01 1.749751716852188110e-01 1.000000000000000000e+00
-3.700728118419647217e-01 2.173507660627365112e-01 2.670333981513977051e-01 1.000000000000000000e+00
-3.189063072204589844e-01 2.413880676031112671e-01 3.403383791446685791e-01 1.000000000000000000e+00
-2.467623651027679443e-01 2.739037275314331055e-01 3.347496390342712402e-01 0.000000000000000000e+00
-1.726154685020446777e-01 3.039463162422180176e-01 3.017228543758392334e-01 1.000000000000000000e+00
-9.318619966506958008e-02 3.402365446090698242e-01 2.667033672332763672e-01 1.000000000000000000e+00
-1.288456656038761139e-02 3.647773265838623047e-01 2.340037822723388672e-01 1.000000000000000000e+00
6.699056923389434814e-02 3.745112419128417969e-01 1.995935887098312378e-01 1.000000000000000000e+00
1.494115442037582397e-01 3.954035639762878418e-01 1.735807359218597412e-01 1.000000000000000000e+00
2.334883958101272583e-01 4.271844029426574707e-01 1.714073866605758667e-01 1.000000000000000000e+00
3.126087784767150879e-01 4.601866602897644043e-01 1.676587164402008057e-01 1.000000000000000000e+00
3.563364446163177490e-01 4.769353270530700684e-01 1.022128164768218994e-01 1.000000000000000000e+00
3.140282630920410156e-01 4.464328885078430176e-01 3.682403266429901123e-02 0.000000000000000000e+00
2.274329513311386108e-01 4.041002988815307617e-01 3.339938074350357056e-02 0.000000000000000000e+00
1.413981765508651733e-01 3.590036630630493164e-01 3.528890013694763184e-02 0.000000000000000000e+00
4.724849760532379150e-02 3.121330142021179199e-01 7.408885657787322998e-02 0.000000000000000000e+00
-2.108067832887172699e-02 2.849432826042175293e-01 6.543180346488952637e-02 0.000000000000000000e+00
3.337718546390533447e-02 2.938340306282043457e-01 3.152891620993614197e-02 0.000000000000000000e+00
1.233518272638320923e-01 3.048246502876281738e-01 3.040097653865814209e-02 0.000000000000000000e+00
-4.193936288356781006e-01 3.522345423698425293e-01 3.451586142182350159e-02 0.000000000000000000e+00
-4.415387511253356934e-01 3.089853525161743164e-01 9.021088480949401855e-02 1.000000000000000000e+00
-4.493867456912994385e-01 2.815025448799133301e-01 1.806345283985137939e-01 1.000000000000000000e+00
-4.399072527885437012e-01 2.826158404350280762e-01 2.744269073009490967e-01 1.000000000000000000e+00
-3.790248334407806396e-01 3.183999061584472656e-01 3.401167392730712891e-01 1.000000000000000000e+00
-2.973602414131164551e-01 3.498569130897521973e-01 3.322342932224273682e-01 1.000000000000000000e+00
-2.219459414482116699e-01 3.756147623062133789e-01 3.023062646389007568e-01 1.000000000000000000e+00
-1.426777392625808716e-01 4.017353057861328125e-01 2.654754519462585449e-01 1.000000000000000000e+00
-6.489636003971099854e-02 4.168522357940673828e-01 2.168711274862289429e-01 1.000000000000000000e+00
1.281733624637126923e-02 4.330521821975708008e-01 1.800456643104553223e-01 1.000000000000000000e+00
9.356694668531417847e-02 4.588602781295776367e-01 1.574120223522186279e-01 1.000000000000000000e+00
1.778520196676254272e-01 4.988275766372680664e-01 1.586130410432815552e-01 1.000000000000000000e+00
2.594662606716156006e-01 5.411321520805358887e-01 1.689966171979904175e-01 1.000000000000000000e+00
3.130377531051635742e-01 5.660800933837890625e-01 1.141996532678604126e-01 1.000000000000000000e+00
2.813469469547271729e-01 5.437797307968139648e-01 3.786131367087364197e-02 0.000000000000000000e+00
1.912125051021575928e-01 5.019378066062927246e-01 3.402624651789665222e-02 0.000000000000000000e+00
1.020183116197586060e-01 4.553189277648925781e-01 4.636292159557342529e-02 0.000000000000000000e+00
1.280394755303859711e-02 4.087712168693542480e-01 9.089078009128570557e-02 0.000000000000000000e+00
-3.103277646005153656e-02 3.872227072715759277e-01 5.878493562340736389e-02 0.000000000000000000e+00
5.544012784957885742e-02 4.079414010047912598e-01 3.104393929243087769e-02 0.000000000000000000e+00
1.350173503160476685e-01 4.150600433349609375e-01 3.041737526655197144e-02 0.000000000000000000e+00
-4.885155856609344482e-01 3.666726350784301758e-01 3.287242725491523743e-02 0.000000000000000000e+00
-5.212111473083496094e-01 3.350551128387451172e-01 8.302366733551025391e-02 1.000000000000000000e+00
-5.272240042686462402e-01 3.349638581275939941e-01 1.672387570142745972e-01 1.000000000000000000e+00
-5.041090846061706543e-01 3.614736795425415039e-01 2.634376287460327148e-01 1.000000000000000000e+00
-4.420356750488281250e-01 3.990715742111206055e-01 3.237306773662567139e-01 1.000000000000000000e+00
-3.614644110202789307e-01 4.247587919235229492e-01 3.051383495330810547e-01 1.000000000000000000e+00
-2.772131562232971191e-01 4.419223070144653320e-01 2.636215984821319580e-01 1.000000000000000000e+00
-1.981367170810699463e-01 4.471287727355957031e-01 2.115338146686553955e-01 1.000000000000000000e+00
-1.193741336464881897e-01 4.649846553802490234e-01 1.700329035520553589e-01 1.000000000000000000e+00
-4.180470854043960571e-02 4.882371425628662109e-01 1.389208734035491943e-01 1.000000000000000000e+00
4.172699898481369019e-02 5.249931812286376953e-01 1.270909905433654785e-01 1.000000000000000000e+00
1.203289479017257690e-01 5.691360831260681152e-01 1.385418027639389038e-01 1.000000000000000000e+00
2.028359025716781616e-01 6.210358142852783203e-01 1.621109843254089355e-01 1.000000000000000000e+00
2.656691968441009521e-01 6.541131138801574707e-01 1.258326023817062378e-01 1.000000000000000000e+00
2.465075999498367310e-01 6.409721970558166504e-01 3.970364853739738464e-02 1.000000000000000000e+00
1.563286632299423218e-01 5.998325347900390625e-01 3.524174541234970093e-02 0.000000000000000000e+00
6.666164100170135498e-02 5.554559230804443359e-01 5.628830567002296448e-02 0.000000000000000000e+00
-1.572321355342864990e-02 5.103845596313476562e-01 9.725026786327362061e-02 0.000000000000000000e+00
-2.942475117743015289e-02 4.964036941528320312e-01 4.490011557936668396e-02 0.000000000000000000e+00
6.827145814895629883e-02 5.176015496253967285e-01 3.100661188364028931e-02 0.000000000000000000e+00
1.401881277561187744e-01 5.239259004592895508e-01 3.039948642253875732e-02 0.000000000000000000e+00
-5.520037412643432617e-01 4.131684303283691406e-01 3.203973919153213501e-02 0.000000000000000000e+00
-5.815585255622863770e-01 3.989316225051879883e-01 6.359338760375976562e-02 1.000000000000000000e+00
-5.995159149169921875e-01 4.026328921318054199e-01 1.472058445215225220e-01 1.000000000000000000e+00
-5.771130323410034180e-01 4.358189105987548828e-01 2.363787144422531128e-01 1.000000000000000000e+00
-5.089666843414306641e-01 4.741914868354797363e-01 2.787092924118041992e-01 1.000000000000000000e+00
-4.216517806053161621e-01 4.910246133804321289e-01 2.500021159648895264e-01 1.000000000000000000e+00
-3.323233425617218018e-01 4.906576275825500488e-01 1.996307969093322754e-01 1.000000000000000000e+00
-2.538744211196899414e-01 4.933124184608459473e-01 1.555871516466140747e-01 1.000000000000000000e+00
-1.748102009296417236e-01 5.118192434310913086e-01 1.126144379377365112e-01 1.000000000000000000e+00
-9.532970190048217773e-02 5.479850172996520996e-01 9.337399899959564209e-02 1.000000000000000000e+00
-1.536109484732151031e-02 5.952877998352050781e-01 9.967702627182006836e-02 1.000000000000000000e+00
6.533104926347732544e-02 6.485971808433532715e-01 1.242668330669403076e-01 1.000000000000000000e+00
1.454670578241348267e-01 7.046725153923034668e-01 1.575886011123657227e-01 1.000000000000000000e+00
2.151412963867187500e-01 7.412357926368713379e-01 1.333827376365661621e-01 1.000000000000000000e+00
2.105520963668823242e-01 7.362681627273559570e-01 5.226182192564010620e-02 1.000000000000000000e+00
1.240281015634536743e-01 6.977750062942504883e-01 3.636915609240531921e-02 0.000000000000000000e+00
3.417820483446121216e-02 6.550687551498413086e-01 6.311863660812377930e-02 0.000000000000000000e+00
-4.510394483804702759e-02 6.128260493278503418e-01 9.742930531501770020e-02 0.000000000000000000e+00
-3.039400838315486908e-02 6.031286120414733887e-01 3.734754770994186401e-02 0.000000000000000000e+00
8.036536723375320435e-02 6.270493865013122559e-01 3.093880042433738708e-02 0.000000000000000000e+00
1.441879421472549438e-01 6.328876614570617676e-01 3.041719272732734680e-02 0.000000000000000000e+00
-5.764008760452270508e-01 4.886114597320556641e-01 3.147079423069953918e-02 0.000000000000000000e+00
-6.209959387779235840e-01 4.661997556686401367e-01 3.806084766983985901e-02 1.000000000000000000e+00
-6.566950082778930664e-01 4.555332064628601074e-01 1.208259165287017822e-01 1.000000000000000000e+00
-6.427617669105529785e-01 4.941854476928710938e-01 1.935797929763793945e-01 1.000000000000000000e+00
-5.681793093681335449e-01 5.282079577445983887e-01 2.105086147785186768e-01 1.000000000000000000e+00
-4.733972251415252686e-01 5.478716492652893066e-01 1.816366463899612427e-01 1.000000000000000000e+00
-3.857976794242858887e-01 5.461954474449157715e-01 1.409074664115905762e-01 1.000000000000000000e+00
-3.145500719547271729e-01 5.493325591087341309e-01 9.651461243629455566e-02 1.000000000000000000e+00
-2.359880656003952026e-01 5.758713483810424805e-01 6.234266236424446106e-02 1.000000000000000000e+00
-1.543375104665756226e-01 6.207546591758728027e-01 6.590159237384796143e-02 1.000000000000000000e+00
-7.376561313867568970e-02 6.736016273498535156e-01 8.520875871181488037e-02 1.000000000000000000e+00
7.749004289507865906e-03 7.337505221366882324e-01 1.157921403646469116e-01 1.000000000000000000e+00
8.601072430610656738e-02 7.901118397712707520e-01 1.487204283475875854e-01 1.000000000000000000e+00
1.582892537117004395e-01 8.294866085052490234e-01 1.376526057720184326e-01 1.000000000000000000e+00
1.664552092552185059e-01 8.321251273155212402e-01 6.182930991053581238e-02 1.000000000000000000e+00
8.765849471092224121e-02 7.946746349334716797e-01 3.684201091527938843e-02 0.000000000000000000e+00
-2.306474372744560242e-03 7.531064748764038086e-01 6.784391403198242188e-02 0.000000000000000000e+00
-8.020815253257751465e-02 7.083500027656555176e-01 9.062197804450988770e-02 0.000000000000000000e+00
-3.634038567543029785e-02 7.111432552337646484e-01 3.315842151641845703e-02 0.000000000000000000e+00
8.499091863632202148e-02 7.336777448654174805e-01 3.082581236958503723e-02 0.000000000000000000e+00
1.483441740274429321e-01 7.445705533027648926e-01 3.048992529511451721e-02 0.000000000000000000e+00
-6.054601669311523438e-01 5.711152553558349609e-01 3.099457547068595886e-02 0.000000000000000000e+00
-6.543619036674499512e-01 5.384272933006286621e-01 3.213731572031974792e-02 0.000000000000000000e+00
-6.999396681785583496e-01 5.175604820251464844e-01 7.997943460941314697e-02 1.000000000000000000e+00
-6.897245049476623535e-01 5.536357164382934570e-01 1.432367265224456787e-01 1.000000000000000000e+00
-6.050458550453186035e-01 5.916894078254699707e-01 1.445005685091018677e-01 1.000000000000000000e+00
-5.234655737876892090e-01 6.095542907714843750e-01 1.160881817340850830e-01 1.000000000000000000e+00
-4.473574459552764893e-01 6.178880333900451660e-01 7.499445974826812744e-02 1.000000000000000000e+00
-3.758591115474700928e-01 6.300647854804992676e-01 4.720552638173103333e-02 1.000000000000000000e+00
-2.953849732875823975e-01 6.573605537414550781e-01 3.655914962291717529e-02 1.000000000000000000e+00
-2.075893282890319824e-01 7.001780271530151367e-01 5.147431418299674988e-02 1.000000000000000000e+00
-1.275110840797424316e-01 7.542881369590759277e-01 7.671286165714263916e-02 1.000000000000000000e+00
-4.885048419237136841e-02 8.131398558616638184e-01 1.091530323028564453e-01 1.000000000000000000e+00
3.000843338668346405e-02 8.702204823493957520e-01 1.418640911579132080e-01 1.000000000000000000e+00
1.017953455448150635e-01 9.116619825363159180e-01 1.372261941432952881e-01 1.000000000000000000e+00
1.208546012639999390e-01 9.205491542816162109e-01 6.748124957084655762e-02 1.000000000000000000e+00
4.535868763923645020e-02 8.845480680465698242e-01 3.737152740359306335e-02 0.000000000000000000e+00
-4.561010748147964478e-02 8.444041013717651367e-01 6.881682574748992920e-02 0.000000000000000000e+00
-1.190745383501052856e-01 7.960186004638671875e-01 7.461620867252349854e-02 0.000000000000000000e+00
-4.763989523053169250e-02 8.126388788223266602e-01 3.185251727700233459e-02 0.000000000000000000e+00
7.757379114627838135e-02 8.337382674217224121e-01 3.086869046092033386e-02 0.000000000000000000e+00
1.407502293586730957e-01 8.401034474372863770e-01 3.065437823534011841e-02 0.000000000000000000e+00
-6.442907452583312988e-01 6.259762048721313477e-01 3.040951862931251526e-02 0.000000000000000000e+00
-6.807878017425537109e-01 5.934684276580810547e-01 3.172759711742401123e-02 0.000000000000000000e+00
-7.218443155288696289e-01 5.747401714324951172e-01 4.346800595521926880e-02 1.000000000000000000e+00
-7.106454372406005859e-01 6.022821664810180664e-01 1.029537916183471680e-01 1.000000000000000000e+00
-6.330419778823852539e-01 6.389833092689514160e-01 1.046515405178070068e-01 1.000000000000000000e+00
-5.555582046508789062e-01 6.586053967475891113e-01 7.287311553955078125e-02 1.000000000000000000e+00
-4.845651090145111084e-01 6.710211634635925293e-01 4.154117032885551453e-02 1.000000000000000000e+00
-4.131037294864654541e-01 6.858199834823608398e-01 3.445204719901084900e-02 1.000000000000000000e+00
-3.337731957435607910e-01 7.156961560249328613e-01 3.368575498461723328e-02 1.000000000000000000e+00
-2.422209829092025757e-01 7.572667002677917480e-01 3.933587670326232910e-02 1.000000000000000000e+00
-1.611752957105636597e-01 8.100330829620361328e-01 6.823161244392395020e-02 1.000000000000000000e+00
-8.685194700956344604e-02 8.674781322479248047e-01 1.030179560184478760e-01 1.000000000000000000e+00
-1.314921490848064423e-02 9.217716455459594727e-01 1.352614015340805054e-01 1.000000000000000000e+00
5.888639390468597412e-02 9.684845805168151855e-01 1.357062608003616333e-01 1.000000000000000000e+00
8.342930674552917480e-02 9.843041300773620605e-01 7.486726343631744385e-02 1.000000000000000000e+00
8.991690352559089661e-03 9.503477215766906738e-01 3.888753429055213928e-02 0.000000000000000000e+00
-8.199806511402130127e-02 9.145662188529968262e-01 7.014563679695129395e-02 0.000000000000000000e+00
-1.395706981420516968e-01 8.710725307464599609e-01 5.629911646246910095e-02 0.000000000000000000e+00
-5.871424078941345215e-02 8.928807973861694336e-01 3.110220283269882202e-02 0.000000000000000000e+00
6.199366599321365356e-02 9.041919112205505371e-01 3.080651164054870605e-02 0.000000000000000000e+00
1.207025051116943359e-01 9.033302068710327148e-01 3.055598959326744080e-02 0.000000000000000000e+00
