2.582012116909025712e-02 2.539238929748535156e-01 1.049009412527084351e-01 1.000000000000000000e+00
8.837127685546873612e-02 1.987334787845611572e-01 1.003452688455581665e-01 1.000000000000000000e+00
1.379905343055725098e-01 1.316520273685455322e-01 9.467278420925140381e-02 1.000000000000000000e+00
1.875511854887008667e-01 5.576651543378831344e-02 9.031797945499420166e-02 1.000000000000000000e+00
2.389164716005325317e-01 -2.210323698818682236e-02 8.905990421772003174e-02 1.000000000000000000e+00
2.910686135292053223e-01 -1.014397442340850691e-01 8.715675771236419678e-02 1.000000000000000000e+00
3.518155813217163086e-01 -1.846324056386947354e-01 8.499668538570404053e-02 1.000000000000000000e+00
4.113453030586242676e-01 -2.651906609535217285e-01 8.354794979095458984e-02 1.000000000000000000e+00
4.654956459999084473e-01 -3.457328379154204767e-01 8.370324969291687012e-02 1.000000000000000000e+00
5.163443088531494141e-01 -4.203890562057494562e-01 9.249097108840942383e-02 1.000000000000000000e+00
5.598587989807128906e-01 -4.918562471866607111e-01 1.164563298225402832e-01 1.000000000000000000e+00
6.100170016288757324e-01 -5.648157000541687012e-01 1.504134237766265869e-01 1.000000000000000000e+00
6.554213762283325195e-01 -6.387153863906860352e-01 1.776119321584701538e-01 1.000000000000000000e+00
7.004739046096801758e-01 -7.084336280822753906e-01 1.757397353649139404e-01 1.000000000000000000e+00
7.571936845779418945e-01 -7.637665867805480957e-01 1.515511274337768555e-01 1.000000000000000000e+00
8.218439221382141113e-01 -8.007775545120239258e-01 1.228955984115600586e-01 1.000000000000000000e+00
8.978311419486999512e-01 -8.237815499305725098e-01 8.497083187103271484e-02 1.000000000000000000e+00
9.797680974006652832e-01 -8.190440535545348011e-01 4.248404502868652344e-02 1.000000000000000000e+00
1.062351107597351074e+00 -8.005575537681578480e-01 3.477778285741806030e-02 1.000000000000000000e+00
1.142953395843505859e+00 -7.699685692787169300e-01 3.187546879053115845e-02 1.000000000000000000e+00
1.196125626564025879e+00 -7.368737459182738148e-01 3.081960603594779968e-02 1.000000000000000000e+00
-2.027400583028794723e-02 2.453654110431671143e-01 9.806856513023376465e-02 1.000000000000000000e+00
2.248224616050719174e-02 1.841946244239807129e-01 9.641100466251373291e-02 1.000000000000000000e+00
7.087667286396026611e-02 1.041627079248428345e-01 8.982875943183898926e-02 1.000000000000000000e+00
1.214530467987060547e-01 2.136618643999100425e-02 8.561693131923675537e-02 1.000000000000000000e+00
1.714772880077362061e-01 -6.186804175376890702e-02 8.467517793178558350e-02 1.000000000000000000e+00
2.267416268587112427e-01 -1.482930928468703946e-01 8.354510366916656494e-02 1.000000000000000000e+00
2.836881875991821289e-01 -2.298595756292342862e-01 8.398474752902984619e-02 1.000000000000000000e+00
3.418862223625183105e-01 -3.101320266723632812e-01 8.469459414482116699e-02 1.000000000000000000e+00
3.942298889160156250e-01 -3.846357166767120361e-01 9.082631766796112061e-02 1.000000000000000000e+00
4.432817697525024969e-01 -4.535161852836608887e-01 1.101613938808441162e-01 1.000000000000000000e+00
4.877574443817139227e-01 -5.207785367965698242e-01 1.421031504869461060e-01 1.000000000000000000e+00
5.326210260391235352e-01 -5.895924568176269531e-01 1.771848499774932861e-01 1.000000000000000000e+00
5.782347321510314941e-01 -6.594448089599609375e-01 1.872128993272781372e-01 1.000000000000000000e+00
6.371666193008422852e-01 -7.209548950195312500e-01 1.654168963432312012e-01 1.000000000000000000e+00
7.004444003105163574e-01 -7.626050710678100586e-01 1.307863742113113403e-01 1.000000000000000000e+00
7.711514830589294434e-01 -7.888192534446716309e-01 9.007741510868072510e-02 1.000000000000000000e+00
8.556625843048095703e-01 -7.919896245002746582e-01 4.928055033087730408e-02 1.000000000000000000e+00
9.454593062400817871e-01 -7.723911404609679066e-01 3.620348125696182251e-02 1.000000000000000000e+00
1.033882498741149902e+00 -7.408244013786314808e-01 3.260699659585952759e-02 1.000000000000000000e+00
1.119196534156799316e+00 -7.063750624656676136e-01 3.176465630531311035e-02 1.000000000000000000e+00
1.180527210235595703e+00 -6.787211894989012562e-01 3.092967346310615540e-02 1.000000000000000000e+00
-1.046697646379470964e-01 2.216786444187164307e-01 9.308418631553649902e-02 1.000000000000000000e+00
-6.179735437035561302e-02 1.515222936868667603e-01 8.981135487556457520e-02 1.000000000000000000e+00
-1.353165134787559856e-02 6.977664679288864136e-02 8.441585302352905273e-02 1.000000000000000000e+00
4.084409028291702271e-02 -1.952564157545566212e-02 7.927429676055908203e-02 1.000000000000000000e+00
9.582242369651795821e-02 -1.154352426528930664e-01 8.039845526218414307e-02 1.000000000000000000e+00
1.498758941888809204e-01 -2.005846202373504639e-01 8.261020481586456299e-02 1.000000000000000000e+00
2.064590007066726962e-01 -2.815287709236145020e-01 8.643358945846557617e-02 1.000000000000000000e+00
2.608454227447509766e-01 -3.556366264820098877e-01 9.506802260875701904e-02 1.000000000000000000e+00
3.104460835456848145e-01 -4.280919432640075684e-01 1.204788684844970703e-01 1.000000000000000000e+00
3.579730391502380926e-01 -4.917518198490142822e-01 1.524889320135116577e-01 1.000000000000000000e+00
3.988767862319946844e-01 -5.532115101814270020e-01 1.794968098402023315e-01 1.000000000000000000e+00
4.447464942932129461e-01 -6.218882203102111816e-01 1.907280385494232178e-01 1.000000000000000000e+00
5.006530880928039551e-01 -6.856717467308044434e-01 1.773695498704910278e-01 1.000000000000000000e+00
5.641177892684936523e-01 -7.312979698181152344e-01 1.348640322685241699e-01 1.000000000000000000e+00
6.372634172439575195e-01 -7.474241256713867188e-01 7.970529794692993164e-02 0.000000000000000000e+00
7.205750346183776855e-01 -7.384307980537414551e-01 4.404808953404426575e-02 0.000000000000000000e+00
8.110975027084350586e-01 -7.193847298622131348e-01 3.445617854595184326e-02 0.000000000000000000e+00
9.004805088043212891e-01 -6.887553930282592773e-01 3.210875764489173889e-02 1.000000000000000000e+00
9.922426342964172363e-01 -6.565468311309813343e-01 3.181094676256179810e-02 1.000000000000000000e+00
1.080839514732360840e+00 -6.216716170310973011e-01 3.155216947197914124e-02 1.000000000000000000e+00
1.145596742630004883e+00 -5.934524536132811390e-01 3.117995709180831909e-02 1.000000000000000000e+00
-1.926717758178710938e-01 1.794905513525009155e-01 8.757752180099487305e-02 1.000000000000000000e+00
-1.469979882240295410e-01 1.091655343770980696e-01 8.433850109577178955e-02 1.000000000000000000e+00
-9.778060019016265869e-02 2.653596363961695931e-02 7.689066231250762939e-02 1.000000000000000000e+00
-4.117876291275023720e-02 -6.616775691509246826e-02 7.369914650917053223e-02 1.000000000000000000e+00
1.592432707548142520e-02 -1.651640683412551880e-01 7.880702614784240723e-02 1.000000000000000000e+00
7.085853815078736739e-02 -2.520314455032348633e-01 8.560681343078613281e-02 1.000000000000000000e+00
1.288653612136841098e-01 -3.310872018337249756e-01 1.003532111644744873e-01 1.000000000000000000e+00
1.785427182912826816e-01 -4.007565379142761230e-01 1.280869245529174805e-01 1.000000000000000000e+00
2.233469337224960605e-01 -4.688465595245361328e-01 1.618734151124954224e-01 1.000000000000000000e+00
2.654287815093994696e-01 -5.305284857749938965e-01 1.888795644044876099e-01 1.000000000000000000e+00
3.139493465423584539e-01 -5.921056270599365234e-01 1.953963190317153931e-01 1.000000000000000000e+00
3.661018610000610907e-01 -6.524252295494079590e-01 1.836106777191162109e-01 1.000000000000000000e+00
4.271973371505737860e-01 -6.983737945556640625e-01 1.417220085859298706e-01 1.000000000000000000e+00
4.978984594345093329e-01 -7.110092043876647949e-01 7.938610017299652100e-02 0.000000000000000000e+00
5.848709344863891602e-01 -6.856759786605834961e-01 3.820717707276344299e-02 0.000000000000000000e+00
6.733132004737854004e-01 -6.577470898628234863e-01 3.294255211949348450e-02 0.000000000000000000e+00
7.648290991783142090e-01 -6.269738674163818359e-01 3.123782947659492493e-02 1.000000000000000000e+00
8.538141846656799316e-01 -5.946252346038818359e-01 3.115772083401679993e-02 1.000000000000000000e+00
9.464067816734313965e-01 -5.615736842155455433e-01 3.110868856310844421e-02 1.000000000000000000e+00
1.034280300140380859e+00 -5.262340307235716663e-01 3.131886199116706848e-02 1.000000000000000000e+00
1.100507140159606934e+00 -4.998929798603057306e-01 3.096944093704223633e-02 1.000000000000000000e+00
-2.784579098224639893e-01 1.337924450635909757e-01 8.119699358940124512e-02 1.000000000000000000e+00
-2.339432239532470703e-01 6.477393209934233231e-02 7.714614272117614746e-02 1.000000000000000000e+00
-1.830980479717254639e-01 -1.825360395014287082e-02 7.128362357616424561e-02 1.000000000000000000e+00
-1.246378570795059065e-01 -1.179977506399154802e-01 7.270486652851104736e-02 1.000000000000000000e+00
-6.876450777053831620e-02 -2.136360704898834229e-01 8.259893953800201416e-02 1.000000000000000000e+00
-8.991986513137800036e-03 -2.964006662368774414e-01 1.001036167144775391e-01 1.000000000000000000e+00
4.504992067813875373e-02 -3.700607717037200928e-01 1.328765153884887695e-01 1.000000000000000000e+00
9.148983657360079680e-02 -4.393115043640136719e-01 1.679100692272186279e-01 1.000000000000000000e+00
1.323146522045135776e-01 -5.075715184211730957e-01 1.958885937929153442e-01 1.000000000000000000e+00
1.805704832077026645e-01 -5.736630558967590332e-01 1.999040991067886353e-01 1.000000000000000000e+00
2.348501831293106357e-01 -6.295236349105834961e-01 1.844385415315628052e-01 1.000000000000000000e+00
2.966751456260681707e-01 -6.677994728088378906e-01 1.383340358734130859e-01 1.000000000000000000e+00
3.690406084060669500e-01 -6.742528676986694336e-01 7.563562691211700439e-02 0.000000000000000000e+00
4.561899900436401922e-01 -6.447408795356750488e-01 3.654015436768531799e-02 0.000000000000000000e+00
5.445908904075622559e-01 -6.069001555442810059e-01 3.188034147024154663e-02 0.000000000000000000e+00
6.354476213455200195e-01 -5.725698471069335938e-01 3.113050386309623718e-02 0.000000000000000000e+00
7.234429121017456055e-01 -5.399012565612792969e-01 3.111685067415237427e-02 1.000000000000000000e+00
8.131303191184997559e-01 -5.011914968490600586e-01 3.109026327729225159e-02 1.000000000000000000e+00
9.057074189186096191e-01 -4.625603556632995050e-01 3.108225017786026001e-02 1.000000000000000000e+00
9.932619929313659668e-01 -4.291048049926757257e-01 3.095618262887001038e-02 1.000000000000000000e+00
1.061090707778930664e+00 -4.020351171493529718e-01 3.087606281042098999e-02 1.000000000000000000e+00
-3.671199083328247070e-01 8.554733544588086214e-02 8.144710958003997803e-02 1.000000000000000000e+00
-3.221371769905090332e-01 1.263851299881933211e-02 7.678993046283721924e-02 1.000000000000000000e+00
-2.657753229141235352e-01 -7.385525852441789108e-02 7.289716601371765137e-02 1.000000000000000000e+00
-2.093724310398101807e-01 -1.711410284042358398e-01 8.233824372291564941e-02 1.000000000000000000e+00
-1.543457508087157926e-01 -2.611031532287597656e-01 1.053254902362823486e-01 1.000000000000000000e+00
-9.722302109003065629e-02 -3.357623815536499023e-01 1.381537765264511108e-01 1.000000000000000000e+00
-4.530037194490429964e-02 -4.056047201156616211e-01 1.734688133001327515e-01 1.000000000000000000e+00
-1.796983182430237844e-03 -4.800720512866973877e-01 2.002663761377334595e-01 1.000000000000000000e+00
4.355502873659137381e-02 -5.536703467369079590e-01 2.015895843505859375e-01 1.000000000000000000e+00
9.872773289680485120e-02 -6.085307002067565918e-01 1.762033849954605103e-01 1.000000000000000000e+00
1.644889414310455600e-01 -6.381545066833496094e-01 1.272949129343032837e-01 1.000000000000000000e+00
2.410464435815811435e-01 -6.368764638900756836e-01 6.525324285030364990e-02 0.000000000000000000e+00
3.255591988563538153e-01 -6.019577980041503906e-01 3.538765013217926025e-02 0.000000000000000000e+00
4.150670170783997137e-01 -5.615398883819580078e-01 3.145326301455497742e-02 0.000000000000000000e+00
5.035488009452819824e-01 -5.255317091941833496e-01 3.114528581500053406e-02 0.000000000000000000e+00
5.937554240226745605e-01 -4.887644350528716486e-01 3.111609071493148804e-02 0.000000000000000000e+00
6.831511259078979492e-01 -4.505184292793273371e-01 3.105565160512924194e-02 1.000000000000000000e+00
7.717241644859313965e-01 -4.087970852851867121e-01 3.095970675349235535e-02 1.000000000000000000e+00
8.630608320236206055e-01 -3.689969480037688654e-01 3.103642910718917847e-02 1.000000000000000000e+00
9.520561099052429199e-01 -3.332867324352263849e-01 3.098776936531066895e-02 1.000000000000000000e+00
1.019215703010559082e+00 -3.058093488216399591e-01 3.083892911672592163e-02 1.000000000000000000e+00
-4.468961358070373535e-01 3.290080651640889253e-02 8.450902998447418213e-02 1.000000000000000000e+00
-3.997544646263122559e-01 -4.398160427808764372e-02 8.308988809585571289e-02 1.000000000000000000e+00
-3.477165102958679199e-01 -1.350298076868057529e-01 9.113845229148864746e-02 1.000000000000000000e+00
-2.949679195880889893e-01 -2.237706035375595370e-01 1.165638715028762817e-01 1.000000000000000000e+00
-2.419589906930923184e-01 -2.997077405452728271e-01 1.486737579107284546e-01 1.000000000000000000e+00
-1.902399510145187100e-01 -3.731794953346252441e-01 1.811566948890686035e-01 1.000000000000000000e+00
-1.445268988609313687e-01 -4.505110681056976318e-01 2.048192173242568970e-01 1.000000000000000000e+00
-9.512333571910855379e-02 -5.264894962310791016e-01 2.007559835910797119e-01 1.000000000000000000e+00
-4.121515154838558542e-02 -5.863592624664306641e-01 1.648514717817306519e-01 1.000000000000000000e+00
3.125191479921344412e-02 -6.076038479804992676e-01 1.041669547557830811e-01 1.000000000000000000e+00
1.101814657449722706e-01 -5.905256867408752441e-01 5.310501903295516968e-02 0.000000000000000000e+00
1.925922483205795566e-01 -5.586254000663757324e-01 3.393472731113433838e-02 0.000000000000000000e+00
2.820673584938049872e-01 -5.165487527847290039e-01 3.137984871864318848e-02 0.000000000000000000e+00
3.700251579284668524e-01 -4.801883995532989502e-01 3.117394074797630310e-02 0.000000000000000000e+00
4.607607126235961914e-01 -4.434037208557128351e-01 3.103865683078765869e-02 0.000000000000000000e+00
5.508802533149719238e-01 -4.039986729621886652e-01 3.099833801388740540e-02 0.000000000000000000e+00
6.377494335174560547e-01 -3.586060106754302423e-01 3.103490546345710754e-02 1.000000000000000000e+00
7.266127467155456543e-01 -3.170560300350188654e-01 3.101186081767082214e-02 1.000000000000000000e+00
8.200334906578063965e-01 -2.762208878993987482e-01 3.103021532297134399e-02 1.000000000000000000e+00
9.095054268836975098e-01 -2.396401315927504938e-01 3.096177428960800171e-02 1.000000000000000000e+00
9.760708212852478027e-01 -2.096479535102843683e-01 3.083632141351699829e-02 1.000000000000000000e+00
-5.259118080139160156e-01 -2.070960961282256388e-02 9.993427991867065430e-02 1.000000000000000000e+00
-4.835989475250244141e-01 -9.702484309673312102e-02 1.079777926206588745e-01 1.000000000000000000e+00
-4.369868040084838867e-01 -1.836018264293670932e-01 1.369801908731460571e-01 1.000000000000000000e+00
-3.839936852455139160e-01 -2.621758580207824707e-01 1.711189746856689453e-01 1.000000000000000000e+00
-3.361188173294067383e-01 -3.434045910835266113e-01 1.945015937089920044e-01 1.000000000000000000e+00
-2.892100214958190918e-01 -4.195015430450439453e-01 2.079802006483078003e-01 1.000000000000000000e+00
-2.389166653156280240e-01 -4.952631294727325439e-01 1.968384236097335815e-01 1.000000000000000000e+00
-1.783603280782699307e-01 -5.554011464118957520e-01 1.524639874696731567e-01 1.000000000000000000e+00
-1.012370288372039379e-01 -5.672125816345214844e-01 9.188804030418395996e-02 1.000000000000000000e+00
-2.038254588842388845e-02 -5.378756523132324219e-01 4.466360807418823242e-02 0.000000000000000000e+00
5.991812050342562590e-02 -5.083906054496765137e-01 3.380050137639045715e-02 0.000000000000000000e+00
1.467747390270233432e-01 -4.692461788654327393e-01 3.139252215623855591e-02 0.000000000000000000e+00
2.381024807691574374e-01 -4.324672818183898926e-01 3.117747604846954346e-02 0.000000000000000000e+00
3.267780542373657227e-01 -3.990977406501770020e-01 3.104519471526145935e-02 0.000000000000000000e+00
4.148727059364318848e-01 -3.612418770790100098e-01 3.105450794100761414e-02 0.000000000000000000e+00
5.031753182411193848e-01 -3.178620934486388605e-01 3.101673722267150879e-02 0.000000000000000000e+00
5.897881388664245605e-01 -2.701338827610015314e-01 3.103411197662353516e-02 1.000000000000000000e+00
6.783380508422851562e-01 -2.277805358171462735e-01 3.103996068239212036e-02 1.000000000000000000e+00
7.724934816360473633e-01 -1.849420070648192804e-01 3.104006871581077576e-02 1.000000000000000000e+00
8.612816929817199707e-01 -1.431602686643599909e-01 3.109242394566535950e-02 1.000000000000000000e+00
9.291363954544067383e-01 -1.128825843334197443e-01 3.092585876584053040e-02 1.000000000000000000e+00
-6.074633598327636719e-01 -7.792627066373829237e-02 1.322119683027267456e-01 1.000000000000000000e+00
-5.703333020210266113e-01 -1.421731859445572177e-01 1.547126173973083496e-01 1.000000000000000000e+00
-5.272821784019470215e-01 -2.251343876123428622e-01 1.855000257492065430e-01 1.000000000000000000e+00
-4.827556014060974121e-01 -3.044956326484680731e-01 2.097306996583938599e-01 1.000000000000000000e+00
-4.326277971267700195e-01 -3.831437528133392334e-01 2.124793827533721924e-01 1.000000000000000000e+00
-3.829134106636046808e-01 -4.580923318862915039e-01 1.946461796760559082e-01 1.000000000000000000e+00
-3.146871924400329035e-01 -5.151857733726501465e-01 1.409524530172348022e-01 1.000000000000000000e+00
-2.384488284587859830e-01 -5.210953950881958008e-01 8.306843042373657227e-02 1.000000000000000000e+00
-1.583512574434280118e-01 -4.900312721729278564e-01 3.871119394898414612e-02 0.000000000000000000e+00
-7.461659610271451082e-02 -4.558932781219482422e-01 3.343033418059349060e-02 0.000000000000000000e+00
1.430621743202212075e-02 -4.201153516769409180e-01 3.144625201821327209e-02 0.000000000000000000e+00
1.055317223072052280e-01 -3.824167549610137939e-01 3.123301640152931213e-02 0.000000000000000000e+00
1.949483901262283603e-01 -3.482628464698791504e-01 3.113401308655738831e-02 0.000000000000000000e+00
2.820036411285400391e-01 -3.122857809066772461e-01 3.105352073907852173e-02 0.000000000000000000e+00
3.677523136138916016e-01 -2.758852541446685791e-01 3.105251491069793701e-02 0.000000000000000000e+00
4.526206254959106445e-01 -2.310283631086349210e-01 3.104440495371818542e-02 0.000000000000000000e+00
5.379347801208496094e-01 -1.864468455314635953e-01 3.106530383229255676e-02 1.000000000000000000e+00
6.279792785644531250e-01 -1.432394534349441251e-01 3.103686869144439697e-02 1.000000000000000000e+00
7.223726511001586914e-01 -9.620386362075801501e-02 3.106750175356864929e-02 1.000000000000000000e+00
8.116615414619445801e-01 -5.118770897388453395e-02 3.111793845891952515e-02 1.000000000000000000e+00
8.807659149169921875e-01 -2.233833633363241367e-02 3.100714460015296936e-02 1.000000000000000000e+00
-6.812053322792053223e-01 -1.329447478055954535e-01 1.758486181497573853e-01 1.000000000000000000e+00
-6.547684669494628906e-01 -1.871863007545471469e-01 1.875525265932083130e-01 1.000000000000000000e+00
-6.170225143432617188e-01 -2.599010765552521307e-01 2.117697596549987793e-01 1.000000000000000000e+00
-5.711129307746887207e-01 -3.421019613742828924e-01 2.195861190557479858e-01 1.000000000000000000e+00
-5.220375657081604004e-01 -4.184329211711884100e-01 1.971002668142318726e-01 1.000000000000000000e+00
-4.513608217239379328e-01 -4.704172313213348389e-01 1.303087323904037476e-01 1.000000000000000000e+00
-3.756291866302489679e-01 -4.702918827533721924e-01 7.368288934230804443e-02 1.000000000000000000e+00
-2.941306531429290771e-01 -4.364830553531646729e-01 3.706210479140281677e-02 0.000000000000000000e+00
-2.121112346649169644e-01 -4.019663333892822266e-01 3.302740678191184998e-02 0.000000000000000000e+00
-1.215553656220435819e-01 -3.683304488658905029e-01 3.148688748478889465e-02 0.000000000000000000e+00
-2.710418775677678888e-02 -3.350604772567749023e-01 3.127506375312805176e-02 0.000000000000000000e+00
6.392717361450196700e-02 -2.960885763168334961e-01 3.110613673925399780e-02 0.000000000000000000e+00
1.510648578405380527e-01 -2.614357769489288330e-01 3.107131272554397583e-02 0.000000000000000000e+00
2.348920255899429321e-01 -2.250142544507980069e-01 3.110120445489883423e-02 0.000000000000000000e+00
3.196016550064086914e-01 -1.875670254230498990e-01 3.113908320665359497e-02 0.000000000000000000e+00
4.043430685997009277e-01 -1.438663601875304898e-01 3.113099187612533569e-02 0.000000000000000000e+00
4.889147281646728516e-01 -1.021813154220580777e-01 3.114107623696327209e-02 1.000000000000000000e+00
5.790706276893615723e-01 -5.903271585702892649e-02 3.112151846289634705e-02 1.000000000000000000e+00
6.730471253395080566e-01 -1.099447719752784380e-02 3.116550669074058533e-02 1.000000000000000000e+00
7.628762722015380859e-01 3.623961657285695165e-02 3.110132366418838501e-02 1.000000000000000000e+00
8.323457241058349609e-01 6.670884788036351987e-02 3.109321743249893188e-02 1.000000000000000000e+00
-7.648727297782897949e-01 -1.778332144021988470e-01 2.028315663337707520e-01 1.000000000000000000e+00
-7.346833944320678711e-01 -2.191983163356781561e-01 2.078850120306015015e-01 1.000000000000000000e+00
-7.005892992019653320e-01 -2.939014732837677557e-01 2.228543460369110107e-01 1.000000000000000000e+00
-6.553840637207031250e-01 -3.756906390190125067e-01 2.000607699155807495e-01 1.000000000000000000e+00
-5.884156227111816406e-01 -4.244681894779205877e-01 1.266768574714660645e-01 1.000000000000000000e+00
-5.070410370826721191e-01 -4.151354432106018622e-01 6.327678263187408447e-02 0.000000000000000000e+00
-4.238361716270446777e-01 -3.827416598796844482e-01 3.617980331182479858e-02 0.000000000000000000e+00
-3.421111106872558594e-01 -3.494699001312255859e-01 3.254022076725959778e-02 0.000000000000000000e+00
-2.562193870544433594e-01 -3.175695240497589111e-01 3.153651952743530273e-02 0.000000000000000000e+00
-1.634053885936736783e-01 -2.844938933849334717e-01 3.129407018423080444e-02 0.000000000000000000e+00
-6.833130866289137406e-02 -2.495044618844985962e-01 3.112850338220596313e-02 0.000000000000000000e+00
2.191894501447679000e-02 -2.113848924636840820e-01 3.105079755187034607e-02 0.000000000000000000e+00
1.057361960411071916e-01 -1.739447116851806641e-01 3.109577298164367676e-02 0.000000000000000000e+00
1.887397617101669312e-01 -1.369810402393341064e-01 3.117037564516067505e-02 0.000000000000000000e+00
2.736127376556396484e-01 -9.771154820919035477e-02 3.114807233214378357e-02 0.000000000000000000e+00
3.592778444290161133e-01 -5.757757276296613519e-02 3.117446601390838623e-02 0.000000000000000000e+00
4.436699748039245605e-01 -1.583605818450448122e-02 3.115340694785118103e-02 1.000000000000000000e+00
5.329117774963378906e-01 2.629308588802817606e-02 3.114085271954536438e-02 1.000000000000000000e+00
6.243827939033508301e-01 7.533621788024906507e-02 3.113922104239463806e-02 1.000000000000000000e+00
7.151124477386474609e-01 1.231990307569504201e-01 3.116280585527420044e-02 1.000000000000000000e+00
7.866507768630981445e-01 1.539470553398132879e-01 3.105751052498817444e-02 1.000000000000000000e+00
-8.537935018539428711e-01 -2.164141386747360785e-01 2.124387472867965698e-01 1.000000000000000000e+00
-8.175045251846313477e-01 -2.588381469249725897e-01 2.240295708179473877e-01 1.000000000000000000e+00
-7.880676984786987305e-01 -3.250094354152679998e-01 2.065557539463043213e-01 1.000000000000000000e+00
-7.222548723220825195e-01 -3.722852468490601141e-01 1.314969509840011597e-01 1.000000000000000000e+00
-6.382492184638977051e-01 -3.693153262138367254e-01 6.150462105870246887e-02 0.000000000000000000e+00
-5.535827279090881348e-01 -3.346438705921173651e-01 3.571661934256553650e-02 0.000000000000000000e+00
-4.711551666259765625e-01 -2.977370321750641424e-01 3.214129060506820679e-02 0.000000000000000000e+00
-3.858664035797119141e-01 -2.676049768924713135e-01 3.152628242969512939e-02 0.000000000000000000e+00
-2.969806790351867676e-01 -2.359528988599777499e-01 3.137345984578132629e-02 0.000000000000000000e+00
-2.047929912805557251e-01 -2.009589225053787231e-01 3.122843056917190552e-02 0.000000000000000000e+00
-1.103809773921966414e-01 -1.630768924951553345e-01 3.111779317259788513e-02 0.000000000000000000e+00
-2.189785614609717629e-02 -1.258830726146697998e-01 3.105995431542396545e-02 0.000000000000000000e+00
6.076839566230774620e-02 -8.575090020895004272e-02 3.111327812075614929e-02 0.000000000000000000e+00
1.434331834316253662e-01 -4.837845265865325234e-02 3.124028444290161133e-02 0.000000000000000000e+00
2.280051857233047485e-01 -9.119385853409753273e-03 3.124368935823440552e-02 0.000000000000000000e+00
3.126785159111022949e-01 3.019285388290884192e-02 3.121956065297126770e-02 0.000000000000000000e+00
3.967301845550537109e-01 7.152805477380755339e-02 3.119660168886184692e-02 1.000000000000000000e+00
4.854413270950317383e-01 1.142014190554619113e-01 3.112519159913063049e-02 1.000000000000000000e+00
5.766045451164245605e-01 1.630503684282303134e-01 3.116714209318161011e-02 1.000000000000000000e+00
6.697424054145812988e-01 2.079766243696213046e-01 3.113786503672599792e-02 1.000000000000000000e+00
7.421185374259948730e-01 2.402970045804977972e-01 3.100779652595520020e-02 1.000000000000000000e+00
-9.336817860603332520e-01 -2.583135664463043768e-01 1.983786225318908691e-01 1.000000000000000000e+00
-9.010040163993835449e-01 -2.929880321025848944e-01 1.958312690258026123e-01 1.000000000000000000e+00
-8.510162234306335449e-01 -3.264466524124146063e-01 1.313182711601257324e-01 1.000000000000000000e+00
-7.717832922935485840e-01 -3.279704749584198553e-01 6.011099740862846375e-02 0.000000000000000000e+00
-6.871014833450317383e-01 -2.973341047763825018e-01 3.565727546811103821e-02 0.000000000000000000e+00
-6.027425527572631836e-01 -2.544728219509125311e-01 3.208193928003311157e-02 0.000000000000000000e+00
-5.168379545211791992e-01 -2.173000723123550693e-01 3.149279206991195679e-02 0.000000000000000000e+00
-4.295494556427001953e-01 -1.872143298387527743e-01 3.142701089382171631e-02 0.000000000000000000e+00
-3.411303162574768066e-01 -1.520981788635254184e-01 3.127785399556159973e-02 0.000000000000000000e+00
-2.499268352985382080e-01 -1.139737814664840837e-01 3.117894381284713745e-02 0.000000000000000000e+00
-1.566031277179718018e-01 -7.610908895730973678e-02 3.112148866057395935e-02 0.000000000000000000e+00
-6.812541931867599487e-02 -3.804890811443329551e-02 3.110915422439575195e-02 0.000000000000000000e+00
1.732967048883438110e-02 3.271596506237984571e-03 3.120267391204833984e-02 0.000000000000000000e+00
1.013672947883605957e-01 4.247475787997246482e-02 3.131665289402008057e-02 0.000000000000000000e+00
1.830214112997055054e-01 7.904815673828126388e-02 3.132686018943786621e-02 0.000000000000000000e+00
2.667060494422912598e-01 1.181588470935821672e-01 3.121702745556831360e-02 1.000000000000000000e+00
3.514215350151062012e-01 1.588539630174637118e-01 3.120315819978713989e-02 1.000000000000000000e+00
4.381946921348571777e-01 2.006092518568039218e-01 3.119566291570663452e-02 1.000000000000000000e+00
5.298509001731872559e-01 2.502339482307434637e-01 3.115270286798477173e-02 1.000000000000000000e+00
6.227255463600158691e-01 2.948091030120850164e-01 3.109949082136154175e-02 1.000000000000000000e+00
6.938108801841735840e-01 3.282094895839691717e-01 3.097031638026237488e-02 1.000000000000000000e+00
-1.009893298149108887e+00 -2.802908718585968573e-01 1.435273885726928711e-01 1.000000000000000000e+00
-9.720505475997924805e-01 -2.941798865795136053e-01 1.121234297752380371e-01 1.000000000000000000e+00
-8.969182372093200684e-01 -2.846381664276123602e-01 5.046388879418373108e-02 0.000000000000000000e+00
-8.171512484550476074e-01 -2.543474137783051092e-01 3.514095023274421692e-02 0.000000000000000000e+00
-7.334181666374206543e-01 -2.115698456764221747e-01 3.188109397888183594e-02 0.000000000000000000e+00
-6.474885940551757812e-01 -1.729040294885635654e-01 3.146411851048469543e-02 0.000000000000000000e+00
-5.593766570091247559e-01 -1.382575184106827060e-01 3.144912794232368469e-02 0.000000000000000000e+00
-4.725766181945800781e-01 -1.033156961202621738e-01 3.126736357808113098e-02 0.000000000000000000e+00
-3.849728703498840332e-01 -6.578181684017184172e-02 3.120837733149528503e-02 0.000000000000000000e+00
-2.950481772422790527e-01 -2.635156922042371577e-02 3.117504715919494629e-02 0.000000000000000000e+00
-2.026657015085220337e-01 1.319930329918860175e-02 3.113061934709548950e-02 0.000000000000000000e+00
-1.122215688228607178e-01 5.312254279851912758e-02 3.112085536122322083e-02 0.000000000000000000e+00
-2.743236720561981895e-02 9.306321293115615845e-02 3.126321732997894287e-02 0.000000000000000000e+00
5.619911104440688393e-02 1.332909762859344482e-01 3.136714920401573181e-02 0.000000000000000000e+00
1.391009539365768433e-01 1.702735126018524170e-01 3.137059509754180908e-02 0.000000000000000000e+00
2.229169458150863647e-01 2.095434516668319702e-01 3.127781301736831665e-02 1.000000000000000000e+00
3.084044456481933594e-01 2.483352571725845614e-01 3.120186179876327515e-02 1.000000000000000000e+00
3.959416151046752930e-01 2.880619764328002930e-01 3.118586912751197815e-02 1.000000000000000000e+00
4.861944913864135742e-01 3.380577862262726385e-01 3.112599626183509827e-02 1.000000000000000000e+00
5.763158798217773438e-01 3.821987807750702459e-01 3.107549995183944702e-02 1.000000000000000000e+00
6.475415229797363281e-01 4.161100983619690497e-01 3.092269599437713623e-02 1.000000000000000000e+00
-1.076396346092224121e+00 -2.579686343669891913e-01 6.575307250022888184e-02 1.000000000000000000e+00
-1.017051577568054199e+00 -2.419411391019821722e-01 3.911526873707771301e-02 0.000000000000000000e+00
-9.402811527252197266e-01 -2.094894051551819403e-01 3.373247012495994568e-02 0.000000000000000000e+00
-8.615561127662658691e-01 -1.690206825733185370e-01 3.178305551409721375e-02 0.000000000000000000e+00
-7.799175381660461426e-01 -1.296096742153168280e-01 3.140284866094589233e-02 0.000000000000000000e+00
-6.906396746635437012e-01 -9.025187045335773817e-02 3.134283423423767090e-02 0.000000000000000000e+00
-6.004871726036071777e-01 -5.145730078220370901e-02 3.127356991171836853e-02 0.000000000000000000e+00
-5.143222212791442871e-01 -1.495114900171759867e-02 3.116315603256225586e-02 0.000000000000000000e+00
-4.277703166007995605e-01 2.455974183976647462e-02 3.110065683722496033e-02 0.000000000000000000e+00
-3.378582596778869629e-01 6.507675349712370438e-02 3.108699247241020203e-02 0.000000000000000000e+00
-2.477944195270538330e-01 1.064800173044204573e-01 3.110547736287117004e-02 0.000000000000000000e+00
-1.570844352245330811e-01 1.464251130819320679e-01 3.120101243257522583e-02 0.000000000000000000e+00
-7.288458943367005782e-02 1.848181784152984619e-01 3.129935637116432190e-02 0.000000000000000000e+00
8.378945291042314003e-03 2.227768748998641968e-01 3.140369430184364319e-02 0.000000000000000000e+00
9.296439588069914384e-02 2.617605924606323242e-01 3.133000805974006653e-02 0.000000000000000000e+00
1.777864843606948575e-01 3.007745146751403809e-01 3.128522261977195740e-02 1.000000000000000000e+00
2.638604044914245605e-01 3.367145955562591553e-01 3.117484226822853088e-02 1.000000000000000000e+00
3.525127172470092773e-01 3.772545456886291504e-01 3.119761124253273010e-02 1.000000000000000000e+00
4.428620338439941406e-01 4.259370565414428711e-01 3.111927583813667297e-02 1.000000000000000000e+00
5.315759181976318359e-01 4.699129760265350897e-01 3.109663724899291992e-02 1.000000000000000000e+00
6.011611819267272949e-01 5.044583678245544434e-01 3.093596175312995911e-02 1.000000000000000000e+00
-1.131450176239013672e+00 -1.981313079595566351e-01 3.423724696040153503e-02 1.000000000000000000e+00
-1.066718459129333496e+00 -1.664381474256516058e-01 3.282727301120758057e-02 1.000000000000000000e+00
-9.883578419685363770e-01 -1.262421458959580023e-01 3.170768916606903076e-02 1.000000000000000000e+00
-9.078736305236816406e-01 -8.644296228885656186e-02 3.141931071877479553e-02 1.000000000000000000e+00
-8.236774206161499023e-01 -4.623468220233922094e-02 3.129779547452926636e-02 1.000000000000000000e+00
-7.347077727317810059e-01 -1.471875235438391749e-03 3.115767240524291992e-02 1.000000000000000000e+00
-6.441577672958374023e-01 4.050404578447337756e-02 3.110294416546821594e-02 1.000000000000000000e+00
-5.579403638839721680e-01 7.977394014596936311e-02 3.111384063959121704e-02 1.000000000000000000e+00
-4.695529341697692871e-01 1.198180988430976590e-01 3.112136200070381165e-02 0.000000000000000000e+00
-3.799510002136230469e-01 1.603745818138122281e-01 3.112842142581939697e-02 0.000000000000000000e+00
-2.909269928932189941e-01 1.995152682065963468e-01 3.116626664996147156e-02 0.000000000000000000e+00
-2.020255327224731723e-01 2.385723441839218140e-01 3.123612701892852783e-02 0.000000000000000000e+00
-1.179885864257812639e-01 2.754651904106140137e-01 3.134036809206008911e-02 0.000000000000000000e+00
-3.619120270013811286e-02 3.144088089466094971e-01 3.136743232607841492e-02 0.000000000000000000e+00
4.852153360843656366e-02 3.517286777496337891e-01 3.130571544170379639e-02 1.000000000000000000e+00
1.347798854112624845e-01 3.902978897094726562e-01 3.119492903351783752e-02 1.000000000000000000e+00
2.199579030275344571e-01 4.269110858440399170e-01 3.114901483058929443e-02 1.000000000000000000e+00
3.097158074378966730e-01 4.691743552684783936e-01 3.117996826767921448e-02 1.000000000000000000e+00
4.007061123847960871e-01 5.166311264038085938e-01 3.108323737978935242e-02 1.000000000000000000e+00
4.879059195518493097e-01 5.604899525642395020e-01 3.103315457701683044e-02 1.000000000000000000e+00
5.540503859519958496e-01 5.938387513160705566e-01 3.087874501943588257e-02 1.000000000000000000e+00
-1.182914614677429199e+00 -1.148023158311844566e-01 3.140760585665702820e-02 1.000000000000000000e+00
-1.116950869560241699e+00 -8.288816362619406963e-02 3.137226030230522156e-02 1.000000000000000000e+00
-1.035504341125488281e+00 -4.010555893182760762e-02 3.138952702283859253e-02 1.000000000000000000e+00
-9.536166191101074219e-01 -9.941570460796939502e-04 3.130970150232315063e-02 1.000000000000000000e+00
-8.658162951469421387e-01 4.385786131024355106e-02 3.116927668452262878e-02 1.000000000000000000e+00
-7.761424779891967773e-01 8.966885507106776843e-02 3.107042238116264343e-02 1.000000000000000000e+00
-6.875444054603576660e-01 1.346602737903594416e-01 3.104073926806449890e-02 1.000000000000000000e+00
-5.978445410728454590e-01 1.743573248386382779e-01 3.110691159963607788e-02 1.000000000000000000e+00
-5.101581215858459473e-01 2.135817706584930142e-01 3.110654279589653015e-02 1.000000000000000000e+00
-4.216824769973754883e-01 2.540904879570007324e-01 3.114742040634155273e-02 1.000000000000000000e+00
-3.332890272140502930e-01 2.924270927906036377e-01 3.122028335928916931e-02 1.000000000000000000e+00
-2.450006753206253329e-01 3.315471410751342773e-01 3.128860145807266235e-02 1.000000000000000000e+00
-1.614952981472015658e-01 3.667677640914916992e-01 3.131665661931037903e-02 1.000000000000000000e+00
-8.016365766525271330e-02 4.043906629085540771e-01 3.129975497722625732e-02 1.000000000000000000e+00
3.941178321838352018e-03 4.422588646411895752e-01 3.124446421861648560e-02 1.000000000000000000e+00
9.073241055011746492e-02 4.814927279949188232e-01 3.116624429821968079e-02 1.000000000000000000e+00
1.773911714553832730e-01 5.196977257728576660e-01 3.112556412816047668e-02 1.000000000000000000e+00
2.680253982543944757e-01 5.611093044281005859e-01 3.115236386656761169e-02 1.000000000000000000e+00
3.586301207542418878e-01 6.069430112838745117e-01 3.105388209223747253e-02 1.000000000000000000e+00
4.449645280838012140e-01 6.510702967643737793e-01 3.095533698797225952e-02 1.000000000000000000e+00
5.095286369323730469e-01 6.834049224853515625e-01 3.080702945590019226e-02 1.000000000000000000e+00
-1.229428529739379883e+00 -2.803966216743000034e-02 3.114961460232734680e-02 1.000000000000000000e+00
-1.165862560272216797e+00 1.096999272704053110e-03 3.128397837281227112e-02 1.000000000000000000e+00
-1.081749200820922852e+00 4.190367460250847553e-02 3.123354911804199219e-02 1.000000000000000000e+00
-9.941532611846923828e-01 8.846070617437357120e-02 3.118041902780532837e-02 1.000000000000000000e+00
-9.029341936111450195e-01 1.365908831357955378e-01 3.108533471822738647e-02 1.000000000000000000e+00
-8.124326467514038086e-01 1.804092526435851496e-01 3.110783547163009644e-02 1.000000000000000000e+00
-7.278576493263244629e-01 2.231428027153014582e-01 3.108989447355270386e-02 1.000000000000000000e+00
-6.409347653388977051e-01 2.631116211414336603e-01 3.108391910791397095e-02 1.000000000000000000e+00
-5.527732372283935547e-01 3.069305121898650568e-01 3.115282580256462097e-02 1.000000000000000000e+00
-4.644873738288879395e-01 3.471440076828002375e-01 3.119257092475891113e-02 1.000000000000000000e+00
-3.743588924407958984e-01 3.867299556732177734e-01 3.121842816472053528e-02 1.000000000000000000e+00
-2.874015569686889648e-01 4.254108667373657227e-01 3.130441531538963318e-02 1.000000000000000000e+00
-2.041029781103134433e-01 4.604080915451049805e-01 3.132213652133941650e-02 1.000000000000000000e+00
-1.226268857717514316e-01 4.967360794544219971e-01 3.129343688488006592e-02 1.000000000000000000e+00
-3.853447735309604300e-02 5.325881838798522949e-01 3.122340142726898193e-02 1.000000000000000000e+00
4.623814672231670725e-02 5.722588896751403809e-01 3.118501603603363037e-02 1.000000000000000000e+00
1.333626359701156339e-01 6.127308607101440430e-01 3.115939721465110779e-02 1.000000000000000000e+00
2.228391915559768399e-01 6.534165143966674805e-01 3.109948337078094482e-02 1.000000000000000000e+00
3.132421374320983332e-01 6.962121129035949707e-01 3.105575218796730042e-02 1.000000000000000000e+00
3.993937969207763117e-01 7.408187389373779297e-01 3.095271810889244080e-02 1.000000000000000000e+00
4.625334143638610285e-01 7.715291976928710938e-01 3.085694089531898499e-02 1.000000000000000000e+00
-1.273641347885131836e+00 5.488888174295417782e-02 3.095287084579467773e-02 1.000000000000000000e+00
-1.209778189659118652e+00 8.556447178125374531e-02 3.101247549057006836e-02 1.000000000000000000e+00
-1.124296426773071289e+00 1.287782341241835993e-01 3.111876174807548523e-02 1.000000000000000000e+00
-1.034112811088562012e+00 1.762845218181609552e-01 3.109174221754074097e-02 1.000000000000000000e+00
-9.456726312637329102e-01 2.242734730243682306e-01 3.114587441086769104e-02 1.000000000000000000e+00
-8.580957055091857910e-01 2.659079134464263361e-01 3.119910135865211487e-02 1.000000000000000000e+00
-7.715211510658264160e-01 3.057655990123748224e-01 3.114125877618789673e-02 1.000000000000000000e+00
-6.849272847175598145e-01 3.480074107646941584e-01 3.117664158344268799e-02 1.000000000000000000e+00
-5.959222912788391113e-01 3.939000368118285578e-01 3.120722994208335876e-02 1.000000000000000000e+00
-5.065339803695678711e-01 4.358850419521331232e-01 3.127321228384971619e-02 1.000000000000000000e+00
-4.185807108879089911e-01 4.782371222972869873e-01 3.131595626473426819e-02 1.000000000000000000e+00
-3.316867947578430731e-01 5.165796875953674316e-01 3.167807683348655701e-02 1.000000000000000000e+00
-2.487547695636749545e-01 5.518725514411926270e-01 3.161483630537986755e-02 1.000000000000000000e+00
-1.648095399141311923e-01 5.893048048019409180e-01 3.132331371307373047e-02 1.000000000000000000e+00
-7.918132096529011121e-02 6.252812743186950684e-01 3.129228577017784119e-02 1.000000000000000000e+00
5.991980433464009527e-03 6.632984876632690430e-01 3.120812028646469116e-02 1.000000000000000000e+00
9.127789735794063219e-02 7.048009634017944336e-01 3.111077472567558289e-02 1.000000000000000000e+00
1.801035106182097834e-01 7.467402219772338867e-01 3.106171265244483948e-02 1.000000000000000000e+00
2.699620723724364679e-01 7.876974940299987793e-01 3.098535537719726562e-02 1.000000000000000000e+00
3.534947633743285578e-01 8.303242921829223633e-01 3.098262846469879150e-02 1.000000000000000000e+00
4.157017469406127375e-01 8.599346280097961426e-01 3.090363740921020508e-02 1.000000000000000000e+00
-1.310411095619201660e+00 1.346831619739531638e-01 3.071149811148643494e-02 1.000000000000000000e+00
-1.249485492706298828e+00 1.661385744810103537e-01 3.083074465394020081e-02 1.000000000000000000e+00
-1.165178537368774414e+00 2.136212289333342673e-01 3.100414946675300598e-02 1.000000000000000000e+00
-1.074540972709655762e+00 2.638776898384093683e-01 3.108369931578636169e-02 1.000000000000000000e+00
-9.878839850425720215e-01 3.104667067527770441e-01 3.111881017684936523e-02 1.000000000000000000e+00
-9.028452634811401367e-01 3.507348299026488703e-01 3.114648908376693726e-02 1.000000000000000000e+00
-8.163742423057556152e-01 3.920758068561553400e-01 3.121441975235939026e-02 1.000000000000000000e+00
-7.263280153274536133e-01 4.348545968532561701e-01 3.126549720764160156e-02 1.000000000000000000e+00
-6.370899677276611328e-01 4.784564673900603693e-01 3.126431629061698914e-02 1.000000000000000000e+00
-5.487465858459472656e-01 5.203070640563964844e-01 3.132594749331474304e-02 1.000000000000000000e+00
-4.612270593643189032e-01 5.630961656570434570e-01 3.141367435455322266e-02 1.000000000000000000e+00
-3.751224875450134832e-01 6.031747460365295410e-01 3.181651607155799866e-02 1.000000000000000000e+00
-2.909971773624420721e-01 6.394392848014831543e-01 3.177180141210556030e-02 1.000000000000000000e+00
-2.052494883537292758e-01 6.787762045860290527e-01 3.145866468548774719e-02 1.000000000000000000e+00
-1.193052008748054921e-01 7.171018719673156738e-01 3.129865229129791260e-02 1.000000000000000000e+00
-3.516287729144101232e-02 7.542468309402465820e-01 3.119119256734848022e-02 1.000000000000000000e+00
4.934003204107279689e-02 7.954362034797668457e-01 3.107689321041107178e-02 1.000000000000000000e+00
1.373149901628493708e-01 8.380736112594604492e-01 3.105117753148078918e-02 1.000000000000000000e+00
2.268681973218917292e-01 8.782681822776794434e-01 3.104345872998237610e-02 1.000000000000000000e+00
3.093555569648742121e-01 9.204619526863098145e-01 3.096833452582359314e-02 1.000000000000000000e+00
3.724871873855590265e-01 9.480867385864257812e-01 3.089040517807006836e-02 1.000000000000000000e+00
-1.330951452255249023e+00 1.960493028163909079e-01 3.064867854118347168e-02 1.000000000000000000e+00
-1.274964332580566406e+00 2.303059995174407126e-01 3.073715791106224060e-02 1.000000000000000000e+00
-1.194206118583679199e+00 2.766768932342528742e-01 3.094280883669853210e-02 1.000000000000000000e+00
-1.104821324348449707e+00 3.267741203308104914e-01 3.110286593437194824e-02 1.000000000000000000e+00
-1.020257830619812012e+00 3.731491863727569025e-01 3.111163899302482605e-02 1.000000000000000000e+00
-9.347865581512451172e-01 4.175460934638976496e-01 3.117481246590614319e-02 1.000000000000000000e+00
-8.487291336059570312e-01 4.618779718875884455e-01 3.114999085664749146e-02 1.000000000000000000e+00
-7.588858008384704590e-01 5.083724260330200195e-01 3.116265311837196350e-02 1.000000000000000000e+00
-6.702179908752441406e-01 5.500770211219787598e-01 3.122458606958389282e-02 1.000000000000000000e+00
-5.814601778984069824e-01 5.921890735626220703e-01 3.122577816247940063e-02 1.000000000000000000e+00
-4.926148056983948309e-01 6.356870532035827637e-01 3.123113140463829041e-02 1.000000000000000000e+00
-4.071925878524780829e-01 6.756824851036071777e-01 3.123540431261062622e-02 1.000000000000000000e+00
-3.208563923835754950e-01 7.122186422348022461e-01 3.129114583134651184e-02 1.000000000000000000e+00
-2.362393438816071112e-01 7.509478330612182617e-01 3.127077966928482056e-02 1.000000000000000000e+00
-1.537519097328186590e-01 7.898100018501281738e-01 3.122412785887718201e-02 1.000000000000000000e+00
-6.654437631368642636e-02 8.294276595115661621e-01 3.116524592041969299e-02 1.000000000000000000e+00
2.030550688505167525e-02 8.686094880104064941e-01 3.109686076641082764e-02 1.000000000000000000e+00
1.068967878818511408e-01 9.107981920242309570e-01 3.100848197937011719e-02 1.000000000000000000e+00
1.939231306314467829e-01 9.504971504211425781e-01 3.099553287029266357e-02 1.000000000000000000e+00
2.742180824279784601e-01 9.882839918136596680e-01 3.093230724334716797e-02 1.000000000000000000e+00
3.347328901290893000e-01 1.013272404670715332e+00 3.083851188421249390e-02 1.000000000000000000e+00
