-9.077086448669432484e-01 -1.002367258071899636e+00 3.051701560616493225e-02 1.000000000000000000e+00
-8.391993641853331409e-01 -1.007945179939270020e+00 3.080324828624725342e-02 1.000000000000000000e+00
-7.426924705505369984e-01 -1.007400631904602051e+00 3.063233941793441772e-02 1.000000000000000000e+00
-6.301105618476866566e-01 -1.004227280616760254e+00 3.070418164134025574e-02 1.000000000000000000e+00
-5.108057260513304554e-01 -1.003375887870788574e+00 3.082780912518501282e-02 1.000000000000000000e+00
-4.034813940525053821e-01 -1.001397013664245605e+00 3.203439339995384216e-02 1.000000000000000000e+00
-3.016580045223234974e-01 -9.888734221458435059e-01 3.680614382028579712e-02 1.000000000000000000e+00
-2.171857357025145374e-01 -9.670425057411193848e-01 5.196845531463623047e-02 1.000000000000000000e+00
-1.512935161590575062e-01 -9.347235560417175293e-01 7.617145776748657227e-02 1.000000000000000000e+00
-1.058879196643828235e-01 -8.934712409973144531e-01 1.211676746606826782e-01 1.000000000000000000e+00
-8.171366155147542776e-02 -8.278209567070007324e-01 1.656961888074874878e-01 1.000000000000000000e+00
-6.633689999580373586e-02 -7.598131895065307617e-01 1.960171461105346680e-01 1.000000000000000000e+00
-4.441730678081504124e-02 -6.704158186912536621e-01 1.937515586614608765e-01 1.000000000000000000e+00
-2.987266890704624520e-02 -5.813264250755310059e-01 1.663159281015396118e-01 1.000000000000000000e+00
-1.089799962937825981e-02 -4.858502745628356934e-01 1.326159536838531494e-01 1.000000000000000000e+00
3.737898543477105682e-03 -3.847575783729553223e-01 1.095277667045593262e-01 1.000000000000000000e+00
1.618890836834911001e-02 -2.805335521697998047e-01 9.426632523536682129e-02 1.000000000000000000e+00
3.218638151884081061e-02 -1.808305829763412476e-01 8.350154757499694824e-02 1.000000000000000000e+00
4.398787021636963585e-02 -8.095863461494445801e-02 7.546223700046539307e-02 1.000000000000000000e+00
5.714032799005508423e-02 6.816096603870398785e-03 7.531942427158355713e-02 1.000000000000000000e+00
9.501048177480696244e-02 6.905125081539155441e-02 7.442906498908996582e-02 1.000000000000000000e+00
-9.176713228225706898e-01 -9.299625158309937634e-01 3.071564063429832458e-02 1.000000000000000000e+00
-8.387798666954039417e-01 -9.342800974845887341e-01 3.084830567240715027e-02 1.000000000000000000e+00
-7.389295101165770374e-01 -9.354581236839295544e-01 3.068954870104789734e-02 1.000000000000000000e+00
-6.301013231277464710e-01 -9.366354346275330700e-01 3.069171309471130371e-02 1.000000000000000000e+00
-5.132550001144408069e-01 -9.378736615180970349e-01 3.075010702013969421e-02 1.000000000000000000e+00
-4.027475118637083851e-01 -9.355444312095642090e-01 3.114209324121475220e-02 1.000000000000000000e+00
-2.977490425109862171e-01 -9.265335798263549805e-01 3.570323064923286438e-02 1.000000000000000000e+00
-2.012047171592711292e-01 -9.105275273323059082e-01 4.650963842868804932e-02 1.000000000000000000e+00
-1.208281069993971668e-01 -8.925955891609191895e-01 6.202301755547523499e-02 1.000000000000000000e+00
-5.841778218746174894e-02 -8.661276102066040039e-01 9.410429000854492188e-02 1.000000000000000000e+00
-2.385870926082124185e-02 -8.195515275001525879e-01 1.542354673147201538e-01 1.000000000000000000e+00
6.260333582758993709e-03 -7.375108003616333008e-01 1.919212788343429565e-01 1.000000000000000000e+00
2.829772792756565444e-02 -6.471312642097473145e-01 2.095703482627868652e-01 1.000000000000000000e+00
4.182063788175589825e-02 -5.629706382751464844e-01 1.948439329862594604e-01 1.000000000000000000e+00
6.138661503791814633e-02 -4.776577353477478027e-01 1.613668948411941528e-01 1.000000000000000000e+00
7.519759237766270032e-02 -3.802002668380737305e-01 1.253009140491485596e-01 1.000000000000000000e+00
8.549641817808154021e-02 -2.809413075447082520e-01 1.031265705823898315e-01 1.000000000000000000e+00
9.643439948558810149e-02 -1.783067286014556885e-01 9.027175605297088623e-02 1.000000000000000000e+00
1.122585460543632646e-01 -8.488497138023375077e-02 8.468435704708099365e-02 1.000000000000000000e+00
1.222521066665649414e-01 5.524493753910079442e-03 8.176703751087188721e-02 1.000000000000000000e+00
1.430663764476776123e-01 6.767669320106507735e-02 8.026708662509918213e-02 1.000000000000000000e+00
-9.236454963684080921e-01 -8.349509835243226208e-01 3.063667565584182739e-02 1.000000000000000000e+00
-8.448006510734556995e-01 -8.383557200431824841e-01 3.084741532802581787e-02 1.000000000000000000e+00
-7.422811388969420276e-01 -8.450965285301209606e-01 3.076314181089401245e-02 1.000000000000000000e+00
-6.342481374740599476e-01 -8.504785299301148571e-01 3.074413910508155823e-02 1.000000000000000000e+00
-5.218505263328551136e-01 -8.547785282135010876e-01 3.068565204739570618e-02 1.000000000000000000e+00
-4.131545424461363636e-01 -8.502928614616394043e-01 3.081387653946876526e-02 1.000000000000000000e+00
-3.053100407123564564e-01 -8.445628285408020020e-01 3.180150687694549561e-02 1.000000000000000000e+00
-2.035658657550810657e-01 -8.366087675094604492e-01 3.432760387659072876e-02 1.000000000000000000e+00
-1.095410287380217534e-01 -8.240588903427124023e-01 3.782727569341659546e-02 0.000000000000000000e+00
-2.797159366309632730e-02 -8.082077503204345703e-01 6.123117730021476746e-02 0.000000000000000000e+00
2.924872376024732420e-02 -7.758681178092956543e-01 1.056405305862426758e-01 0.000000000000000000e+00
7.084015011787422877e-02 -7.189353108406066895e-01 1.624128222465515137e-01 1.000000000000000000e+00
1.050564795732499002e-01 -6.423278450965881348e-01 1.967134028673171997e-01 1.000000000000000000e+00
1.291636675596237738e-01 -5.529491305351257324e-01 2.165853381156921387e-01 1.000000000000000000e+00
1.405503451824188788e-01 -4.641785621643066406e-01 2.027631253004074097e-01 1.000000000000000000e+00
1.507224142551422674e-01 -3.735930919647216797e-01 1.632903665304183960e-01 1.000000000000000000e+00
1.645023822784424106e-01 -2.832576632499694824e-01 1.289965212345123291e-01 1.000000000000000000e+00
1.758138686418533603e-01 -1.812173724174499234e-01 1.043660193681716919e-01 1.000000000000000000e+00
1.919942796230316162e-01 -8.567254245281216707e-02 9.494027495384216309e-02 1.000000000000000000e+00
2.047213912010192871e-01 4.153810441494013191e-03 8.874136209487915039e-02 1.000000000000000000e+00
2.241194397211074829e-01 7.696378231048586760e-02 8.123195171356201172e-02 1.000000000000000000e+00
-9.276087880134581409e-01 -7.387962937355042614e-01 3.068108111619949341e-02 1.000000000000000000e+00
-8.489305973052977405e-01 -7.385295033454896130e-01 3.087479248642921448e-02 1.000000000000000000e+00
-7.511644959449766956e-01 -7.442290186882020153e-01 3.085429966449737549e-02 1.000000000000000000e+00
-6.426796317100523792e-01 -7.492834329605103649e-01 3.069045394659042358e-02 1.000000000000000000e+00
-5.321668982505797230e-01 -7.548910975456238903e-01 3.065547347068786621e-02 1.000000000000000000e+00
-4.257732033729552112e-01 -7.545703649520874023e-01 3.068730235099792480e-02 1.000000000000000000e+00
-3.177704811096190296e-01 -7.536894083023071289e-01 3.080102056264877319e-02 1.000000000000000000e+00
-2.127423584461211326e-01 -7.490456700325012207e-01 3.101728484034538269e-02 1.000000000000000000e+00
-1.150312423706053716e-01 -7.385708093643188477e-01 3.175365179777145386e-02 0.000000000000000000e+00
-2.355301938951006452e-02 -7.292498350143432617e-01 3.586915880441665649e-02 0.000000000000000000e+00
5.673558264970788440e-02 -7.147289514541625977e-01 6.083884462714195251e-02 0.000000000000000000e+00
1.151087433099747537e-01 -6.768653988838195801e-01 1.147749423980712891e-01 0.000000000000000000e+00
1.603559404611588357e-01 -6.195194125175476074e-01 1.629187613725662231e-01 1.000000000000000000e+00
1.958635151386261541e-01 -5.448632836341857910e-01 1.984277516603469849e-01 1.000000000000000000e+00
2.187774628400803167e-01 -4.533151984214782715e-01 2.189700752496719360e-01 1.000000000000000000e+00
2.325293421745300848e-01 -3.605297803878783625e-01 2.064279317855834961e-01 1.000000000000000000e+00
2.507768273353577215e-01 -2.754824161529540461e-01 1.737939715385437012e-01 1.000000000000000000e+00
2.635549902915954590e-01 -1.871160119771957120e-01 1.382917314767837524e-01 1.000000000000000000e+00
2.803788185119628906e-01 -9.072035551071164217e-02 1.098263412714004517e-01 1.000000000000000000e+00
2.955983877182006836e-01 -1.955106854438745743e-03 1.005429178476333618e-01 1.000000000000000000e+00
3.150110840797424316e-01 7.273104786872867933e-02 9.091159701347351074e-02 1.000000000000000000e+00
-9.305047988891600452e-01 -6.420077085494996227e-01 3.070787340402603149e-02 1.000000000000000000e+00
-8.496285676956175648e-01 -6.375140547752381481e-01 3.079805523157119751e-02 1.000000000000000000e+00
-7.538537979125975452e-01 -6.410900354385377087e-01 3.078271821141242981e-02 1.000000000000000000e+00
-6.506329774856566273e-01 -6.453350186347962536e-01 3.069277107715606689e-02 1.000000000000000000e+00
-5.434228181838988148e-01 -6.498751044273377575e-01 3.058647736907005310e-02 1.000000000000000000e+00
-4.384798705577849787e-01 -6.532011628150939941e-01 3.056452050805091858e-02 1.000000000000000000e+00
-3.321757912635802668e-01 -6.534040570259094238e-01 3.068079054355621338e-02 1.000000000000000000e+00
-2.252861410379408957e-01 -6.534325480461120605e-01 3.082852438092231750e-02 1.000000000000000000e+00
-1.238500326871871116e-01 -6.507819890975952148e-01 3.093257918953895569e-02 0.000000000000000000e+00
-2.749816142022601731e-02 -6.420253515243530273e-01 3.116309270262718201e-02 0.000000000000000000e+00
6.336461752653130275e-02 -6.315231919288635254e-01 3.530330210924148560e-02 0.000000000000000000e+00
1.417973488569260476e-01 -6.119302511215209961e-01 6.361573934555053711e-02 0.000000000000000000e+00
2.021400183439255593e-01 -5.745974183082580566e-01 1.129828095436096191e-01 0.000000000000000000e+00
2.562822103500366766e-01 -5.190098285675048828e-01 1.554700881242752075e-01 1.000000000000000000e+00
2.938996255397797186e-01 -4.429855346679686945e-01 1.942803859710693359e-01 1.000000000000000000e+00
3.194214701652527411e-01 -3.544122576713561457e-01 2.182212322950363159e-01 1.000000000000000000e+00
3.400425016880035956e-01 -2.639902234077453058e-01 2.070762664079666138e-01 1.000000000000000000e+00
3.619340360164642334e-01 -1.822354346513747614e-01 1.781195700168609619e-01 1.000000000000000000e+00
3.756641149520874023e-01 -9.912016987800593981e-02 1.454338133335113525e-01 1.000000000000000000e+00
3.874537348747253418e-01 -1.357696950435633744e-02 1.182379573583602905e-01 1.000000000000000000e+00
4.064793586730957031e-01 6.488291174173360654e-02 1.077872067689895630e-01 1.000000000000000000e+00
-9.329531192779539905e-01 -5.401327013969422497e-01 3.067578375339508057e-02 1.000000000000000000e+00
-8.507802486419676624e-01 -5.392036437988282360e-01 3.082050755620002747e-02 1.000000000000000000e+00
-7.527541518211363636e-01 -5.412902235984803356e-01 3.082437813282012939e-02 1.000000000000000000e+00
-6.544741988182066761e-01 -5.439360141754151501e-01 3.074753284454345703e-02 1.000000000000000000e+00
-5.498197078704832874e-01 -5.473975539207459606e-01 3.064881637692451477e-02 1.000000000000000000e+00
-4.491554796695708673e-01 -5.497691631317138672e-01 3.060359507799148560e-02 1.000000000000000000e+00
-3.459694385528563898e-01 -5.497956871986389160e-01 3.068431094288825989e-02 1.000000000000000000e+00
-2.399933487176894586e-01 -5.526944994926452637e-01 3.067498281598091125e-02 1.000000000000000000e+00
-1.335075050592421930e-01 -5.518676042556762695e-01 3.085537999868392944e-02 1.000000000000000000e+00
-3.077569790184491241e-02 -5.481668114662170410e-01 3.103732690215110779e-02 0.000000000000000000e+00
6.545948982238776470e-02 -5.362829566001892090e-01 3.125634789466857910e-02 0.000000000000000000e+00
1.559881269931793768e-01 -5.257966518402099609e-01 3.546807169914245605e-02 0.000000000000000000e+00
2.335929721593857367e-01 -5.088380575180053711e-01 5.812842398881912231e-02 0.000000000000000000e+00
3.017392158508301336e-01 -4.747987389564513605e-01 1.010374128818511963e-01 0.000000000000000000e+00
3.583282232284546454e-01 -4.209718108177184503e-01 1.449664533138275146e-01 1.000000000000000000e+00
3.969067037105560858e-01 -3.444402217864989679e-01 1.870339661836624146e-01 1.000000000000000000e+00
4.300049543380737860e-01 -2.633118629455565851e-01 2.103298306465148926e-01 1.000000000000000000e+00
4.517853856086730957e-01 -1.772028356790542047e-01 2.040188759565353394e-01 1.000000000000000000e+00
4.685555696487426758e-01 -9.666070342063898257e-02 1.816946864128112793e-01 1.000000000000000000e+00
4.805532097816467285e-01 -1.348244398832315269e-02 1.499106436967849731e-01 1.000000000000000000e+00
4.969244301319122314e-01 5.799668282270437764e-02 1.275061815977096558e-01 1.000000000000000000e+00
-9.346541762351989746e-01 -4.362905621528626599e-01 3.062226995825767517e-02 1.000000000000000000e+00
-8.521756529808044434e-01 -4.374086260795594372e-01 3.068483248353004456e-02 1.000000000000000000e+00
-7.543284893035888672e-01 -4.404696226119996227e-01 3.071694076061248779e-02 1.000000000000000000e+00
-6.538742780685424805e-01 -4.437886476516724188e-01 3.072329238057136536e-02 1.000000000000000000e+00
-5.536552071571350098e-01 -4.440512657165527899e-01 3.066386282444000244e-02 1.000000000000000000e+00
-4.516461789608001154e-01 -4.459968209266663153e-01 3.070801869034767151e-02 1.000000000000000000e+00
-3.489045500755309503e-01 -4.478996992111206610e-01 3.059507533907890320e-02 1.000000000000000000e+00
-2.463845163583754938e-01 -4.491313695907593329e-01 3.062388300895690918e-02 1.000000000000000000e+00
-1.416853368282317560e-01 -4.481753110885620117e-01 3.071683272719383240e-02 1.000000000000000000e+00
-3.516831248998636417e-02 -4.461300969123840332e-01 3.088823333382606506e-02 0.000000000000000000e+00
6.626362353563314267e-02 -4.403895139694213867e-01 3.105678409337997437e-02 0.000000000000000000e+00
1.622853428125382025e-01 -4.306101202964782715e-01 3.129727393388748169e-02 0.000000000000000000e+00
2.519091069698334295e-01 -4.217464327812194269e-01 3.490462154150009155e-02 0.000000000000000000e+00
3.352404236793518622e-01 -4.064246416091918390e-01 4.477408900856971741e-02 0.000000000000000000e+00
4.072123765945435125e-01 -3.800960779190062921e-01 8.680061995983123779e-02 0.000000000000000000e+00
4.664971530437470038e-01 -3.304793834686278742e-01 1.329167634248733521e-01 1.000000000000000000e+00
5.084758400917053223e-01 -2.590667605400084894e-01 1.726546883583068848e-01 1.000000000000000000e+00
5.449471473693847656e-01 -1.816957443952559870e-01 1.982658952474594116e-01 1.000000000000000000e+00
5.611173510551452637e-01 -9.189024567604058003e-02 1.978848576545715332e-01 1.000000000000000000e+00
5.718185305595397949e-01 -6.605595350265432673e-03 1.744599044322967529e-01 1.000000000000000000e+00
5.888297557830810547e-01 6.362210959196097637e-02 1.516410708427429199e-01 1.000000000000000000e+00
-9.405025243759155273e-01 -3.278663158416749157e-01 3.063251078128814697e-02 1.000000000000000000e+00
-8.565483689308166504e-01 -3.322672843933106579e-01 3.072661533951759338e-02 1.000000000000000000e+00
-7.605615258216857910e-01 -3.400316238403321423e-01 3.078103065490722656e-02 1.000000000000000000e+00
-6.553932428359985352e-01 -3.435626029968262274e-01 3.071077540516853333e-02 1.000000000000000000e+00
-5.523644685745239258e-01 -3.425020575523377020e-01 3.064292296767234802e-02 1.000000000000000000e+00
-4.501053392887114923e-01 -3.431355953216553289e-01 3.063669800758361816e-02 1.000000000000000000e+00
-3.452822268009185236e-01 -3.462300300598145086e-01 3.064034879207611084e-02 1.000000000000000000e+00
-2.433636337518691461e-01 -3.464140295982361395e-01 3.064075857400894165e-02 1.000000000000000000e+00
-1.422805637121200006e-01 -3.480140566825866699e-01 3.067587688565254211e-02 1.000000000000000000e+00
-3.526935726404185900e-02 -3.467630743980407715e-01 3.075336664915084839e-02 0.000000000000000000e+00
6.765570491552357069e-02 -3.415428400039672852e-01 3.088610619306564331e-02 0.000000000000000000e+00
1.674631386995315829e-01 -3.348923921585083008e-01 3.106480464339256287e-02 0.000000000000000000e+00
2.608076632022858221e-01 -3.269614577293395441e-01 3.138773515820503235e-02 0.000000000000000000e+00
3.508741855621338446e-01 -3.187531232833861750e-01 3.368794545531272888e-02 0.000000000000000000e+00
4.364590942859650213e-01 -3.077388405799865168e-01 3.884086385369300842e-02 0.000000000000000000e+00
5.180318951606750488e-01 -2.847037911415099543e-01 7.311809062957763672e-02 0.000000000000000000e+00
5.802902579307556152e-01 -2.439032047986983420e-01 1.206689476966857910e-01 1.000000000000000000e+00
6.240278482437133789e-01 -1.772018820047377707e-01 1.589511185884475708e-01 1.000000000000000000e+00
6.572641730308532715e-01 -1.002482920885085227e-01 1.864150911569595337e-01 1.000000000000000000e+00
6.694101691246032715e-01 -1.102548837661735011e-02 1.897928565740585327e-01 1.000000000000000000e+00
6.821555495262145996e-01 6.811460107564934474e-02 1.726081669330596924e-01 1.000000000000000000e+00
-9.399299025535583496e-01 -2.258872836828232922e-01 3.048470243811607361e-02 1.000000000000000000e+00
-8.606644272804260254e-01 -2.287589758634568371e-01 3.062517940998077393e-02 1.000000000000000000e+00
-7.655922174453735352e-01 -2.371283620595932840e-01 3.066046908497810364e-02 1.000000000000000000e+00
-6.607345938682556152e-01 -2.425576597452164529e-01 3.069778159260749817e-02 1.000000000000000000e+00
-5.537513494491577148e-01 -2.435096353292465765e-01 3.070400655269622803e-02 1.000000000000000000e+00
-4.475153386592864435e-01 -2.444831877946854193e-01 3.071620687842369080e-02 1.000000000000000000e+00
-3.425932824611663263e-01 -2.444295734167099554e-01 3.068549185991287231e-02 1.000000000000000000e+00
-2.403965741395950040e-01 -2.478363662958145419e-01 3.066212311387062073e-02 1.000000000000000000e+00
-1.385865807533263883e-01 -2.515628933906555176e-01 3.068466857075691223e-02 1.000000000000000000e+00
-3.203934431076047029e-02 -2.506870627403259277e-01 3.068257868289947510e-02 0.000000000000000000e+00
7.109646499156954680e-02 -2.442328482866287231e-01 3.078496828675270081e-02 0.000000000000000000e+00
1.710326224565506259e-01 -2.355250269174575528e-01 3.092910349369049072e-02 0.000000000000000000e+00
2.654702067375183661e-01 -2.281806915998458585e-01 3.108741715550422668e-02 0.000000000000000000e+00
3.595790565013885498e-01 -2.221602052450179499e-01 3.124776110053062439e-02 0.000000000000000000e+00
4.514126479625701904e-01 -2.139567285776137751e-01 3.200078755617141724e-02 0.000000000000000000e+00
5.417307019233703613e-01 -2.034445554018020075e-01 3.683387860655784607e-02 0.000000000000000000e+00
6.266770958900451660e-01 -1.915856152772902610e-01 6.258834898471832275e-02 0.000000000000000000e+00
6.931324601173400879e-01 -1.594753861427306296e-01 1.078046113252639771e-01 1.000000000000000000e+00
7.359976768493652344e-01 -1.021874248981474997e-01 1.451792269945144653e-01 1.000000000000000000e+00
7.663472890853881836e-01 -2.380235493183126619e-02 1.792578548192977905e-01 1.000000000000000000e+00
7.837792634963989258e-01 5.960059165954599558e-02 1.859241724014282227e-01 1.000000000000000000e+00
-9.342435002326965332e-01 -1.280581653118134655e-01 3.052052855491638184e-02 1.000000000000000000e+00
-8.579879403114318848e-01 -1.256690770387650646e-01 3.064403310418128967e-02 1.000000000000000000e+00
-7.662946581840515137e-01 -1.329431086778641580e-01 3.068306297063827515e-02 1.000000000000000000e+00
-6.631439924240112305e-01 -1.380669027566910623e-01 3.078150376677513123e-02 1.000000000000000000e+00
-5.572606921195983887e-01 -1.410944759845734198e-01 3.080621361732482910e-02 1.000000000000000000e+00
-4.499606192111968994e-01 -1.444817781448364813e-01 3.074058890342712402e-02 1.000000000000000000e+00
-3.426559269428253174e-01 -1.483985185623169500e-01 3.079647943377494812e-02 1.000000000000000000e+00
-2.375375479459762296e-01 -1.518634259700775424e-01 3.071321547031402588e-02 1.000000000000000000e+00
-1.350557655096053800e-01 -1.547315716743469516e-01 3.071041032671928406e-02 1.000000000000000000e+00
-3.105680085718630010e-02 -1.527257114648818970e-01 3.074961155652999878e-02 0.000000000000000000e+00
7.214746624231339889e-02 -1.466611325740814209e-01 3.077581152319908142e-02 0.000000000000000000e+00
1.739914268255234042e-01 -1.377049684524535855e-01 3.087105974555015564e-02 0.000000000000000000e+00
2.669026255607604980e-01 -1.308931559324264249e-01 3.092420101165771484e-02 0.000000000000000000e+00
3.605043590068817139e-01 -1.248425841331481517e-01 3.102556988596916199e-02 0.000000000000000000e+00
4.566764235496520996e-01 -1.183597296476363581e-01 3.116153553128242493e-02 0.000000000000000000e+00
5.512583255767822266e-01 -1.088608950376509926e-01 3.132912144064903259e-02 0.000000000000000000e+00
6.405821442604064941e-01 -1.025712341070174338e-01 3.371497616171836853e-02 0.000000000000000000e+00
7.282416820526123047e-01 -1.012237221002577903e-01 5.328050628304481506e-02 0.000000000000000000e+00
8.032528162002563477e-01 -8.281980454921712698e-02 9.264397621154785156e-02 1.000000000000000000e+00
8.526515364646911621e-01 -3.354196250438679777e-02 1.294950544834136963e-01 1.000000000000000000e+00
8.906599283218383789e-01 2.637115120887767103e-02 1.758643090724945068e-01 1.000000000000000000e+00
-9.232941269874572754e-01 -2.792257070541393285e-02 3.083445504307746887e-02 1.000000000000000000e+00
-8.512530922889709473e-01 -2.707391977310191072e-02 3.080049529671669006e-02 1.000000000000000000e+00
-7.604258060455322266e-01 -3.132551163434991320e-02 3.080309554934501648e-02 1.000000000000000000e+00
-6.603572368621826172e-01 -3.801275044679650050e-02 3.085469827055931091e-02 1.000000000000000000e+00
-5.595111250877380371e-01 -3.959427028894431377e-02 3.097122162580490112e-02 1.000000000000000000e+00
-4.524256885051727295e-01 -4.331787675619130917e-02 3.090631589293479919e-02 1.000000000000000000e+00
-3.445240557193756104e-01 -4.809927195310596815e-02 3.094398602843284607e-02 1.000000000000000000e+00
-2.380165308713912964e-01 -5.442740023136141692e-02 3.088016808032989502e-02 1.000000000000000000e+00
-1.338115930557250977e-01 -5.829960107803346114e-02 3.079649806022644043e-02 1.000000000000000000e+00
-3.185508400201796791e-02 -5.464117974042893150e-02 3.078355267643928528e-02 0.000000000000000000e+00
7.233805209398269653e-02 -4.959997534751891396e-02 3.081176429986953735e-02 0.000000000000000000e+00
1.717222779989242554e-01 -4.219200462102887933e-02 3.088879957795143127e-02 0.000000000000000000e+00
2.641623318195343018e-01 -3.449566662311550486e-02 3.096321597695350647e-02 0.000000000000000000e+00
3.571309745311737061e-01 -2.629941701889033576e-02 3.101729229092597961e-02 0.000000000000000000e+00
4.514182806015014648e-01 -1.827337592840189151e-02 3.109409287571907043e-02 0.000000000000000000e+00
5.480859875679016113e-01 -1.157165318727486521e-02 3.119917958974838257e-02 0.000000000000000000e+00
6.434277296066284180e-01 -8.096620440483015199e-03 3.125049918889999390e-02 0.000000000000000000e+00
7.353940606117248535e-01 -7.338985800743012822e-03 3.175093233585357666e-02 0.000000000000000000e+00
8.257734775543212891e-01 -8.463971316814321993e-03 4.004631936550140381e-02 0.000000000000000000e+00
9.052076339721679688e-01 -7.404841482639201722e-03 7.768100500106811523e-02 1.000000000000000000e+00
9.695647954940795898e-01 1.669690012931835527e-02 1.098888367414474487e-01 1.000000000000000000e+00
-9.010237455368041992e-01 6.296604126691807135e-02 3.246401995420455933e-02 1.000000000000000000e+00
-8.381784558296203613e-01 6.946798413991918386e-02 3.136556968092918396e-02 1.000000000000000000e+00
-7.502488493919372559e-01 6.693416833877553762e-02 3.116837143898010254e-02 1.000000000000000000e+00
-6.522042155265808105e-01 6.166235730051985997e-02 3.111553192138671875e-02 1.000000000000000000e+00
-5.526673793792724609e-01 5.698170512914650654e-02 3.110137581825256348e-02 0.000000000000000000e+00
-4.483248889446258545e-01 5.516725406050676517e-02 3.113228827714920044e-02 0.000000000000000000e+00
-3.427731394767761230e-01 5.034712702035899767e-02 3.110444545745849609e-02 0.000000000000000000e+00
-2.388299554586410522e-01 4.100250825285908785e-02 3.108581900596618652e-02 1.000000000000000000e+00
-1.359468847513198853e-01 3.702329844236372514e-02 3.100525960326194763e-02 1.000000000000000000e+00
-3.323214501142502525e-02 4.090812802314757607e-02 3.095542639493942261e-02 0.000000000000000000e+00
6.913293153047561646e-02 4.672230407595635154e-02 3.094680607318878174e-02 0.000000000000000000e+00
1.679482311010360718e-01 5.240481346845628913e-02 3.096733242273330688e-02 0.000000000000000000e+00
2.615811228752136230e-01 5.913995951414111746e-02 3.103802725672721863e-02 0.000000000000000000e+00
3.544621765613555908e-01 6.837418675422672620e-02 3.106974810361862183e-02 0.000000000000000000e+00
4.504534304141998291e-01 7.608387619256978818e-02 3.108951449394226074e-02 0.000000000000000000e+00
5.477762222290039062e-01 8.240929245948798443e-02 3.115554153919219971e-02 0.000000000000000000e+00
6.430183649063110352e-01 8.756159991025933009e-02 3.117529675364494324e-02 0.000000000000000000e+00
7.373867630958557129e-01 9.013561904430399119e-02 3.122571110725402832e-02 0.000000000000000000e+00
8.339172601699829102e-01 8.676415681838998972e-02 3.130447119474411011e-02 0.000000000000000000e+00
9.225858449935913086e-01 7.676275819540034906e-02 3.569118306040763855e-02 0.000000000000000000e+00
1.002362728118896484e+00 7.048813253641141030e-02 4.199601337313652039e-02 1.000000000000000000e+00
-8.811495900154113770e-01 1.416592597961424671e-01 3.999429941177368164e-02 1.000000000000000000e+00
-8.178136348724365234e-01 1.538832485675810657e-01 3.867185115814208984e-02 1.000000000000000000e+00
-7.372198700904846191e-01 1.532222032546996238e-01 3.355738893151283264e-02 0.000000000000000000e+00
-6.387165784835815430e-01 1.511108726263045432e-01 3.153549507260322571e-02 0.000000000000000000e+00
-5.400457978248596191e-01 1.482324004173278253e-01 3.144518658518791199e-02 0.000000000000000000e+00
-4.409764409065246582e-01 1.439554393291472834e-01 3.136292472481727600e-02 0.000000000000000000e+00
-3.389039635658264160e-01 1.413108408451080045e-01 3.133386373519897461e-02 0.000000000000000000e+00
-2.398130446672439853e-01 1.365592181682586392e-01 3.125007078051567078e-02 0.000000000000000000e+00
-1.392504572868347446e-01 1.350948959589004239e-01 3.118778020143508911e-02 1.000000000000000000e+00
-3.813267499208451705e-02 1.383221894502639771e-01 3.119344636797904968e-02 1.000000000000000000e+00
6.281716376543043656e-02 1.412285268306732178e-01 3.117114305496215820e-02 0.000000000000000000e+00
1.604474186897277554e-01 1.466816365718841830e-01 3.107112273573875427e-02 0.000000000000000000e+00
2.554438412189483643e-01 1.542930006980896274e-01 3.111198544502258301e-02 0.000000000000000000e+00
3.500803411006927490e-01 1.631612926721573431e-01 3.112697601318359375e-02 0.000000000000000000e+00
4.490962922573089600e-01 1.699980199337006170e-01 3.115045651793479919e-02 1.000000000000000000e+00
5.504932403564453125e-01 1.733374297618866522e-01 3.115710616111755371e-02 1.000000000000000000e+00
6.477242112159729004e-01 1.779461205005646585e-01 3.119172155857086182e-02 1.000000000000000000e+00
7.406214475631713867e-01 1.813471317291260598e-01 3.114672005176544189e-02 1.000000000000000000e+00
8.392513990402221680e-01 1.822217702865601696e-01 3.113529458642005920e-02 1.000000000000000000e+00
9.343498945236206055e-01 1.745859980583192028e-01 3.123280405998229980e-02 1.000000000000000000e+00
1.014725089073181152e+00 1.635343134403229870e-01 3.227290883660316467e-02 1.000000000000000000e+00
-8.575358390808105469e-01 2.040528357028960071e-01 7.364405691623687744e-02 1.000000000000000000e+00
-7.998219132423400879e-01 2.226121872663496815e-01 6.107084825634956360e-02 1.000000000000000000e+00
-7.195565700531005859e-01 2.315814644098281028e-01 4.102546721696853638e-02 0.000000000000000000e+00
-6.261630058288574219e-01 2.325004637241362693e-01 3.492089733481407166e-02 0.000000000000000000e+00
-5.289888978004455566e-01 2.343493849039077204e-01 3.239921480417251587e-02 0.000000000000000000e+00
-4.315381348133087713e-01 2.332557439804076593e-01 3.162150830030441284e-02 0.000000000000000000e+00
-3.340479731559753973e-01 2.297569513320922574e-01 3.146716579794883728e-02 0.000000000000000000e+00
-2.369944304227829257e-01 2.264246791601180753e-01 3.143401816487312317e-02 0.000000000000000000e+00
-1.400504261255264560e-01 2.275476157665252408e-01 3.135091066360473633e-02 1.000000000000000000e+00
-4.192285239696505461e-02 2.329236418008804321e-01 3.132230043411254883e-02 1.000000000000000000e+00
5.784025043249127473e-02 2.350533157587051392e-01 3.132089227437973022e-02 1.000000000000000000e+00
1.554375290870666226e-01 2.394393086433410922e-01 3.125799819827079773e-02 1.000000000000000000e+00
2.513284385204314630e-01 2.472851872444153110e-01 3.118623793125152588e-02 1.000000000000000000e+00
3.465937972068786066e-01 2.547044157981873114e-01 3.121697902679443359e-02 1.000000000000000000e+00
4.464859664440154474e-01 2.594808638095856268e-01 3.122882544994354248e-02 1.000000000000000000e+00
5.473253726959228516e-01 2.627470493316650946e-01 3.119574487209320068e-02 1.000000000000000000e+00
6.468908786773681641e-01 2.681798040866852362e-01 3.120002150535583496e-02 1.000000000000000000e+00
7.433567643165588379e-01 2.743350267410279431e-01 3.117575123906135559e-02 1.000000000000000000e+00
8.438418507575988770e-01 2.773548364639283337e-01 3.113850951194763184e-02 1.000000000000000000e+00
9.414917826652526855e-01 2.757081985473633923e-01 3.106988966464996338e-02 1.000000000000000000e+00
1.017944693565368652e+00 2.701599001884461559e-01 3.108558058738708496e-02 1.000000000000000000e+00
-8.191637396812438965e-01 2.401918917894362293e-01 1.291365027427673340e-01 1.000000000000000000e+00
-7.698199152946472168e-01 2.812180817127226673e-01 1.083165556192398071e-01 1.000000000000000000e+00
-6.983286142349243164e-01 3.077225387096403919e-01 7.277268171310424805e-02 1.000000000000000000e+00
-6.093604564666748047e-01 3.163630366325377863e-01 4.122174531221389771e-02 1.000000000000000000e+00
-5.202296972274780273e-01 3.224935531616210382e-01 3.498450294137001038e-02 0.000000000000000000e+00
-4.250749051570892889e-01 3.234067559242247980e-01 3.247450664639472961e-02 0.000000000000000000e+00
-3.297134339809418280e-01 3.201740384101867121e-01 3.161399811506271362e-02 0.000000000000000000e+00
-2.344620972871780673e-01 3.178253471851348322e-01 3.152173385024070740e-02 0.000000000000000000e+00
-1.392521858215332309e-01 3.186403512954711914e-01 3.139345720410346985e-02 1.000000000000000000e+00
-4.426548629999164930e-02 3.230277895927429199e-01 3.139200434088706970e-02 1.000000000000000000e+00
5.276093631982799181e-02 3.279737830162048340e-01 3.140321746468544006e-02 1.000000000000000000e+00
1.501745581626891812e-01 3.329976797103881836e-01 3.133779391646385193e-02 1.000000000000000000e+00
2.467513084411620816e-01 3.374741673469544012e-01 3.129193931818008423e-02 1.000000000000000000e+00
3.434132039546965998e-01 3.446252346038818914e-01 3.127411007881164551e-02 1.000000000000000000e+00
4.428848624229430597e-01 3.511715531349182684e-01 3.125700354576110840e-02 1.000000000000000000e+00
5.418094992637634277e-01 3.550345301628113348e-01 3.123762086033821106e-02 1.000000000000000000e+00
6.421716213226318359e-01 3.621055483818054754e-01 3.121494874358177185e-02 1.000000000000000000e+00
7.420865893363952637e-01 3.689046502113343395e-01 3.117657080292701721e-02 1.000000000000000000e+00
8.425080776214599609e-01 3.740580677986146130e-01 3.109459578990936279e-02 1.000000000000000000e+00
9.391281604766845703e-01 3.746291399002076306e-01 3.100152686238288879e-02 1.000000000000000000e+00
1.017280220985412598e+00 3.713380694389344372e-01 3.100296482443809509e-02 1.000000000000000000e+00
-7.418087720870971680e-01 2.284614741802214744e-01 1.682278960943222046e-01 1.000000000000000000e+00
-7.166228294372558594e-01 2.872313261032103382e-01 1.588302552700042725e-01 1.000000000000000000e+00
-6.702243089675903320e-01 3.607855439186095636e-01 1.186854243278503418e-01 1.000000000000000000e+00
-5.977706313133239746e-01 3.958109021186828058e-01 7.168509066104888916e-02 1.000000000000000000e+00
-5.085723996162414551e-01 4.061416983604430597e-01 4.255472496151924133e-02 0.000000000000000000e+00
-4.169272482395172674e-01 4.124292135238646906e-01 3.471288457512855530e-02 0.000000000000000000e+00
-3.237734735012054998e-01 4.113956689834594171e-01 3.226683661341667175e-02 0.000000000000000000e+00
-2.324555665254593451e-01 4.104985594749450128e-01 3.163407742977142334e-02 0.000000000000000000e+00
-1.406554430723190863e-01 4.107871651649475098e-01 3.148211166262626648e-02 1.000000000000000000e+00
-4.683694243431096166e-02 4.151006937026977539e-01 3.147638216614723206e-02 1.000000000000000000e+00
4.712224006652827174e-02 4.209180474281311035e-01 3.143043071031570435e-02 1.000000000000000000e+00
1.431405693292617243e-01 4.290147423744201660e-01 3.137566149234771729e-02 1.000000000000000000e+00
2.427847981452941339e-01 4.335216879844666082e-01 3.135019913315773010e-02 1.000000000000000000e+00
3.409192860126494806e-01 4.395907521247864325e-01 3.133497387170791626e-02 1.000000000000000000e+00
4.387164711952208918e-01 4.461283683776856024e-01 3.128619492053985596e-02 1.000000000000000000e+00
5.375189185142517090e-01 4.528364539146423895e-01 3.131284937262535095e-02 1.000000000000000000e+00
6.379679441452025257e-01 4.589907526969910223e-01 3.126443922519683838e-02 1.000000000000000000e+00
7.380772829055785023e-01 4.651673436164857067e-01 3.122119605541229248e-02 1.000000000000000000e+00
8.380222916603087269e-01 4.697805643081666149e-01 3.115219995379447937e-02 1.000000000000000000e+00
9.323236346244810901e-01 4.705854058265687145e-01 3.100977092981338501e-02 1.000000000000000000e+00
1.011956214904785156e+00 4.710397720336915173e-01 3.091671317815780640e-02 1.000000000000000000e+00
-6.763154268264770508e-01 1.967807114124297263e-01 1.621664911508560181e-01 1.000000000000000000e+00
-6.478548645973205566e-01 2.591078281402587336e-01 1.619087606668472290e-01 1.000000000000000000e+00
-6.150684356689453125e-01 3.518946170806884211e-01 1.517111063003540039e-01 1.000000000000000000e+00
-5.676199793815612793e-01 4.374739527702330988e-01 1.216259300708770752e-01 1.000000000000000000e+00
-4.985031783580780584e-01 4.828940033912658136e-01 7.797555625438690186e-02 1.000000000000000000e+00
-4.089006185531616766e-01 4.950263500213622492e-01 4.327789321541786194e-02 1.000000000000000000e+00
-3.209492564201355536e-01 5.009813308715820312e-01 3.451520577073097229e-02 0.000000000000000000e+00
-2.304408401250839789e-01 5.035424828529357910e-01 3.198028728365898132e-02 0.000000000000000000e+00
-1.399622559547424872e-01 5.040493011474609375e-01 3.165928646922111511e-02 0.000000000000000000e+00
-4.694686084985739277e-02 5.075262784957885742e-01 3.149497881531715393e-02 1.000000000000000000e+00
4.635515064001077129e-02 5.145174860954284668e-01 3.140137717127799988e-02 1.000000000000000000e+00
1.415974199771880548e-01 5.233380794525146484e-01 3.135953843593597412e-02 1.000000000000000000e+00
2.398709654808043878e-01 5.300888419151306152e-01 3.134349361062049866e-02 1.000000000000000000e+00
3.379631936550139826e-01 5.344787836074829102e-01 3.132520616054534912e-02 1.000000000000000000e+00
4.348750412464141291e-01 5.418270826339721680e-01 3.132850676774978638e-02 1.000000000000000000e+00
5.336862206459044300e-01 5.480208992958069958e-01 3.130780160427093506e-02 1.000000000000000000e+00
6.338384151458739124e-01 5.559911131858826794e-01 3.133285790681838989e-02 1.000000000000000000e+00
7.316514253616331898e-01 5.622625946998597302e-01 3.120106831192970276e-02 1.000000000000000000e+00
8.300373554229735218e-01 5.643357634544373669e-01 3.115057572722434998e-02 1.000000000000000000e+00
9.246020317077635609e-01 5.662090778350831188e-01 3.105803579092025757e-02 1.000000000000000000e+00
1.005640983581542969e+00 5.688760280609131970e-01 3.102524206042289734e-02 1.000000000000000000e+00
-5.838371515274047852e-01 1.661021113395690085e-01 1.590368002653121948e-01 1.000000000000000000e+00
-5.709475874900817871e-01 2.278331965208052756e-01 1.552985310554504395e-01 1.000000000000000000e+00
-5.429885387420654297e-01 3.283426165580748957e-01 1.560064554214477539e-01 1.000000000000000000e+00
-5.071298480033874512e-01 4.262506961822509211e-01 1.515694707632064819e-01 1.000000000000000000e+00
-4.617811441421509344e-01 5.187970399856566273e-01 1.366819888353347778e-01 1.000000000000000000e+00
-4.006884396076202948e-01 5.705209970474243164e-01 8.984692394733428955e-02 1.000000000000000000e+00
-3.167267143726349432e-01 5.849441885948181152e-01 4.372585937380790710e-02 1.000000000000000000e+00
-2.294612675905228494e-01 5.953915715217590332e-01 3.412941843271255493e-02 0.000000000000000000e+00
-1.379933059215546487e-01 5.998969078063964844e-01 3.186853975057601929e-02 0.000000000000000000e+00
-4.572352021932609561e-02 6.043013334274291992e-01 3.160541132092475891e-02 1.000000000000000000e+00
4.664845019578926083e-02 6.114391088485717773e-01 3.150102868676185608e-02 1.000000000000000000e+00
1.402967721223830344e-01 6.180928945541381836e-01 3.139812126755714417e-02 1.000000000000000000e+00
2.377451807260512473e-01 6.238561868667602539e-01 3.134009242057800293e-02 1.000000000000000000e+00
3.354763984680175226e-01 6.283022165298461914e-01 3.132054954767227173e-02 1.000000000000000000e+00
4.322485625743865412e-01 6.349712610244750977e-01 3.131607547402381897e-02 1.000000000000000000e+00
5.304315686225890003e-01 6.430831551551819958e-01 3.127755597233772278e-02 1.000000000000000000e+00
6.284418106079100452e-01 6.506227254867554821e-01 3.131424263119697571e-02 1.000000000000000000e+00
7.255343198776244007e-01 6.556141972541810192e-01 3.125938400626182556e-02 1.000000000000000000e+00
8.245130777359007679e-01 6.591821312904359020e-01 3.114919736981391907e-02 1.000000000000000000e+00
9.194841980934141956e-01 6.606299877166749157e-01 3.108312934637069702e-02 1.000000000000000000e+00
9.973539710044859730e-01 6.664196252822877087e-01 3.112421929836273193e-02 1.000000000000000000e+00
-4.860390722751617432e-01 1.183754354715346735e-01 1.559294313192367554e-01 1.000000000000000000e+00
-4.751040637493133545e-01 1.958298981189727228e-01 1.479291766881942749e-01 1.000000000000000000e+00
-4.559079110622406561e-01 2.968460023403167169e-01 1.518945544958114624e-01 1.000000000000000000e+00
-4.294641315937042791e-01 3.993129134178161066e-01 1.578660756349563599e-01 1.000000000000000000e+00
-3.972826004028320868e-01 4.904983043670653742e-01 1.631178408861160278e-01 1.000000000000000000e+00
-3.657307028770447332e-01 5.937281847000122070e-01 1.546017825603485107e-01 1.000000000000000000e+00
-3.110540211200714666e-01 6.564000248908996582e-01 9.310129284858703613e-02 1.000000000000000000e+00
-2.289234846830368875e-01 6.792387366294860840e-01 4.130891337990760803e-02 1.000000000000000000e+00
-1.386803090572358010e-01 6.926231384277343750e-01 3.389994427561759949e-02 1.000000000000000000e+00
-5.025608837604531032e-02 6.999184489250183105e-01 3.185667097568511963e-02 1.000000000000000000e+00
3.970960155129424352e-02 7.072904706001281738e-01 3.153798729181289673e-02 1.000000000000000000e+00
1.359839439392089011e-01 7.145867943763732910e-01 3.142995759844779968e-02 1.000000000000000000e+00
2.352112084627150657e-01 7.195736169815063477e-01 3.133758902549743652e-02 1.000000000000000000e+00
3.331223726272581898e-01 7.246862053871154785e-01 3.129115328192710876e-02 1.000000000000000000e+00
4.280360341072081409e-01 7.338533997535705566e-01 3.129682689905166626e-02 1.000000000000000000e+00
5.246410369873045765e-01 7.421706914901734509e-01 3.129870072007179260e-02 1.000000000000000000e+00
6.217947006225584827e-01 7.469158768653870739e-01 3.129928186535835266e-02 1.000000000000000000e+00
7.199407815933226429e-01 7.512887716293336071e-01 3.124416619539260864e-02 1.000000000000000000e+00
8.206071257591246448e-01 7.538000345230103649e-01 3.114712983369827271e-02 1.000000000000000000e+00
9.154779911041258655e-01 7.540134191513062634e-01 3.118978440761566162e-02 1.000000000000000000e+00
9.929560422897337757e-01 7.604008913040162243e-01 3.126217797398567200e-02 1.000000000000000000e+00
-3.971588909626007080e-01 8.587072789669031314e-02 1.608077287673950195e-01 1.000000000000000000e+00
-3.797698020935058594e-01 1.629028767347335260e-01 1.447460055351257324e-01 1.000000000000000000e+00
-3.584746122360230047e-01 2.682250142097472589e-01 1.410047709941864014e-01 1.000000000000000000e+00
-3.357189893722534735e-01 3.676408529281615656e-01 1.510379016399383545e-01 1.000000000000000000e+00
-3.173126876354218084e-01 4.583495259284972589e-01 1.622654050588607788e-01 1.000000000000000000e+00
-2.982503771781921942e-01 5.609268546104431152e-01 1.768082380294799805e-01 1.000000000000000000e+00
-2.719372212886810858e-01 6.638568639755249023e-01 1.596835851669311523e-01 1.000000000000000000e+00
-2.213421911001206277e-01 7.379415631294250488e-01 9.801682829856872559e-02 1.000000000000000000e+00
-1.453910619020462869e-01 7.720633745193481445e-01 3.870236873626708984e-02 1.000000000000000000e+00
-5.705204606056223093e-02 7.894822955131530762e-01 3.224007412791252136e-02 1.000000000000000000e+00
3.127898648381223501e-02 8.013220429420471191e-01 3.163310140371322632e-02 1.000000000000000000e+00
1.265231370925902210e-01 8.121888637542724609e-01 3.141857683658599854e-02 1.000000000000000000e+00
2.293509840965269886e-01 8.178043961524963379e-01 3.134848549962043762e-02 1.000000000000000000e+00
3.282068371772765003e-01 8.227100968360900879e-01 3.132998943328857422e-02 1.000000000000000000e+00
4.218460023403166614e-01 8.305284976959228516e-01 3.131295740604400635e-02 1.000000000000000000e+00
5.174590349197386585e-01 8.383435010910035290e-01 3.133649006485939026e-02 1.000000000000000000e+00
6.141409873962401234e-01 8.441851735115052380e-01 3.131847456097602844e-02 1.000000000000000000e+00
7.131807804107664905e-01 8.459948897361756481e-01 3.128305077552795410e-02 1.000000000000000000e+00
8.140902519226073109e-01 8.486471176147462048e-01 3.123050183057785034e-02 1.000000000000000000e+00
9.113025665283202015e-01 8.477912545204163708e-01 3.128675371408462524e-02 1.000000000000000000e+00
9.876788258552550159e-01 8.521562814712525524e-01 3.122561424970626831e-02 1.000000000000000000e+00
-3.244082033634185791e-01 9.886264801025386462e-02 1.527885347604751587e-01 1.000000000000000000e+00
-3.057760596275329590e-01 1.501583307981490811e-01 1.395758241415023804e-01 1.000000000000000000e+00
-2.720479667186737616e-01 2.347419261932372769e-01 1.349793374538421631e-01 1.000000000000000000e+00
-2.541255354881287176e-01 3.301126956939696711e-01 1.366320550441741943e-01 1.000000000000000000e+00
-2.389231175184250433e-01 4.365632534027099054e-01 1.526422351598739624e-01 1.000000000000000000e+00
-2.245175987482071478e-01 5.371839404106140137e-01 1.676721572875976562e-01 1.000000000000000000e+00
-2.087169438600540994e-01 6.522269845008850098e-01 1.754280030727386475e-01 1.000000000000000000e+00
-1.824329793453217385e-01 7.538483738899230957e-01 1.475096046924591064e-01 1.000000000000000000e+00
-1.406754404306412853e-01 8.183720707893371582e-01 7.766477763652801514e-02 1.000000000000000000e+00
-5.954655259847651400e-02 8.540202379226684570e-01 3.403998166322708130e-02 1.000000000000000000e+00
2.833024598658074114e-02 8.728100657463073730e-01 3.176262229681015015e-02 1.000000000000000000e+00
1.206267178058623157e-01 8.860136866569519043e-01 3.147042542695999146e-02 1.000000000000000000e+00
2.208986431360243641e-01 8.950071334838867188e-01 3.134427964687347412e-02 1.000000000000000000e+00
3.190492391586302601e-01 9.006341695785522461e-01 3.122741356492042542e-02 1.000000000000000000e+00
4.140374362468718372e-01 9.060868620872497559e-01 3.124240785837173462e-02 1.000000000000000000e+00
5.065690875053404651e-01 9.128122925758362927e-01 3.133416920900344849e-02 1.000000000000000000e+00
6.028741002082823597e-01 9.197584986686707653e-01 3.131167963147163391e-02 1.000000000000000000e+00
7.030735611915587269e-01 9.220492839813233532e-01 3.128341212868690491e-02 1.000000000000000000e+00
8.047140836715697132e-01 9.266492724418641247e-01 3.128828853368759155e-02 1.000000000000000000e+00
9.001724720001219593e-01 9.267783164978028454e-01 3.130921721458435059e-02 1.000000000000000000e+00
9.717477560043333851e-01 9.269489049911500134e-01 3.116364032030105591e-02 1.000000000000000000e+00
