-1.053560535148161170e+00 -3.023992547934197250e-01 3.494777902960777283e-02 1.000000000000000000e+00
-9.927534223401597302e-01 -3.288668013086850639e-01 3.601142764091491699e-02 1.000000000000000000e+00
-8.996710537326375601e-01 -4.257117033764717950e-01 3.446196392178535461e-02 1.000000000000000000e+00
-7.809125194476269627e-01 -4.711221614916705214e-01 3.220959752798080444e-02 1.000000000000000000e+00
-6.650622125402771978e-01 -4.990944347924717306e-01 3.203909844160079956e-02 1.000000000000000000e+00
-5.723032419697350326e-01 -5.475505769633934872e-01 3.226125612854957581e-02 1.000000000000000000e+00
-4.982632251828515990e-01 -5.982471402340331368e-01 3.237916529178619385e-02 1.000000000000000000e+00
-4.487727940811164773e-01 -6.304544974606030028e-01 3.248054534196853638e-02 1.000000000000000000e+00
-4.117158097306405362e-01 -6.543346910926329807e-01 3.267404064536094666e-02 1.000000000000000000e+00
-3.814394841255821511e-01 -6.586869959408224728e-01 3.286128863692283630e-02 1.000000000000000000e+00
-3.498863724284468901e-01 -6.670226731987616287e-01 3.517027199268341064e-02 1.000000000000000000e+00
-2.838393842894650909e-01 -6.913689793651857096e-01 3.742628544569015503e-02 1.000000000000000000e+00
-2.215402730441780599e-01 -7.219804040260420219e-01 3.897104039788246155e-02 1.000000000000000000e+00
-1.404313183364187534e-01 -7.626003986559319880e-01 3.687824681401252747e-02 1.000000000000000000e+00
-4.000903391387578001e-02 -8.192691967023455479e-01 3.509523719549179077e-02 1.000000000000000000e+00
4.423653140691286012e-02 -8.762522416512563694e-01 3.600952401757240295e-02 1.000000000000000000e+00
1.223168978743764401e-01 -9.249182382492699972e-01 3.701457753777503967e-02 1.000000000000000000e+00
2.010354519219920144e-01 -9.672377623985131123e-01 3.603807091712951660e-02 1.000000000000000000e+00
2.666152738553669299e-01 -1.006014801783567059e+00 3.332232683897018433e-02 1.000000000000000000e+00
3.330513933099377155e-01 -1.049446412677618623e+00 3.221445530652999878e-02 1.000000000000000000e+00
4.089805003357082636e-01 -1.081802590426280464e+00 3.188171237707138062e-02 1.000000000000000000e+00
-1.004418279161974459e+00 -3.032196431996843633e-01 4.254642501473426819e-02 1.000000000000000000e+00
-9.370240354002055128e-01 -3.458235321358304470e-01 4.957200214266777039e-02 1.000000000000000000e+00
-8.633201555352646439e-01 -4.071452579641497982e-01 4.696378111839294434e-02 1.000000000000000000e+00
-7.839435732785606792e-01 -4.370658009475034689e-01 3.988630697131156921e-02 1.000000000000000000e+00
-6.826715873166138149e-01 -4.716305367784088265e-01 4.056423902511596680e-02 1.000000000000000000e+00
-5.945067127958123532e-01 -5.209913979311094900e-01 4.204759746789932251e-02 1.000000000000000000e+00
-5.115064762130432374e-01 -5.631146705486176351e-01 4.409005865454673767e-02 1.000000000000000000e+00
-4.512985546136091264e-01 -5.879224425593875258e-01 4.565723612904548645e-02 1.000000000000000000e+00
-4.026982807574923107e-01 -6.030097341157640845e-01 4.605103284120559692e-02 1.000000000000000000e+00
-3.546521378605284047e-01 -5.991545618824726249e-01 4.216913878917694092e-02 1.000000000000000000e+00
-2.896307616699227983e-01 -5.972521374343877643e-01 3.785589337348937988e-02 1.000000000000000000e+00
-2.114287383242325069e-01 -6.264950328506712074e-01 3.788108751177787781e-02 1.000000000000000000e+00
-1.499760622375898023e-01 -6.661567767328173684e-01 4.130022600293159485e-02 1.000000000000000000e+00
-8.691038411158674704e-02 -7.146165488010671751e-01 4.521768540143966675e-02 1.000000000000000000e+00
-1.370510146452980083e-02 -7.573986346127172808e-01 4.628700762987136841e-02 1.000000000000000000e+00
5.374013998393734060e-02 -8.023770769939673198e-01 5.002668127417564392e-02 1.000000000000000000e+00
1.296485529070889875e-01 -8.417015196474808558e-01 4.685691744089126587e-02 1.000000000000000000e+00
2.039617076141033158e-01 -8.754630840597383834e-01 4.356778785586357117e-02 1.000000000000000000e+00
2.745065336691828173e-01 -9.108283149844111914e-01 3.908735886216163635e-02 1.000000000000000000e+00
3.439280197709015385e-01 -9.501058271221077822e-01 3.481440618634223938e-02 1.000000000000000000e+00
4.182657250171734620e-01 -9.851997166360675351e-01 3.253863751888275146e-02 1.000000000000000000e+00
-9.659592377489351067e-01 -2.848831088459892746e-01 5.638939142227172852e-02 1.000000000000000000e+00
-8.992988970602864285e-01 -3.120467948581088780e-01 8.653385937213897705e-02 1.000000000000000000e+00
-8.282814151725813590e-01 -3.657839845626503772e-01 9.232813119888305664e-02 1.000000000000000000e+00
-7.657335110805346678e-01 -4.065275537523740379e-01 8.295629918575286865e-02 1.000000000000000000e+00
-6.781071046963081939e-01 -4.315842661238735722e-01 8.749078214168548584e-02 1.000000000000000000e+00
-5.884979841175839166e-01 -4.672326079667061816e-01 9.156915545463562012e-02 1.000000000000000000e+00
-5.077596055753565985e-01 -5.078954870149559042e-01 1.018352657556533813e-01 1.000000000000000000e+00
-4.315299388361427124e-01 -5.348729366402180663e-01 9.885291755199432373e-02 1.000000000000000000e+00
-3.582729103958265382e-01 -5.434485453700175217e-01 7.266226410865783691e-02 1.000000000000000000e+00
-2.932829230706494594e-01 -5.340248999013303965e-01 6.076392158865928650e-02 1.000000000000000000e+00
-2.303333700490059754e-01 -5.456816539915186892e-01 5.999400094151496887e-02 1.000000000000000000e+00
-1.613632977682632197e-01 -5.777442367934536582e-01 7.574890553951263428e-02 1.000000000000000000e+00
-1.031972750753485935e-01 -6.235088864868258973e-01 9.915551543235778809e-02 1.000000000000000000e+00
-5.119704129163815676e-02 -6.652283238069709448e-01 1.031782627105712891e-01 1.000000000000000000e+00
1.655667294108020826e-02 -6.977556177605869214e-01 1.023288816213607788e-01 1.000000000000000000e+00
8.283429917182577595e-02 -7.347778941813141174e-01 9.907840192317962646e-02 1.000000000000000000e+00
1.501538587180333839e-01 -7.668084032315323206e-01 9.433175623416900635e-02 1.000000000000000000e+00
2.176317850475207316e-01 -7.930235954913386065e-01 7.728344202041625977e-02 1.000000000000000000e+00
2.902968926106377356e-01 -8.178807319984268132e-01 5.450091138482093811e-02 1.000000000000000000e+00
3.648403587713399121e-01 -8.474356826810848231e-01 4.158958792686462402e-02 1.000000000000000000e+00
4.418079852178431466e-01 -8.794249931868836079e-01 3.726891055703163147e-02 1.000000000000000000e+00
-9.264398237742101916e-01 -2.472737057520809634e-01 7.267716526985168457e-02 1.000000000000000000e+00
-8.615208644254861436e-01 -2.709381496665838052e-01 1.057466864585876465e-01 1.000000000000000000e+00
-7.961854942134742874e-01 -3.142810414445199041e-01 1.229626089334487915e-01 1.000000000000000000e+00
-7.298835703245621920e-01 -3.482876054871714144e-01 1.283481121063232422e-01 1.000000000000000000e+00
-6.473310755185925913e-01 -3.701664244075251187e-01 1.331692487001419067e-01 1.000000000000000000e+00
-5.670590518551383852e-01 -3.964087170909239566e-01 1.397674381732940674e-01 1.000000000000000000e+00
-4.813071212900778550e-01 -4.254903323230243006e-01 1.370128691196441650e-01 1.000000000000000000e+00
-3.959247948788556792e-01 -4.466400186666736882e-01 1.185044795274734497e-01 1.000000000000000000e+00
-3.219058804921861028e-01 -4.584233792556107745e-01 1.038473099470138550e-01 1.000000000000000000e+00
-2.567088678471234897e-01 -4.672133257835124343e-01 1.035180985927581787e-01 1.000000000000000000e+00
-1.914755773022050744e-01 -4.857820471256539818e-01 1.053356528282165527e-01 1.000000000000000000e+00
-1.296261940039536431e-01 -5.230489017082898817e-01 1.189945340156555176e-01 1.000000000000000000e+00
-6.886908843171046790e-02 -5.770221769847649895e-01 1.478081494569778442e-01 1.000000000000000000e+00
-1.111844400429501389e-02 -6.157313388702922996e-01 1.576374471187591553e-01 1.000000000000000000e+00
4.995935693826752955e-02 -6.492650363460756857e-01 1.537670493125915527e-01 1.000000000000000000e+00
1.119114942531885815e-01 -6.714721476061930039e-01 1.429487466812133789e-01 1.000000000000000000e+00
1.784964131564270584e-01 -6.935869572680714024e-01 1.303793191909790039e-01 1.000000000000000000e+00
2.429762444905161634e-01 -7.146259475482850121e-01 1.106223911046981812e-01 1.000000000000000000e+00
3.167263383748492034e-01 -7.315591815073856363e-01 8.547453582286834717e-02 1.000000000000000000e+00
3.929885108709769703e-01 -7.549889728428038627e-01 5.359091982245445251e-02 1.000000000000000000e+00
4.719661732065253967e-01 -7.796942437179952279e-01 4.257656261324882507e-02 1.000000000000000000e+00
-8.777243889228933948e-01 -1.979428426188080681e-01 6.857398152351379395e-02 1.000000000000000000e+00
-8.223410276092135707e-01 -2.210934743031144900e-01 1.084492653608322144e-01 1.000000000000000000e+00
-7.616024034300423740e-01 -2.458620392080571038e-01 1.349966526031494141e-01 1.000000000000000000e+00
-6.836125683931801866e-01 -2.666386232094418718e-01 1.490350216627120972e-01 1.000000000000000000e+00
-6.001353085106088114e-01 -2.952563649584752925e-01 1.513104736804962158e-01 1.000000000000000000e+00
-5.259839450183156906e-01 -3.197966730685950498e-01 1.587834060192108154e-01 1.000000000000000000e+00
-4.485545260893907815e-01 -3.494993379185716287e-01 1.580796539783477783e-01 1.000000000000000000e+00
-3.666118645712373447e-01 -3.731075579371608275e-01 1.501499265432357788e-01 1.000000000000000000e+00
-2.941043809531949660e-01 -3.873290267845780344e-01 1.550683677196502686e-01 1.000000000000000000e+00
-2.285907875238988307e-01 -4.031465124914057618e-01 1.616347581148147583e-01 1.000000000000000000e+00
-1.593205980716221326e-01 -4.318315627575111115e-01 1.627728044986724854e-01 1.000000000000000000e+00
-9.677384248119727528e-02 -4.662429788902460737e-01 1.684038937091827393e-01 1.000000000000000000e+00
-3.832012540034729353e-02 -5.236924208647784074e-01 1.966846436262130737e-01 1.000000000000000000e+00
2.664361497491968267e-02 -5.683125096665645470e-01 2.102815955877304077e-01 1.000000000000000000e+00
9.316318518954200267e-02 -5.882738893240515576e-01 1.847821176052093506e-01 1.000000000000000000e+00
1.509640897338068166e-01 -6.022558955832980621e-01 1.604340523481369019e-01 1.000000000000000000e+00
2.091591094584968891e-01 -6.197231511864560449e-01 1.494623571634292603e-01 1.000000000000000000e+00
2.716414752011092615e-01 -6.358503055943615090e-01 1.291653513908386230e-01 1.000000000000000000e+00
3.425271849669448976e-01 -6.446994368342845450e-01 1.045042276382446289e-01 1.000000000000000000e+00
4.176213313135782035e-01 -6.648888625523519114e-01 6.935071945190429688e-02 1.000000000000000000e+00
5.004694019681547035e-01 -6.894761433251370697e-01 4.470276832580566406e-02 1.000000000000000000e+00
-8.223549360692221644e-01 -1.246190851805869526e-01 6.162184104323387146e-02 1.000000000000000000e+00
-7.699476480225935227e-01 -1.471606949039109824e-01 1.142040044069290161e-01 1.000000000000000000e+00
-7.161827256917319140e-01 -1.685928309870342034e-01 1.516349315643310547e-01 1.000000000000000000e+00
-6.327345365979208935e-01 -1.905298863153179201e-01 1.604432314634323120e-01 1.000000000000000000e+00
-5.485102448989180868e-01 -2.144625211636075890e-01 1.532242298126220703e-01 1.000000000000000000e+00
-4.751667205887454837e-01 -2.452078042153345572e-01 1.623151302337646484e-01 1.000000000000000000e+00
-4.075002081855961245e-01 -2.660974260644255462e-01 1.734866946935653687e-01 1.000000000000000000e+00
-3.384751026574103205e-01 -2.976347643035056056e-01 1.917855590581893921e-01 1.000000000000000000e+00
-2.708455741138292572e-01 -3.256474775054530313e-01 2.152480185031890869e-01 1.000000000000000000e+00
-1.998482805665610651e-01 -3.563948678996055053e-01 2.304081171751022339e-01 1.000000000000000000e+00
-1.308929175359485886e-01 -3.896212094826232430e-01 2.326962053775787354e-01 1.000000000000000000e+00
-6.750235042819927034e-02 -4.205558372512854248e-01 2.296655923128128052e-01 1.000000000000000000e+00
-4.087401368586401906e-03 -4.633499770616097413e-01 2.404795289039611816e-01 1.000000000000000000e+00
6.449310759137019677e-02 -5.006102356624536620e-01 2.445619255304336548e-01 1.000000000000000000e+00
1.348014266060308108e-01 -5.174811555060309098e-01 2.220369726419448853e-01 1.000000000000000000e+00
1.903404362312614284e-01 -5.273806915779667426e-01 1.886314302682876587e-01 1.000000000000000000e+00
2.411234901034014777e-01 -5.436504919946574255e-01 1.702011078596115112e-01 1.000000000000000000e+00
2.974315532734104206e-01 -5.590799896191620544e-01 1.475232243537902832e-01 1.000000000000000000e+00
3.655734610543383001e-01 -5.641088040695121375e-01 1.207707971334457397e-01 1.000000000000000000e+00
4.376891106901310557e-01 -5.702724118793057739e-01 7.695735991001129150e-02 1.000000000000000000e+00
5.247652372834870071e-01 -5.842061810704316516e-01 4.387746006250381470e-02 1.000000000000000000e+00
-7.743739522000561148e-01 -5.139289769666866015e-02 7.052332162857055664e-02 1.000000000000000000e+00
-7.271346685709847435e-01 -8.063185238261622034e-02 1.312247514724731445e-01 1.000000000000000000e+00
-6.784156090906959813e-01 -9.842271148864079056e-02 1.584245711565017700e-01 1.000000000000000000e+00
-5.972566682206026378e-01 -1.149562879567367912e-01 1.730150431394577026e-01 1.000000000000000000e+00
-5.121025854333132177e-01 -1.306928253726433453e-01 1.678684800863265991e-01 1.000000000000000000e+00
-4.378232430355167293e-01 -1.595200369587758960e-01 1.738681346178054810e-01 1.000000000000000000e+00
-3.688598404935508057e-01 -1.951586428796025507e-01 2.077970206737518311e-01 1.000000000000000000e+00
-3.036722529374864532e-01 -2.366146044446377772e-01 2.501449584960937500e-01 1.000000000000000000e+00
-2.436487185319315407e-01 -2.755474765337047605e-01 2.848144471645355225e-01 1.000000000000000000e+00
-1.738380378943510940e-01 -3.104456044730434794e-01 3.001528680324554443e-01 1.000000000000000000e+00
-1.031066172042017226e-01 -3.432285085261660429e-01 2.974565625190734863e-01 1.000000000000000000e+00
-3.959776496610656338e-02 -3.688808506975335688e-01 2.889271080493927002e-01 1.000000000000000000e+00
2.761505768624722412e-02 -3.947749261185353742e-01 2.855827808380126953e-01 1.000000000000000000e+00
9.732832642020680658e-02 -4.243305511507695638e-01 2.766689658164978027e-01 1.000000000000000000e+00
1.689693814683425610e-01 -4.413425259596006622e-01 2.519596219062805176e-01 1.000000000000000000e+00
2.298348360513950972e-01 -4.477517866759401777e-01 2.202989012002944946e-01 1.000000000000000000e+00
2.775514432765643913e-01 -4.609066926432967559e-01 1.895326524972915649e-01 1.000000000000000000e+00
3.242787691367738923e-01 -4.754857511585486307e-01 1.641859561204910278e-01 1.000000000000000000e+00
3.852795835921751788e-01 -4.787701760376616433e-01 1.295419782400131226e-01 1.000000000000000000e+00
4.555579506855237937e-01 -4.836731044369547150e-01 7.493197917938232422e-02 1.000000000000000000e+00
5.433526086060946891e-01 -4.859809907873373636e-01 4.159283265471458435e-02 1.000000000000000000e+00
-7.313987073816804463e-01 2.045268547057843556e-02 7.037018239498138428e-02 1.000000000000000000e+00
-6.970660110252516750e-01 -1.038856595520787351e-02 1.455643773078918457e-01 1.000000000000000000e+00
-6.475769707695173683e-01 -3.322992406514135855e-02 1.767605096101760864e-01 1.000000000000000000e+00
-5.633278861868780130e-01 -4.742736394055130367e-02 1.899254024028778076e-01 1.000000000000000000e+00
-4.753476886195391327e-01 -5.839936871969528265e-02 1.940351873636245728e-01 1.000000000000000000e+00
-3.979355288250794320e-01 -8.663382702837066351e-02 2.054458558559417725e-01 1.000000000000000000e+00
-3.347351388345233825e-01 -1.270323505060478864e-01 2.497382760047912598e-01 1.000000000000000000e+00
-2.779436934589430419e-01 -1.778231804717381737e-01 3.097061216831207275e-01 1.000000000000000000e+00
-2.140428017727116772e-01 -2.251789474533814617e-01 3.521215617656707764e-01 1.000000000000000000e+00
-1.400940803280589231e-01 -2.547262168728984255e-01 3.637904822826385498e-01 1.000000000000000000e+00
-7.237821396530337570e-02 -2.766172899894567272e-01 3.492355644702911377e-01 1.000000000000000000e+00
-1.219383138076263196e-02 -3.010133926573964613e-01 3.416199684143066406e-01 1.000000000000000000e+00
5.550672513927135121e-02 -3.254387452382027091e-01 3.326194882392883301e-01 1.000000000000000000e+00
1.297585351082780614e-01 -3.463710407714110096e-01 3.132332563400268555e-01 1.000000000000000000e+00
2.052694874449038087e-01 -3.690804529037250425e-01 2.875873148441314697e-01 1.000000000000000000e+00
2.691978957548566975e-01 -3.808223278228372033e-01 2.587404549121856689e-01 1.000000000000000000e+00
3.140598020999739726e-01 -3.832206099436526459e-01 2.192170023918151855e-01 1.000000000000000000e+00
3.603781863087053838e-01 -3.938619213297570587e-01 1.736067831516265869e-01 1.000000000000000000e+00
4.091074874731823741e-01 -4.017628959921547560e-01 1.328682303428649902e-01 1.000000000000000000e+00
4.738601472114836177e-01 -4.031264189813780763e-01 8.144934475421905518e-02 1.000000000000000000e+00
5.555669760387942357e-01 -4.002949726249919182e-01 3.961007297039031982e-02 1.000000000000000000e+00
-6.779522044913186551e-01 1.008427413832874708e-01 7.718878984451293945e-02 1.000000000000000000e+00
-6.598295232469679750e-01 6.117661422889614231e-02 1.530025005340576172e-01 1.000000000000000000e+00
-6.175592898370582118e-01 3.051113623482459847e-02 1.953801512718200684e-01 1.000000000000000000e+00
-5.350344328269995842e-01 1.603746591427424040e-02 2.167740911245346069e-01 1.000000000000000000e+00
-4.479626895058886893e-01 5.305255629732941181e-03 2.307608574628829956e-01 1.000000000000000000e+00
-3.719358334017093259e-01 -2.421921234473958795e-02 2.570017874240875244e-01 1.000000000000000000e+00
-3.076710036785864077e-01 -6.592266547258687770e-02 2.977174818515777588e-01 1.000000000000000000e+00
-2.499063559607531126e-01 -1.127821111661658632e-01 3.457303643226623535e-01 1.000000000000000000e+00
-1.812743435519162671e-01 -1.581249973464894931e-01 3.787798881530761719e-01 1.000000000000000000e+00
-1.067630407049840191e-01 -1.891118397921005834e-01 3.983086943626403809e-01 1.000000000000000000e+00
-3.992349688482303705e-02 -2.105814602286181780e-01 3.916780948638916016e-01 1.000000000000000000e+00
2.404328086234296113e-02 -2.258442459938380109e-01 3.763983547687530518e-01 1.000000000000000000e+00
9.373975407717095865e-02 -2.479499730098623234e-01 3.661706745624542236e-01 1.000000000000000000e+00
1.664564493828654124e-01 -2.673474910545464156e-01 3.490661978721618652e-01 1.000000000000000000e+00
2.410340070756567532e-01 -2.917412703774619476e-01 3.204536139965057373e-01 1.000000000000000000e+00
3.075158440070606680e-01 -3.094704383510676893e-01 2.894428074359893799e-01 1.000000000000000000e+00
3.534011232492270671e-01 -3.115135437111256622e-01 2.486334145069122314e-01 1.000000000000000000e+00
3.961344780843756297e-01 -3.142949920513767315e-01 1.929049789905548096e-01 1.000000000000000000e+00
4.376119082003711025e-01 -3.215767452154523753e-01 1.427989751100540161e-01 1.000000000000000000e+00
4.941132357442267198e-01 -3.287166531608646802e-01 9.040598571300506592e-02 1.000000000000000000e+00
5.593723096237216419e-01 -3.221275939887776052e-01 4.027241840958595276e-02 1.000000000000000000e+00
-6.208657522495864001e-01 1.823352534859202512e-01 7.987044751644134521e-02 1.000000000000000000e+00
-6.193852177550956961e-01 1.236099421132660636e-01 1.527340859174728394e-01 1.000000000000000000e+00
-5.839797787369434001e-01 8.362343568991914555e-02 1.901731491088867188e-01 1.000000000000000000e+00
-5.006267361536457239e-01 7.242820012763720450e-02 2.300938814878463745e-01 1.000000000000000000e+00
-4.219755327699506453e-01 5.573699444611043829e-02 2.613427340984344482e-01 1.000000000000000000e+00
-3.512973435494705088e-01 2.023766278618802095e-02 2.949392497539520264e-01 1.000000000000000000e+00
-2.828975181290801499e-01 -1.705549142991866218e-02 3.209368884563446045e-01 1.000000000000000000e+00
-2.135158607992042601e-01 -5.030124163667568093e-02 3.546446561813354492e-01 1.000000000000000000e+00
-1.361906710266467535e-01 -8.644594691442114565e-02 3.813120126724243164e-01 1.000000000000000000e+00
-6.276813718058434077e-02 -1.176629216896138558e-01 4.007267951965332031e-01 1.000000000000000000e+00
5.346901984417909426e-03 -1.371697265124866560e-01 4.002289772033691406e-01 1.000000000000000000e+00
7.003911128815341891e-02 -1.523559209172500595e-01 3.929622173309326172e-01 1.000000000000000000e+00
1.359770220661000173e-01 -1.742846430233297716e-01 3.844736814498901367e-01 1.000000000000000000e+00
2.055508216099810048e-01 -1.915602411012404527e-01 3.694041967391967773e-01 1.000000000000000000e+00
2.783235630045718390e-01 -2.168544496470097838e-01 3.431391417980194092e-01 1.000000000000000000e+00
3.480747744389033338e-01 -2.326354625248074626e-01 3.079365789890289307e-01 1.000000000000000000e+00
3.908970051237601884e-01 -2.354993198076983929e-01 2.651673555374145508e-01 1.000000000000000000e+00
4.238693065773785906e-01 -2.322232663463708879e-01 2.067414820194244385e-01 1.000000000000000000e+00
4.584919311047137569e-01 -2.394638420394513967e-01 1.499318480491638184e-01 1.000000000000000000e+00
5.067115082832999162e-01 -2.453342658342912708e-01 9.319537878036499023e-02 1.000000000000000000e+00
5.708574733569099502e-01 -2.484070450452507406e-01 4.097821563482284546e-02 1.000000000000000000e+00
-5.900221932838440875e-01 2.503594978025178719e-01 6.788921356201171875e-02 1.000000000000000000e+00
-5.910969063107355259e-01 1.743345383065215137e-01 1.273449361324310303e-01 1.000000000000000000e+00
-5.478705084220834021e-01 1.263278448597638659e-01 1.773145496845245361e-01 1.000000000000000000e+00
-4.668029629929860702e-01 1.124336515593897523e-01 2.258547991514205933e-01 1.000000000000000000e+00
-3.977969289137514020e-01 9.878389944366672282e-02 2.619993984699249268e-01 1.000000000000000000e+00
-3.290068236761501397e-01 6.249213327475464097e-02 2.901870608329772949e-01 1.000000000000000000e+00
-2.538989163834780571e-01 3.167559043890787185e-02 3.052614629268646240e-01 1.000000000000000000e+00
-1.757519737004354377e-01 3.078158202500666518e-03 3.265748918056488037e-01 1.000000000000000000e+00
-9.722160006306501678e-02 -1.874631762505440946e-02 3.480140268802642822e-01 1.000000000000000000e+00
-2.027202827279267483e-02 -4.149741299054573312e-02 3.695501685142517090e-01 1.000000000000000000e+00
4.844443456665888104e-02 -6.202196015492437986e-02 3.811026811599731445e-01 1.000000000000000000e+00
1.113080132856961724e-01 -8.200457655570486670e-02 3.867154717445373535e-01 1.000000000000000000e+00
1.760651195165153504e-01 -1.024572712459065338e-01 3.887623250484466553e-01 1.000000000000000000e+00
2.449494861808111934e-01 -1.202132538347883001e-01 3.804351985454559326e-01 1.000000000000000000e+00
3.161730345475980419e-01 -1.421843954268052213e-01 3.594586551189422607e-01 1.000000000000000000e+00
3.890524904455294197e-01 -1.604485952517434311e-01 3.235425949096679688e-01 1.000000000000000000e+00
4.355076530314797578e-01 -1.619991988818834661e-01 2.731464803218841553e-01 1.000000000000000000e+00
4.605113552042647274e-01 -1.559207803896423550e-01 2.219958156347274780e-01 1.000000000000000000e+00
4.950720238642888349e-01 -1.616747524420465987e-01 1.625147759914398193e-01 1.000000000000000000e+00
5.332293675989751014e-01 -1.601294487781068365e-01 1.038692891597747803e-01 0.000000000000000000e+00
5.870423584105632919e-01 -1.524917022580838943e-01 4.325462505221366882e-02 1.000000000000000000e+00
-5.644476647315398443e-01 3.178707306790409248e-01 5.687372013926506042e-02 1.000000000000000000e+00
-5.597117919517646811e-01 2.333636020163936953e-01 9.397883713245391846e-02 1.000000000000000000e+00
-5.154400468529212187e-01 1.820797592902472228e-01 1.560973227024078369e-01 1.000000000000000000e+00
-4.468364941035413151e-01 1.562752143121947102e-01 2.055735290050506592e-01 1.000000000000000000e+00
-3.821460022838826243e-01 1.352428937707579881e-01 2.471899986267089844e-01 1.000000000000000000e+00
-3.092829625834462304e-01 1.050090943358470974e-01 2.661831378936767578e-01 1.000000000000000000e+00
-2.370905898782955379e-01 8.223085639991474516e-02 2.993360161781311035e-01 1.000000000000000000e+00
-1.638516424359904855e-01 6.714261127109066862e-02 3.192130029201507568e-01 1.000000000000000000e+00
-8.717064221823071779e-02 5.289587407090213383e-02 3.229174315929412842e-01 1.000000000000000000e+00
1.778806424313257237e-03 3.141543769938543590e-02 3.317727446556091309e-01 1.000000000000000000e+00
8.136637185339573586e-02 8.611417745965570247e-03 3.447143733501434326e-01 1.000000000000000000e+00
1.479843496909349354e-01 -1.158998294543497898e-02 3.632110953330993652e-01 1.000000000000000000e+00
2.157214580653399882e-01 -3.115362279352472397e-02 3.813499808311462402e-01 1.000000000000000000e+00
2.865142867137697724e-01 -4.709905052736337860e-02 3.797849118709564209e-01 1.000000000000000000e+00
3.594144472510321098e-01 -7.021952614156024008e-02 3.669094741344451904e-01 1.000000000000000000e+00
4.300811409185809064e-01 -9.203924464358961832e-02 3.352996706962585449e-01 1.000000000000000000e+00
4.838677583397134052e-01 -9.598436878831545505e-02 2.838309109210968018e-01 1.000000000000000000e+00
5.181196381141225382e-01 -9.281781283941922811e-02 2.285093367099761963e-01 1.000000000000000000e+00
5.457443895755271779e-01 -9.179058877408746708e-02 1.800749748945236206e-01 1.000000000000000000e+00
5.899492265523595957e-01 -8.755107942922513153e-02 1.267599910497665405e-01 1.000000000000000000e+00
6.442602034525284349e-01 -8.199894863433954129e-02 4.873000457882881165e-02 0.000000000000000000e+00
-5.422219877846534697e-01 3.866449044079050545e-01 4.826967790722846985e-02 1.000000000000000000e+00
-5.293913596697397139e-01 3.134396533709845056e-01 6.752333045005798340e-02 1.000000000000000000e+00
-4.824778290328091135e-01 2.653079945183920429e-01 1.409989297389984131e-01 1.000000000000000000e+00
-4.196170056639931811e-01 2.289013571138635017e-01 1.967711150646209717e-01 1.000000000000000000e+00
-3.558629957448222747e-01 2.012708842177735047e-01 2.340137511491775513e-01 1.000000000000000000e+00
-2.867880989834769023e-01 1.746056742513482085e-01 2.673793137073516846e-01 1.000000000000000000e+00
-2.180661083214253115e-01 1.531372866101495533e-01 2.995076775550842285e-01 1.000000000000000000e+00
-1.464379989412274985e-01 1.422475775039901136e-01 3.116399347782135010e-01 1.000000000000000000e+00
-6.960691643009844776e-02 1.259947530476262789e-01 3.098997175693511963e-01 1.000000000000000000e+00
1.573269151597990467e-02 9.924294184422324805e-02 3.105547130107879639e-01 1.000000000000000000e+00
9.865832817688467704e-02 7.601068751941941759e-02 3.156220912933349609e-01 1.000000000000000000e+00
1.774386431626368277e-01 5.820579878119682554e-02 3.255167007446289062e-01 1.000000000000000000e+00
2.504486594605428440e-01 3.834978624498701361e-02 3.483313322067260742e-01 1.000000000000000000e+00
3.258776203717467235e-01 2.159395890798088136e-02 3.615123033523559570e-01 1.000000000000000000e+00
4.012761196481893222e-01 -3.258520372346918048e-03 3.574863672256469727e-01 1.000000000000000000e+00
4.724891629129848170e-01 -2.601044286974027453e-02 3.352957665920257568e-01 1.000000000000000000e+00
5.339746292477689504e-01 -4.137427570426494006e-02 2.929858267307281494e-01 1.000000000000000000e+00
5.796741831336159612e-01 -4.160332275249739586e-02 2.357545346021652222e-01 1.000000000000000000e+00
6.220165719481762778e-01 -3.422857256718242480e-02 1.844041049480438232e-01 1.000000000000000000e+00
6.746236782035950341e-01 -3.849324358060574047e-02 1.324463337659835815e-01 1.000000000000000000e+00
7.234570399370454652e-01 -6.188938065748811335e-02 7.037672400474548340e-02 1.000000000000000000e+00
-5.261330711050595799e-01 4.569704930937430465e-01 4.748009517788887024e-02 1.000000000000000000e+00
-4.981388761746765592e-01 4.049278227019382226e-01 7.389433681964874268e-02 1.000000000000000000e+00
-4.417892667487480773e-01 3.627543689929217385e-01 1.377518624067306519e-01 1.000000000000000000e+00
-3.853172523380317682e-01 3.187311006394741852e-01 1.991668492555618286e-01 1.000000000000000000e+00
-3.250055928564332119e-01 2.903743888112479410e-01 2.346115708351135254e-01 1.000000000000000000e+00
-2.579233200673419213e-01 2.624117249919071804e-01 2.635947465896606445e-01 1.000000000000000000e+00
-1.971997304592880695e-01 2.423634925334403334e-01 2.874782979488372803e-01 1.000000000000000000e+00
-1.255989151147680893e-01 2.249297858216970925e-01 2.936090528964996338e-01 1.000000000000000000e+00
-4.885464589194839224e-02 1.990890893843343945e-01 2.934799790382385254e-01 1.000000000000000000e+00
2.964985484879242850e-02 1.674811130271500748e-01 2.942230105400085449e-01 1.000000000000000000e+00
1.100809934020874764e-01 1.365437983968953439e-01 2.976574599742889404e-01 1.000000000000000000e+00
1.940450204090013731e-01 1.129311081781859682e-01 3.102988302707672119e-01 1.000000000000000000e+00
2.757068969881971143e-01 9.495819839419666897e-02 3.268837034702301025e-01 1.000000000000000000e+00
3.536306668400184816e-01 8.144227305920787030e-02 3.414593338966369629e-01 1.000000000000000000e+00
4.327660742928309823e-01 5.991069148702318770e-02 3.404928147792816162e-01 1.000000000000000000e+00
5.063182255031325463e-01 3.627313726187045284e-02 3.246452808380126953e-01 1.000000000000000000e+00
5.730425029609723664e-01 1.623627259870030759e-02 2.946225404739379883e-01 1.000000000000000000e+00
6.230866593584436508e-01 1.563534283263201541e-02 2.479380071163177490e-01 1.000000000000000000e+00
6.797033006798250954e-01 1.405595290495909033e-02 1.975344270467758179e-01 1.000000000000000000e+00
7.495481518748356997e-01 -8.661430250079593662e-03 1.627344638109207153e-01 1.000000000000000000e+00
7.954297590728255374e-01 -3.394258512661174620e-02 1.099659055471420288e-01 1.000000000000000000e+00
-4.849889751455806475e-01 5.396857959071542643e-01 5.340198799967765808e-02 1.000000000000000000e+00
-4.722477207400231913e-01 4.983155544465450171e-01 9.358204901218414307e-02 1.000000000000000000e+00
-4.147904289149556556e-01 4.553056333085570562e-01 1.397064924240112305e-01 1.000000000000000000e+00
-3.439323661646541130e-01 4.192919322897846190e-01 1.938278973102569580e-01 1.000000000000000000e+00
-2.852110429375402378e-01 3.891625569404154605e-01 2.240807414054870605e-01 1.000000000000000000e+00
-2.268670130299398069e-01 3.602157431349211625e-01 2.410058677196502686e-01 1.000000000000000000e+00
-1.712713685770227423e-01 3.287319524668741444e-01 2.580565214157104492e-01 1.000000000000000000e+00
-1.108916669597703741e-01 2.990464519209536376e-01 2.675397396087646484e-01 1.000000000000000000e+00
-3.791614785737054683e-02 2.661262228986704947e-01 2.704004049301147461e-01 1.000000000000000000e+00
3.632980369969315837e-02 2.249655474226586460e-01 2.772908508777618408e-01 1.000000000000000000e+00
1.194790662704406647e-01 1.951416155528040708e-01 2.843078374862670898e-01 1.000000000000000000e+00
2.057453306329477261e-01 1.722538642993722557e-01 2.932187914848327637e-01 1.000000000000000000e+00
2.887195678785415831e-01 1.527431714297243226e-01 3.023497760295867920e-01 1.000000000000000000e+00
3.727924364875568330e-01 1.379731666172938631e-01 3.156620264053344727e-01 1.000000000000000000e+00
4.582611560356922298e-01 1.176841689696195015e-01 3.125355839729309082e-01 1.000000000000000000e+00
5.331538825932919945e-01 9.464070618436418170e-02 3.069737553596496582e-01 1.000000000000000000e+00
6.002754573186197540e-01 7.514561818537734972e-02 2.876680791378021240e-01 1.000000000000000000e+00
6.673184703183230315e-01 6.680545228807188707e-02 2.541941702365875244e-01 1.000000000000000000e+00
7.329554012314303257e-01 6.344259739223623296e-02 2.120439410209655762e-01 1.000000000000000000e+00
8.067311414730822250e-01 4.017387023840224280e-02 1.915577352046966553e-01 1.000000000000000000e+00
8.617982749823849264e-01 3.385234872395226358e-03 1.423675864934921265e-01 1.000000000000000000e+00
-4.094445055276766388e-01 6.332810863926979783e-01 6.002843752503395081e-02 1.000000000000000000e+00
-4.147133673537205523e-01 5.936377606833510567e-01 1.121769398450851440e-01 1.000000000000000000e+00
-3.765234124949989880e-01 5.619504323471328222e-01 1.454290002584457397e-01 1.000000000000000000e+00
-3.147196215501241734e-01 5.261847747514700746e-01 1.819886714220046997e-01 1.000000000000000000e+00
-2.586177302263184541e-01 4.900631237998600565e-01 2.070931792259216309e-01 1.000000000000000000e+00
-2.044131741186397400e-01 4.540596842216110263e-01 2.264505922794342041e-01 1.000000000000000000e+00
-1.563797384965019688e-01 4.160846361434465401e-01 2.286539822816848755e-01 1.000000000000000000e+00
-1.040661850409615174e-01 3.738353286438225176e-01 2.373049557209014893e-01 1.000000000000000000e+00
-3.421910006297984586e-02 3.296553793810357846e-01 2.534727752208709717e-01 1.000000000000000000e+00
4.688613518539846980e-02 2.895744113334638437e-01 2.702600359916687012e-01 1.000000000000000000e+00
1.315044261609931708e-01 2.599115857920422101e-01 2.796148657798767090e-01 1.000000000000000000e+00
2.181319258937310379e-01 2.337467748212746221e-01 2.806997001171112061e-01 1.000000000000000000e+00
3.015355078167493708e-01 2.128428809956066370e-01 2.766743302345275879e-01 1.000000000000000000e+00
3.861252126923415684e-01 1.925376989581040754e-01 2.865368425846099854e-01 1.000000000000000000e+00
4.759962548611368915e-01 1.813664554893369418e-01 2.879718542098999023e-01 1.000000000000000000e+00
5.608409481702200106e-01 1.625941121853271276e-01 2.891164124011993408e-01 1.000000000000000000e+00
6.359576325440945421e-01 1.394126290079107378e-01 2.758307456970214844e-01 1.000000000000000000e+00
7.110170814976912723e-01 1.233143451912351862e-01 2.560870051383972168e-01 1.000000000000000000e+00
7.865072712430692947e-01 1.143683815668584125e-01 2.268506884574890137e-01 1.000000000000000000e+00
8.558784129342416058e-01 8.842316094518865022e-02 2.045753300189971924e-01 1.000000000000000000e+00
9.143080220177435269e-01 5.327049765098046397e-02 1.615564227104187012e-01 1.000000000000000000e+00
-3.252676711800971399e-01 7.243421869760469090e-01 6.195571646094322205e-02 1.000000000000000000e+00
-3.249305806857070156e-01 6.940315222261642658e-01 1.185095012187957764e-01 1.000000000000000000e+00
-3.134988907665668401e-01 6.589474213177711759e-01 1.622144281864166260e-01 1.000000000000000000e+00
-2.768088579526509774e-01 6.192044815319688311e-01 1.794841885566711426e-01 1.000000000000000000e+00
-2.241637247031632585e-01 5.865304849353983885e-01 2.016757130622863770e-01 1.000000000000000000e+00
-1.816396197512482324e-01 5.452643791178365396e-01 2.144643962383270264e-01 1.000000000000000000e+00
-1.446727453628885718e-01 4.985965646077244462e-01 2.150077223777770996e-01 1.000000000000000000e+00
-9.900917434895767366e-02 4.508566501753286104e-01 2.154518365859985352e-01 1.000000000000000000e+00
-2.674881350880281561e-02 3.978490751020714589e-01 2.227100431919097900e-01 1.000000000000000000e+00
6.151405243478658136e-02 3.507520054765880246e-01 2.459631860256195068e-01 1.000000000000000000e+00
1.512525638384393800e-01 3.214057554510438286e-01 2.548381686210632324e-01 1.000000000000000000e+00
2.334146945335010825e-01 2.933794393537395573e-01 2.481817007064819336e-01 1.000000000000000000e+00
3.126252129387161460e-01 2.688236475451481478e-01 2.518434226512908936e-01 1.000000000000000000e+00
3.939087082828712783e-01 2.483985998704805742e-01 2.611505091190338135e-01 1.000000000000000000e+00
4.797448482512564061e-01 2.390394759585075801e-01 2.695216536521911621e-01 1.000000000000000000e+00
5.681297398579969737e-01 2.268796886946295166e-01 2.714560925960540771e-01 1.000000000000000000e+00
6.648594967356519225e-01 2.140587438181611180e-01 2.688996493816375732e-01 1.000000000000000000e+00
7.526572827426357692e-01 1.964247552822941389e-01 2.510663270950317383e-01 1.000000000000000000e+00
8.303733318515711392e-01 1.766346604171553092e-01 2.303845882415771484e-01 1.000000000000000000e+00
9.039947724808247154e-01 1.444216555128850499e-01 2.126388996839523315e-01 1.000000000000000000e+00
9.682378649668281767e-01 1.222472712806364492e-01 1.759618669748306274e-01 1.000000000000000000e+00
-2.689961493277472360e-01 8.088142494607331034e-01 6.696692109107971191e-02 1.000000000000000000e+00
-2.456842848744623664e-01 7.852996165192622779e-01 1.202512234449386597e-01 1.000000000000000000e+00
-2.364987796365738970e-01 7.472499685192335317e-01 1.615656316280364990e-01 1.000000000000000000e+00
-2.121372268477009770e-01 7.052653010814095014e-01 1.975817084312438965e-01 1.000000000000000000e+00
-1.809324799269324546e-01 6.644902271224237822e-01 2.076676636934280396e-01 1.000000000000000000e+00
-1.564871813500683939e-01 6.207467295493915849e-01 2.148159891366958618e-01 1.000000000000000000e+00
-1.226079850836168661e-01 5.737027965631682491e-01 2.084256112575531006e-01 1.000000000000000000e+00
-8.613269046286403663e-02 5.215556599389731263e-01 2.039760500192642212e-01 1.000000000000000000e+00
-2.772904383804494777e-02 4.662049624328892250e-01 2.041752934455871582e-01 1.000000000000000000e+00
5.818054228222654944e-02 4.146468701634823395e-01 2.210988700389862061e-01 1.000000000000000000e+00
1.555106177966464887e-01 3.768907749633320092e-01 2.311446815729141235e-01 1.000000000000000000e+00
2.411752885802211921e-01 3.465919745513051931e-01 2.407291680574417114e-01 1.000000000000000000e+00
3.144440285760673470e-01 3.199711978999225104e-01 2.524591386318206787e-01 1.000000000000000000e+00
3.905629966176673018e-01 3.076403892614993918e-01 2.554677426815032959e-01 1.000000000000000000e+00
4.704181668759245816e-01 2.973335460455542867e-01 2.542705237865447998e-01 1.000000000000000000e+00
5.596826474060193624e-01 2.915416576345584709e-01 2.536213994026184082e-01 1.000000000000000000e+00
6.669338381788125769e-01 2.891748381361564646e-01 2.533922493457794189e-01 1.000000000000000000e+00
7.769110238930179158e-01 2.711370406447066173e-01 2.401677370071411133e-01 1.000000000000000000e+00
8.660959469781921438e-01 2.555014027841351898e-01 2.248958349227905273e-01 1.000000000000000000e+00
9.494850461903909800e-01 2.281719110699735875e-01 2.025114744901657104e-01 1.000000000000000000e+00
1.013120001799230563e+00 2.053072036059651606e-01 1.681612879037857056e-01 1.000000000000000000e+00
-2.094709118437805828e-01 8.946512587078688794e-01 5.186678841710090637e-02 1.000000000000000000e+00
-1.786645580085613472e-01 8.634202332270537461e-01 9.060120582580566406e-02 1.000000000000000000e+00
-1.738955578058565821e-01 8.155080330146575740e-01 1.318762153387069702e-01 1.000000000000000000e+00
-1.693116244149632243e-01 7.663444507231242930e-01 1.815075129270553589e-01 1.000000000000000000e+00
-1.500367747728701406e-01 7.243403114412882982e-01 2.115884423255920410e-01 1.000000000000000000e+00
-1.296365199818390601e-01 6.874751373983853941e-01 2.228734940290451050e-01 1.000000000000000000e+00
-1.061172298136078274e-01 6.414020570676104427e-01 2.149949520826339722e-01 0.000000000000000000e+00
-7.678976674578735784e-02 5.933697383369582745e-01 2.035116702318191528e-01 1.000000000000000000e+00
-2.978477744758811774e-02 5.481385413051884647e-01 2.014965713024139404e-01 1.000000000000000000e+00
4.225535557238521700e-02 4.916449477080346298e-01 2.058176249265670776e-01 1.000000000000000000e+00
1.393981621021591344e-01 4.346847779611530682e-01 2.259867340326309204e-01 1.000000000000000000e+00
2.275590537457763962e-01 4.026987232994018173e-01 2.416761666536331177e-01 1.000000000000000000e+00
3.007918372114867234e-01 3.740615202430684350e-01 2.631573379039764404e-01 1.000000000000000000e+00
3.670347871226199432e-01 3.591709227603361865e-01 2.672939896583557129e-01 1.000000000000000000e+00
4.412481802392089758e-01 3.483662831166289831e-01 2.594258487224578857e-01 1.000000000000000000e+00
5.356297149153673720e-01 3.451021045298693912e-01 2.480987310409545898e-01 1.000000000000000000e+00
6.585014971238137838e-01 3.545787601972711922e-01 2.233729213476181030e-01 1.000000000000000000e+00
7.845816660283034816e-01 3.491152852982283283e-01 2.083470076322555542e-01 1.000000000000000000e+00
8.799878432753223123e-01 3.400948903393812284e-01 1.883323788642883301e-01 1.000000000000000000e+00
9.658981248185942725e-01 3.080156595322844915e-01 1.666515618562698364e-01 1.000000000000000000e+00
1.034326525802275132e+00 2.905115254366796296e-01 1.308552622795104980e-01 1.000000000000000000e+00
-1.704133641084622508e-01 9.637089332132414699e-01 3.194763511419296265e-02 1.000000000000000000e+00
-1.364263562035198940e-01 9.296302137659393505e-01 5.578520521521568298e-02 1.000000000000000000e+00
-1.297414445612070089e-01 8.673635555940057973e-01 9.366498887538909912e-02 1.000000000000000000e+00
-1.306941951452200157e-01 8.183011889591715882e-01 1.379704475402832031e-01 1.000000000000000000e+00
-1.205249824630872379e-01 7.760878537947515365e-01 1.876476854085922241e-01 1.000000000000000000e+00
-1.052755572488452973e-01 7.359687112391408714e-01 2.167696505784988403e-01 1.000000000000000000e+00
-9.233805526282001797e-02 6.921992301340017528e-01 2.144858986139297485e-01 0.000000000000000000e+00
-7.542914003531014933e-02 6.502824401957043587e-01 2.067332416772842407e-01 0.000000000000000000e+00
-3.360277616049300864e-02 6.083395824316031320e-01 2.100565135478973389e-01 1.000000000000000000e+00
4.099234096305920394e-02 5.574491173160330826e-01 2.127496898174285889e-01 1.000000000000000000e+00
1.287563041241130690e-01 4.949718724155148242e-01 2.310876399278640747e-01 1.000000000000000000e+00
2.084906182942653785e-01 4.501481300417241593e-01 2.467223852872848511e-01 1.000000000000000000e+00
2.780701445411877804e-01 4.146035748133495846e-01 2.647708654403686523e-01 1.000000000000000000e+00
3.490969566874818630e-01 4.008509158986311438e-01 2.638194859027862549e-01 0.000000000000000000e+00
4.320573355224497369e-01 3.955983675371390063e-01 2.440155446529388428e-01 0.000000000000000000e+00
5.326939287671365042e-01 4.144263420470052917e-01 2.188124507665634155e-01 1.000000000000000000e+00
6.820933747018929072e-01 4.079858873944116615e-01 1.855372637510299683e-01 1.000000000000000000e+00
8.059497810485386493e-01 4.021321432148700081e-01 1.651768982410430908e-01 1.000000000000000000e+00
9.022050065588094192e-01 3.994638262356453029e-01 1.371007412672042847e-01 1.000000000000000000e+00
9.944510131044814738e-01 3.748970604413728314e-01 1.064362823963165283e-01 1.000000000000000000e+00
1.070352598238174524e+00 3.559522206231200969e-01 8.283300697803497314e-02 1.000000000000000000e+00
-1.542160773446346611e-01 1.011617003034483764e+00 3.106952458620071411e-02 1.000000000000000000e+00
-1.160263121467315361e-01 9.656664857391784595e-01 3.311658650636672974e-02 1.000000000000000000e+00
-1.036154982531225510e-01 8.990137736301102578e-01 6.514884531497955322e-02 1.000000000000000000e+00
-1.108083637136887400e-01 8.438876345328922834e-01 1.159315109252929688e-01 1.000000000000000000e+00
-1.094107109967946689e-01 7.954282628597033611e-01 1.652074158191680908e-01 1.000000000000000000e+00
-8.969496317242914296e-02 7.601450707756569614e-01 1.936128735542297363e-01 0.000000000000000000e+00
-8.323937253286395332e-02 7.221370849353812016e-01 2.064757794141769409e-01 0.000000000000000000e+00
-7.948141200566288811e-02 6.905332495060630960e-01 2.080439329147338867e-01 0.000000000000000000e+00
-5.032399039815954600e-02 6.530796000908269949e-01 2.112646102905273438e-01 0.000000000000000000e+00
1.175292266177796474e-02 6.044266268690032806e-01 2.181163579225540161e-01 1.000000000000000000e+00
9.153498921129313293e-02 5.388001273009024317e-01 2.338610589504241943e-01 1.000000000000000000e+00
1.678636799710833127e-01 4.898950000211502731e-01 2.449196577072143555e-01 1.000000000000000000e+00
2.426855892864726583e-01 4.566905747993581510e-01 2.488330602645874023e-01 0.000000000000000000e+00
3.176440754644614950e-01 4.402580875474154665e-01 2.407432496547698975e-01 0.000000000000000000e+00
4.057649592121298499e-01 4.378003362233511830e-01 2.143553942441940308e-01 0.000000000000000000e+00
5.323537773578732590e-01 4.544543262376429249e-01 1.898686140775680542e-01 1.000000000000000000e+00
6.769680123583163844e-01 4.568697094422417004e-01 1.495185792446136475e-01 1.000000000000000000e+00
8.175074584345900508e-01 4.638906789811561571e-01 1.157425791025161743e-01 1.000000000000000000e+00
9.225541793694453929e-01 4.619035393675646195e-01 8.111061155796051025e-02 1.000000000000000000e+00
1.032953423624638489e+00 4.496459292682927766e-01 5.327101051807403564e-02 1.000000000000000000e+00
1.089123919481107983e+00 4.597965341168080422e-01 4.300513863563537598e-02 1.000000000000000000e+00
