-2.024571283425368184e-01 -8.293086813847618810e-01 2.007910013198852539e-01 1.000000000000000000e+00
-1.669293370231574314e-01 -7.972540011169226837e-01 2.084412425756454468e-01 1.000000000000000000e+00
-1.200265538325971382e-01 -7.631698447261626717e-01 2.276117354631423950e-01 1.000000000000000000e+00
-6.171516665916843003e-02 -7.179671389639862289e-01 2.487258017063140869e-01 1.000000000000000000e+00
1.335696849583123402e-03 -6.625745685639067295e-01 2.579438090324401855e-01 1.000000000000000000e+00
6.363581961923431285e-02 -6.026417499814153977e-01 2.516300380229949951e-01 1.000000000000000000e+00
1.295909381651745296e-01 -5.431695332328754233e-01 2.431207448244094849e-01 1.000000000000000000e+00
1.930591292311687468e-01 -4.731630172636890896e-01 2.324346452951431274e-01 1.000000000000000000e+00
2.464491764179501387e-01 -4.122961191510750578e-01 2.216668725013732910e-01 1.000000000000000000e+00
2.895183981717929789e-01 -3.707282102880388175e-01 2.093295902013778687e-01 0.000000000000000000e+00
3.321292834847919262e-01 -3.230867192836280322e-01 1.918911337852478027e-01 0.000000000000000000e+00
3.762265300940882407e-01 -2.701383816059529375e-01 1.763245165348052979e-01 0.000000000000000000e+00
4.334692101665383324e-01 -2.238536714120926974e-01 1.669152230024337769e-01 0.000000000000000000e+00
5.143590960924502298e-01 -1.872548127682180652e-01 1.607777029275894165e-01 0.000000000000000000e+00
6.015258067999682545e-01 -1.424997592207880026e-01 1.440396457910537720e-01 1.000000000000000000e+00
6.756389747107982569e-01 -9.153709655371872200e-02 1.150398552417755127e-01 1.000000000000000000e+00
7.297084080221510893e-01 -3.769879655959973430e-02 9.756524860858917236e-02 1.000000000000000000e+00
7.763061323231896793e-01 1.718786414437933896e-02 9.008206427097320557e-02 1.000000000000000000e+00
8.278999440467094129e-01 7.031582115369572339e-02 7.775740325450897217e-02 1.000000000000000000e+00
8.781583750220101070e-01 1.181613450517477459e-01 5.775774642825126648e-02 1.000000000000000000e+00
9.232242721139201080e-01 1.816147320372025198e-01 4.808339104056358337e-02 1.000000000000000000e+00
-2.168960696599142035e-01 -7.714962496774293577e-01 2.258358001708984375e-01 1.000000000000000000e+00
-1.754700165522535271e-01 -7.439294290593030379e-01 2.469489872455596924e-01 1.000000000000000000e+00
-1.239416799578953454e-01 -7.130737423379016615e-01 2.739579677581787109e-01 1.000000000000000000e+00
-5.900238475476471400e-02 -6.681951247673497685e-01 2.910665273666381836e-01 1.000000000000000000e+00
5.530109066538724250e-03 -6.138981195474624286e-01 2.910243868827819824e-01 1.000000000000000000e+00
7.424188438618248287e-02 -5.552491150440371781e-01 2.842537760734558105e-01 1.000000000000000000e+00
1.409800703040308412e-01 -4.984992264610885737e-01 2.777569591999053955e-01 1.000000000000000000e+00
2.025227615223806066e-01 -4.420614036812267611e-01 2.690621614456176758e-01 1.000000000000000000e+00
2.535547030716895911e-01 -3.837962199904780825e-01 2.601621448993682861e-01 1.000000000000000000e+00
3.031360554623749870e-01 -3.408912234318579593e-01 2.543211281299591064e-01 1.000000000000000000e+00
3.450841710458279477e-01 -3.036074152794085435e-01 2.454948574304580688e-01 1.000000000000000000e+00
3.931363936256895286e-01 -2.601306967207381304e-01 2.383871078491210938e-01 1.000000000000000000e+00
4.485707315526433203e-01 -2.181076545773448228e-01 2.348130643367767334e-01 1.000000000000000000e+00
5.072382912061255134e-01 -1.799823003006783828e-01 2.248775213956832886e-01 1.000000000000000000e+00
5.832297755676920659e-01 -1.316257037175832811e-01 1.998785734176635742e-01 1.000000000000000000e+00
6.444016272027066616e-01 -7.656851686452914585e-02 1.659223735332489014e-01 1.000000000000000000e+00
6.923281994904451064e-01 -1.910900179320262904e-02 1.485925018787384033e-01 1.000000000000000000e+00
7.362574171514406629e-01 4.166559472117253859e-02 1.379022747278213501e-01 1.000000000000000000e+00
7.748348279885227674e-01 9.149052428611442744e-02 1.116196960210800171e-01 1.000000000000000000e+00
8.134922546175028524e-01 1.422579206040326949e-01 8.344562351703643799e-02 1.000000000000000000e+00
8.612807116826710629e-01 1.988082860061307078e-01 5.309531465172767639e-02 1.000000000000000000e+00
-2.480191149148443797e-01 -7.126858438176316701e-01 2.537326216697692871e-01 1.000000000000000000e+00
-1.920910266575854564e-01 -6.897237982069872597e-01 2.803993821144104004e-01 1.000000000000000000e+00
-1.320378156023228056e-01 -6.558117063252729695e-01 3.033334016799926758e-01 1.000000000000000000e+00
-7.195088706825142344e-02 -6.157340362685970181e-01 3.145192563533782959e-01 1.000000000000000000e+00
-6.916972190213810379e-03 -5.617361472325914651e-01 3.156725168228149414e-01 1.000000000000000000e+00
5.871669234213378052e-02 -5.006804312386485822e-01 3.112350404262542725e-01 1.000000000000000000e+00
1.236707073321068606e-01 -4.460388228486240614e-01 3.039928972721099854e-01 1.000000000000000000e+00
1.845976225570003793e-01 -3.961424543754561989e-01 2.973725497722625732e-01 1.000000000000000000e+00
2.401975975986019862e-01 -3.437723187757898979e-01 2.949732542037963867e-01 1.000000000000000000e+00
2.952210142892867095e-01 -3.001065505281239054e-01 2.941558957099914551e-01 1.000000000000000000e+00
3.418714484927440900e-01 -2.608418036171699650e-01 2.897202968597412109e-01 1.000000000000000000e+00
3.873823162061639791e-01 -2.241172051191191728e-01 2.812032997608184814e-01 1.000000000000000000e+00
4.398272940720734936e-01 -1.865013430206766964e-01 2.778581082820892334e-01 1.000000000000000000e+00
5.009989981931182168e-01 -1.490116159031151799e-01 2.683461308479309082e-01 1.000000000000000000e+00
5.602466565327922643e-01 -1.090593327207591279e-01 2.526484131813049316e-01 1.000000000000000000e+00
6.165621586215632721e-01 -6.204349060906833024e-02 2.315245568752288818e-01 1.000000000000000000e+00
6.629436695897408249e-01 -4.789610011626421748e-03 2.099228352308273315e-01 1.000000000000000000e+00
7.034896965004941993e-01 5.822464895919338135e-02 1.812320053577423096e-01 1.000000000000000000e+00
7.427994720507258286e-01 1.165767078414351454e-01 1.441181749105453491e-01 1.000000000000000000e+00
7.615816461071508447e-01 1.674462470467195652e-01 1.027641296386718750e-01 1.000000000000000000e+00
7.969403653437288071e-01 2.257795505813739445e-01 5.712008848786354065e-02 1.000000000000000000e+00
-2.808446610419478295e-01 -6.610906201746866717e-01 2.747054696083068848e-01 1.000000000000000000e+00
-2.142945343621550647e-01 -6.373479517093477709e-01 3.051512539386749268e-01 1.000000000000000000e+00
-1.537402394249464122e-01 -6.024330598610136978e-01 3.205306231975555420e-01 1.000000000000000000e+00
-9.465897684319340977e-02 -5.643386097610179064e-01 3.310794234275817871e-01 1.000000000000000000e+00
-3.345831783722164054e-02 -5.110430558085978792e-01 3.353658318519592285e-01 1.000000000000000000e+00
2.412675269581879278e-02 -4.502052600948806549e-01 3.326900005340576172e-01 1.000000000000000000e+00
9.499925996135841211e-02 -4.036465110920026134e-01 3.287517130374908447e-01 1.000000000000000000e+00
1.628095141913540878e-01 -3.555026507267662339e-01 3.275260627269744873e-01 1.000000000000000000e+00
2.261746351393149890e-01 -3.057761235163851121e-01 3.282412886619567871e-01 1.000000000000000000e+00
2.804147210402883617e-01 -2.582284513967595951e-01 3.323342204093933105e-01 1.000000000000000000e+00
3.297184310664081353e-01 -2.174824060796857472e-01 3.285482823848724365e-01 1.000000000000000000e+00
3.797706269752328945e-01 -1.836617623225280105e-01 3.222459852695465088e-01 1.000000000000000000e+00
4.302458402658493886e-01 -1.494994867480530232e-01 3.164444565773010254e-01 1.000000000000000000e+00
4.815346984669687247e-01 -1.161452927000774238e-01 3.027872145175933838e-01 1.000000000000000000e+00
5.311417498985334662e-01 -7.939977356009700338e-02 2.895979881286621094e-01 1.000000000000000000e+00
5.830669833653188139e-01 -3.392785480305726686e-02 2.751651704311370850e-01 1.000000000000000000e+00
6.314133804110741988e-01 1.969718213759663605e-02 2.558835148811340332e-01 1.000000000000000000e+00
6.690511272606060045e-01 7.948035833445005194e-02 2.228348255157470703e-01 1.000000000000000000e+00
7.041463022534453220e-01 1.500209486312542029e-01 1.711995750665664673e-01 1.000000000000000000e+00
7.218516875506897357e-01 1.980546160610588968e-01 1.109239906072616577e-01 1.000000000000000000e+00
7.460665060864719589e-01 2.517159625117049160e-01 6.196108087897300720e-02 1.000000000000000000e+00
-3.080410003249513529e-01 -6.138949269236877448e-01 2.906374335289001465e-01 1.000000000000000000e+00
-2.434443800736385832e-01 -5.889455941854818688e-01 3.226507008075714111e-01 1.000000000000000000e+00
-1.832208852136797683e-01 -5.559480151594691222e-01 3.369259238243103027e-01 1.000000000000000000e+00
-1.287087624789927942e-01 -5.097789875280591687e-01 3.511654138565063477e-01 1.000000000000000000e+00
-6.798824037125714148e-02 -4.589198585943570219e-01 3.581103086471557617e-01 1.000000000000000000e+00
-6.657431897083732064e-03 -4.025089781874057193e-01 3.593836128711700439e-01 1.000000000000000000e+00
6.705128431872373063e-02 -3.578674261030154735e-01 3.551616072654724121e-01 1.000000000000000000e+00
1.387915003646934820e-01 -3.115258282003776635e-01 3.562512397766113281e-01 1.000000000000000000e+00
2.004476930460831197e-01 -2.633724742575141997e-01 3.611461222171783447e-01 1.000000000000000000e+00
2.540575571212730921e-01 -2.169180913882612638e-01 3.660653233528137207e-01 1.000000000000000000e+00
3.110861259349317898e-01 -1.768838062437712022e-01 3.678789436817169189e-01 1.000000000000000000e+00
3.633579065952418086e-01 -1.420842123678948687e-01 3.653823435306549072e-01 1.000000000000000000e+00
4.157148607680363206e-01 -1.074931663668064474e-01 3.543387949466705322e-01 1.000000000000000000e+00
4.657549394579141300e-01 -7.550264413911295103e-02 3.402996659278869629e-01 1.000000000000000000e+00
5.034210722099180524e-01 -4.373997831118150992e-02 3.240993618965148926e-01 1.000000000000000000e+00
5.423010341990356364e-01 2.314388818854540286e-03 2.975330650806427002e-01 1.000000000000000000e+00
5.851344970190206496e-01 4.914834620579661140e-02 2.669650912284851074e-01 1.000000000000000000e+00
6.185660516074380499e-01 1.107418349133141855e-01 2.336228638887405396e-01 1.000000000000000000e+00
6.546507292361918307e-01 1.775990646047815591e-01 1.827882379293441772e-01 1.000000000000000000e+00
6.706282201850350955e-01 2.269855194312403734e-01 1.224194169044494629e-01 1.000000000000000000e+00
6.963956232528374368e-01 2.772949480932392352e-01 7.661099731922149658e-02 1.000000000000000000e+00
-3.317912657597343884e-01 -5.645060591901517322e-01 3.084537684917449951e-01 1.000000000000000000e+00
-2.675448647461229346e-01 -5.424321741181773460e-01 3.368794322013854980e-01 1.000000000000000000e+00
-2.088922777605742298e-01 -5.080844524102544613e-01 3.505841791629791260e-01 1.000000000000000000e+00
-1.506765955434016535e-01 -4.648004081695515932e-01 3.629885315895080566e-01 1.000000000000000000e+00
-9.184452620346936214e-02 -4.113173639615308463e-01 3.794196844100952148e-01 1.000000000000000000e+00
-2.907861753749999001e-02 -3.604020111319151676e-01 3.853245675563812256e-01 1.000000000000000000e+00
4.172935236625727184e-02 -3.186494253154162348e-01 3.863611519336700439e-01 1.000000000000000000e+00
1.109740956587455252e-01 -2.707411447599314958e-01 3.881409168243408203e-01 1.000000000000000000e+00
1.719584886482957709e-01 -2.268421990728789472e-01 3.945172727108001709e-01 1.000000000000000000e+00
2.269142227686280489e-01 -1.835582338575170447e-01 3.977462351322174072e-01 1.000000000000000000e+00
2.800658083548909216e-01 -1.430791098004187689e-01 4.000929594039916992e-01 1.000000000000000000e+00
3.324143226212710744e-01 -1.061385139721056636e-01 3.948051929473876953e-01 1.000000000000000000e+00
3.854305904820335971e-01 -7.274632454019752670e-02 3.811785876750946045e-01 1.000000000000000000e+00
4.302076973679469507e-01 -3.815248631039527827e-02 3.640106618404388428e-01 1.000000000000000000e+00
4.589030420018010981e-01 -1.335443968491861755e-03 3.373526334762573242e-01 1.000000000000000000e+00
4.889533656684319496e-01 3.830986264273505970e-02 2.972802817821502686e-01 1.000000000000000000e+00
5.261785791647390909e-01 8.538146503500582130e-02 2.611161768436431885e-01 1.000000000000000000e+00
5.616390619670466045e-01 1.434629622232318491e-01 2.294781506061553955e-01 1.000000000000000000e+00
5.976270757987407478e-01 2.069544078128919828e-01 1.967043578624725342e-01 1.000000000000000000e+00
6.166846584367601247e-01 2.539091580676662296e-01 1.430924683809280396e-01 1.000000000000000000e+00
6.445060354831801952e-01 3.075363971811548858e-01 9.192952513694763184e-02 1.000000000000000000e+00
-3.498883638670391427e-01 -5.109640515410642791e-01 3.182369768619537354e-01 1.000000000000000000e+00
-2.974692641661152992e-01 -4.978657909381062896e-01 3.473519682884216309e-01 1.000000000000000000e+00
-2.380042123818221222e-01 -4.654217159368749246e-01 3.638202548027038574e-01 1.000000000000000000e+00
-1.724746927121449669e-01 -4.243113637979850639e-01 3.789564967155456543e-01 1.000000000000000000e+00
-1.104673114155383107e-01 -3.748965546791905856e-01 3.950508534908294678e-01 1.000000000000000000e+00
-5.421836973727808817e-02 -3.254374913694595417e-01 4.040402472019195557e-01 1.000000000000000000e+00
1.108476867233496033e-02 -2.795549885509387988e-01 4.114901721477508545e-01 1.000000000000000000e+00
8.397783800233533935e-02 -2.350724354525559057e-01 4.144395291805267334e-01 1.000000000000000000e+00
1.443516390607961497e-01 -1.977260286933557043e-01 4.213799834251403809e-01 1.000000000000000000e+00
1.943266061380807541e-01 -1.548770189546262166e-01 4.273934364318847656e-01 1.000000000000000000e+00
2.406550278822028044e-01 -1.128806399612721223e-01 4.279691576957702637e-01 1.000000000000000000e+00
2.917407488102117252e-01 -7.717487303734335558e-02 4.186349809169769287e-01 1.000000000000000000e+00
3.400192472830161350e-01 -4.045320901362009502e-02 4.026084840297698975e-01 1.000000000000000000e+00
3.780829828671596338e-01 -3.321593131143107946e-04 3.787368237972259521e-01 1.000000000000000000e+00
4.036906072322571370e-01 4.166945115781120479e-02 3.412148952484130859e-01 1.000000000000000000e+00
4.289641862127694383e-01 7.715135509587434104e-02 2.976842820644378662e-01 1.000000000000000000e+00
4.664909077266113924e-01 1.204770404229059677e-01 2.583224475383758545e-01 1.000000000000000000e+00
5.053877495285575838e-01 1.731001414073346789e-01 2.329880893230438232e-01 1.000000000000000000e+00
5.368509093142584954e-01 2.337389723859440993e-01 2.107571959495544434e-01 1.000000000000000000e+00
5.641456509518227858e-01 2.834845394351400150e-01 1.617905646562576294e-01 1.000000000000000000e+00
5.941478429174542608e-01 3.488662290336652094e-01 1.142753660678863525e-01 1.000000000000000000e+00
-3.747509004390928711e-01 -4.701688261201343311e-01 3.102075457572937012e-01 1.000000000000000000e+00
-3.277269819375561166e-01 -4.524386637443215120e-01 3.502003848552703857e-01 1.000000000000000000e+00
-2.631194561891911921e-01 -4.245350371230324216e-01 3.728030025959014893e-01 1.000000000000000000e+00
-1.988086442543428312e-01 -3.892484627543929543e-01 3.922053873538970947e-01 1.000000000000000000e+00
-1.359634889764609056e-01 -3.451391621464225401e-01 4.059804677963256836e-01 1.000000000000000000e+00
-8.325320723588745808e-02 -2.944941602765799304e-01 4.114376604557037354e-01 1.000000000000000000e+00
-2.083637984270958476e-02 -2.479945749122990373e-01 4.172803163528442383e-01 1.000000000000000000e+00
4.973762236825161887e-02 -2.059743249976195845e-01 4.258849620819091797e-01 1.000000000000000000e+00
1.053844647053973349e-01 -1.646297628215546704e-01 4.322854280471801758e-01 1.000000000000000000e+00
1.502106252546213661e-01 -1.228722089452875532e-01 4.395986795425415039e-01 1.000000000000000000e+00
1.954454416470070011e-01 -8.313155035766077450e-02 4.441140890121459961e-01 1.000000000000000000e+00
2.419408650099973968e-01 -4.773783870010663011e-02 4.397271573543548584e-01 1.000000000000000000e+00
2.855272391317810188e-01 -9.197200988350251460e-03 4.205208420753479004e-01 1.000000000000000000e+00
3.195610932588432984e-01 3.757680250658507193e-02 3.905847370624542236e-01 1.000000000000000000e+00
3.455789329004973487e-01 8.073863142331846876e-02 3.489906191825866699e-01 1.000000000000000000e+00
3.692990106550344542e-01 1.148704980465928283e-01 3.056495487689971924e-01 1.000000000000000000e+00
4.069374423908544980e-01 1.559761192017373455e-01 2.682259678840637207e-01 1.000000000000000000e+00
4.473970893355846412e-01 2.064815096358876279e-01 2.418447583913803101e-01 1.000000000000000000e+00
4.829199810838246676e-01 2.648258872549882348e-01 2.190081030130386353e-01 1.000000000000000000e+00
5.121663957619586593e-01 3.248370568288613258e-01 1.791665256023406982e-01 1.000000000000000000e+00
5.388122339831371566e-01 3.994561028256556345e-01 1.290793120861053467e-01 1.000000000000000000e+00
-4.013010534603504986e-01 -4.222283045426277193e-01 3.048724830150604248e-01 1.000000000000000000e+00
-3.517499322138486484e-01 -4.072656662419892326e-01 3.482658565044403076e-01 1.000000000000000000e+00
-2.909794081387108711e-01 -3.862866456588505693e-01 3.737427890300750732e-01 1.000000000000000000e+00
-2.290620367054552742e-01 -3.550341094802267339e-01 3.945578038692474365e-01 1.000000000000000000e+00
-1.702800220164857325e-01 -3.147962339840048029e-01 4.096858203411102295e-01 1.000000000000000000e+00
-1.153888199895796857e-01 -2.665248477918865655e-01 4.171946644783020020e-01 1.000000000000000000e+00
-5.546158059615999281e-02 -2.172357574538439917e-01 4.211429655551910400e-01 1.000000000000000000e+00
3.524651378913015720e-03 -1.714804538241291310e-01 4.316752254962921143e-01 1.000000000000000000e+00
5.498595867907069001e-02 -1.262270506715501561e-01 4.432485699653625488e-01 1.000000000000000000e+00
9.653150073643781970e-02 -8.441636279020098277e-02 4.552279412746429443e-01 1.000000000000000000e+00
1.387196715981187378e-01 -4.664903808910048078e-02 4.572166502475738525e-01 1.000000000000000000e+00
1.836885677181809562e-01 -1.201627724469842007e-02 4.556807279586791992e-01 1.000000000000000000e+00
2.252620821120691619e-01 2.437787415595880913e-02 4.356785416603088379e-01 1.000000000000000000e+00
2.620907253740252241e-01 7.210706221540864880e-02 4.011192917823791504e-01 1.000000000000000000e+00
2.899595228933760649e-01 1.167352274070406065e-01 3.651911914348602295e-01 1.000000000000000000e+00
3.177059628431437854e-01 1.527340413686656406e-01 3.282637000083923340e-01 1.000000000000000000e+00
3.547815286854569261e-01 1.922248007547592008e-01 2.911942005157470703e-01 1.000000000000000000e+00
3.952938012389090039e-01 2.404213604857023956e-01 2.546508014202117920e-01 1.000000000000000000e+00
4.334214103719707945e-01 2.960404807332400745e-01 2.279534339904785156e-01 1.000000000000000000e+00
4.584119363862400043e-01 3.580696256087465557e-01 1.873870939016342163e-01 1.000000000000000000e+00
4.856192246302332149e-01 4.418454419123680199e-01 1.466228216886520386e-01 1.000000000000000000e+00
-4.235432690940102995e-01 -3.624836545165803781e-01 2.977663576602935791e-01 1.000000000000000000e+00
-3.701101833894542281e-01 -3.616510711831170122e-01 3.433357477188110352e-01 1.000000000000000000e+00
-3.113709701422365250e-01 -3.432583484949117691e-01 3.715331554412841797e-01 1.000000000000000000e+00
-2.582051547262452229e-01 -3.140277494216814347e-01 3.929492533206939697e-01 1.000000000000000000e+00
-2.060043230170471862e-01 -2.749549445272022608e-01 4.134687185287475586e-01 1.000000000000000000e+00
-1.556523102329840924e-01 -2.319886084989305486e-01 4.293007254600524902e-01 1.000000000000000000e+00
-1.060962512197614060e-01 -1.840963700876602771e-01 4.371500909328460693e-01 1.000000000000000000e+00
-5.575591311273583872e-02 -1.361606255920145836e-01 4.482572376728057861e-01 1.000000000000000000e+00
-8.904111803805500602e-03 -8.706617993710744074e-02 4.592971801757812500e-01 1.000000000000000000e+00
3.550445250201650360e-02 -4.529636659627973849e-02 4.714720249176025391e-01 1.000000000000000000e+00
7.846518299943622266e-02 -1.114392704257601008e-02 4.715645611286163330e-01 1.000000000000000000e+00
1.232477479022317662e-01 2.203650608570129066e-02 4.663265049457550049e-01 1.000000000000000000e+00
1.664037289437342582e-01 5.964650977220076894e-02 4.464370310306549072e-01 1.000000000000000000e+00
2.042642798395628012e-01 1.037498834795993474e-01 4.175990223884582520e-01 1.000000000000000000e+00
2.343106575075018239e-01 1.467160719939012425e-01 3.869521319866180420e-01 1.000000000000000000e+00
2.710256096455996855e-01 1.895322229958603943e-01 3.565013706684112549e-01 1.000000000000000000e+00
3.074090188682426783e-01 2.308191335515184517e-01 3.146707117557525635e-01 1.000000000000000000e+00
3.445433216123118259e-01 2.813647742259967055e-01 2.741562128067016602e-01 1.000000000000000000e+00
3.810241387873085639e-01 3.379448729126300899e-01 2.367118149995803833e-01 1.000000000000000000e+00
4.017704086679018682e-01 3.955565907906416490e-01 1.955532133579254150e-01 1.000000000000000000e+00
4.254154426415763246e-01 4.873349161489015646e-01 1.595542579889297485e-01 1.000000000000000000e+00
-4.451927564749042499e-01 -3.171527801880823505e-01 2.909054756164550781e-01 1.000000000000000000e+00
-3.951990709285247427e-01 -3.127503100534526626e-01 3.379714190959930420e-01 1.000000000000000000e+00
-3.427118882621876250e-01 -2.963238550692030571e-01 3.738170266151428223e-01 1.000000000000000000e+00
-2.914409516913085696e-01 -2.653421821979796702e-01 3.971848189830780029e-01 1.000000000000000000e+00
-2.451876461679450836e-01 -2.250862994607314427e-01 4.156749546527862549e-01 1.000000000000000000e+00
-2.039943595678979094e-01 -1.805118451591705142e-01 4.358613789081573486e-01 1.000000000000000000e+00
-1.575644060657130918e-01 -1.343452778500424105e-01 4.500409364700317383e-01 1.000000000000000000e+00
-1.119743496922973314e-01 -9.092569988124064861e-02 4.602002799510955811e-01 1.000000000000000000e+00
-6.831935523278190314e-02 -4.838265518927600817e-02 4.733262062072753906e-01 1.000000000000000000e+00
-2.350025954903953510e-02 -6.495631462739497736e-03 4.835936129093170166e-01 1.000000000000000000e+00
2.175754794920879698e-02 2.847525774219727968e-02 4.794536530971527100e-01 1.000000000000000000e+00
6.686533900853866563e-02 6.061701339905997687e-02 4.683474898338317871e-01 1.000000000000000000e+00
1.084756001859723124e-01 9.676661297958878694e-02 4.514712989330291748e-01 1.000000000000000000e+00
1.452768796065326273e-01 1.405424161120046311e-01 4.280206859111785889e-01 1.000000000000000000e+00
1.782149578191601635e-01 1.816063856441082758e-01 4.026435911655426025e-01 1.000000000000000000e+00
2.180882051238461350e-01 2.296834116443184914e-01 3.737906813621520996e-01 1.000000000000000000e+00
2.589642207850154088e-01 2.773194446318471562e-01 3.342858552932739258e-01 1.000000000000000000e+00
2.969754097857779662e-01 3.285860703703769037e-01 2.927419245243072510e-01 1.000000000000000000e+00
3.352257070777659442e-01 3.864800680833791469e-01 2.562532126903533936e-01 1.000000000000000000e+00
3.571948361577664266e-01 4.495068025213582175e-01 2.102254778146743774e-01 1.000000000000000000e+00
3.803283035380167765e-01 5.320872406878905947e-01 1.612594127655029297e-01 1.000000000000000000e+00
-4.844218629570861134e-01 -2.775741077443510951e-01 2.779151499271392822e-01 1.000000000000000000e+00
-4.281954382326428332e-01 -2.712926257359845050e-01 3.217494487762451172e-01 1.000000000000000000e+00
-3.782910091746972681e-01 -2.553691565102200189e-01 3.652280867099761963e-01 1.000000000000000000e+00
-3.336406800091046287e-01 -2.185148985010814671e-01 3.918235898017883301e-01 1.000000000000000000e+00
-2.907966172567191254e-01 -1.693856026708118745e-01 4.187769591808319092e-01 1.000000000000000000e+00
-2.469419784441636845e-01 -1.240883615274255281e-01 4.374693036079406738e-01 1.000000000000000000e+00
-2.024347905128261738e-01 -7.935084106897598299e-02 4.515195786952972412e-01 1.000000000000000000e+00
-1.567519899992621812e-01 -3.720896588620623002e-02 4.621845781803131104e-01 1.000000000000000000e+00
-1.126511819812667237e-01 7.104378152117396539e-04 4.748867750167846680e-01 1.000000000000000000e+00
-6.793980310560607250e-02 3.595565558874985745e-02 4.840006232261657715e-01 1.000000000000000000e+00
-2.335692470269907714e-02 6.910219738246833887e-02 4.786652028560638428e-01 1.000000000000000000e+00
1.975465463389719512e-02 9.547528227350857155e-02 4.673351943492889404e-01 1.000000000000000000e+00
5.973363257642880925e-02 1.340460918604427232e-01 4.518053531646728516e-01 1.000000000000000000e+00
9.634471380637157911e-02 1.810952615925935372e-01 4.343901574611663818e-01 1.000000000000000000e+00
1.351597696487824296e-01 2.246398681875028669e-01 4.107162058353424072e-01 1.000000000000000000e+00
1.750591374628330255e-01 2.732891746335061600e-01 3.830947577953338623e-01 1.000000000000000000e+00
2.167077575407676537e-01 3.317013876052850585e-01 3.501102924346923828e-01 1.000000000000000000e+00
2.559233875681381498e-01 3.855804752120505219e-01 3.137892186641693115e-01 1.000000000000000000e+00
2.880815804959200310e-01 4.410139702020340891e-01 2.746228575706481934e-01 1.000000000000000000e+00
3.129968796539533415e-01 4.986185757993594203e-01 2.279511094093322754e-01 1.000000000000000000e+00
3.355397748561569915e-01 5.730286050376759421e-01 1.693691313266754150e-01 1.000000000000000000e+00
-5.222033832436007161e-01 -2.336155453400799442e-01 2.616633772850036621e-01 1.000000000000000000e+00
-4.658505601204732116e-01 -2.259936671085213400e-01 3.102870285511016846e-01 1.000000000000000000e+00
-4.134942592238306514e-01 -1.963782251615380503e-01 3.578193187713623047e-01 1.000000000000000000e+00
-3.673430491726287217e-01 -1.584361886024697186e-01 3.867737650871276855e-01 1.000000000000000000e+00
-3.215385180238531371e-01 -1.136146273280894403e-01 4.101207256317138672e-01 1.000000000000000000e+00
-2.783172093671587577e-01 -7.323431128896888687e-02 4.269556999206542969e-01 1.000000000000000000e+00
-2.364129897264298230e-01 -3.647969896642223875e-02 4.387802183628082275e-01 1.000000000000000000e+00
-1.918758353858010524e-01 2.075658532176602455e-03 4.503316283226013184e-01 1.000000000000000000e+00
-1.459098923439408890e-01 3.932120788289027169e-02 4.622986018657684326e-01 1.000000000000000000e+00
-1.029534450200010887e-01 6.911357176321020201e-02 4.699001312255859375e-01 1.000000000000000000e+00
-5.696963171437229023e-02 9.516536069133978148e-02 4.668196737766265869e-01 1.000000000000000000e+00
-1.682191359547124260e-02 1.258544409205774872e-01 4.608384966850280762e-01 1.000000000000000000e+00
2.008721961042844728e-02 1.691540057382444617e-01 4.527930021286010742e-01 1.000000000000000000e+00
5.948325922284983247e-02 2.183276716632839287e-01 4.409318566322326660e-01 1.000000000000000000e+00
9.956916898840964536e-02 2.729757601312670090e-01 4.229902327060699463e-01 1.000000000000000000e+00
1.411424937214795783e-01 3.262379021695299697e-01 3.943451941013336182e-01 1.000000000000000000e+00
1.837945354320493774e-01 3.872857367028012532e-01 3.641996383666992188e-01 1.000000000000000000e+00
2.253923369473920246e-01 4.364486446447582990e-01 3.273113965988159180e-01 1.000000000000000000e+00
2.522274882753692826e-01 4.880415291376108966e-01 2.824745774269104004e-01 1.000000000000000000e+00
2.728548092127527358e-01 5.465323565185747912e-01 2.354965358972549438e-01 1.000000000000000000e+00
2.933839069196815252e-01 6.071350149644497707e-01 1.720532625913619995e-01 1.000000000000000000e+00
-5.507741101831201691e-01 -1.785701912147452941e-01 2.444106489419937134e-01 1.000000000000000000e+00
-5.023783697144705851e-01 -1.773663402440165404e-01 2.984431087970733643e-01 1.000000000000000000e+00
-4.517144017627980901e-01 -1.446796047624837045e-01 3.501444160938262939e-01 1.000000000000000000e+00
-4.002742574489489558e-01 -1.068966409464076617e-01 3.787851333618164062e-01 1.000000000000000000e+00
-3.496116592698530479e-01 -6.252821097708008424e-02 3.935010731220245361e-01 1.000000000000000000e+00
-3.024160081657026877e-01 -2.749959639475157980e-02 4.074665904045104980e-01 1.000000000000000000e+00
-2.555619045851723614e-01 3.079585926993949618e-03 4.168632328510284424e-01 1.000000000000000000e+00
-2.144564309439976613e-01 3.595386434768813033e-02 4.296202063560485840e-01 1.000000000000000000e+00
-1.745741009934575760e-01 7.023664829876785642e-02 4.446478188037872314e-01 1.000000000000000000e+00
-1.275565203242657042e-01 9.878653362169875773e-02 4.516273140907287598e-01 0.000000000000000000e+00
-8.552995891902176462e-02 1.198649944255428396e-01 4.502849280834197998e-01 0.000000000000000000e+00
-4.777670863114587274e-02 1.527491668189249197e-01 4.469268620014190674e-01 0.000000000000000000e+00
-1.135365502912231983e-02 2.006002119541318574e-01 4.436020851135253906e-01 1.000000000000000000e+00
2.779009354811284860e-02 2.569337212839292173e-01 4.359384477138519287e-01 1.000000000000000000e+00
6.898504494867618853e-02 3.195932196941206893e-01 4.244857728481292725e-01 1.000000000000000000e+00
1.082149311475555098e-01 3.784964539877636591e-01 3.984690904617309570e-01 1.000000000000000000e+00
1.505671401778188589e-01 4.332714887634615542e-01 3.657316267490386963e-01 1.000000000000000000e+00
1.873494956633977582e-01 4.872725177396811658e-01 3.285822570323944092e-01 1.000000000000000000e+00
2.135670270732964171e-01 5.318716384843330536e-01 2.882313430309295654e-01 1.000000000000000000e+00
2.381098323841904230e-01 5.893462632008508173e-01 2.351059764623641968e-01 1.000000000000000000e+00
2.582030579205316645e-01 6.472692144816909465e-01 1.715166121721267700e-01 1.000000000000000000e+00
-5.839338175986422685e-01 -1.392107666769677732e-01 2.290991544723510742e-01 1.000000000000000000e+00
-5.378434781334021642e-01 -1.409744226263303646e-01 2.793395817279815674e-01 1.000000000000000000e+00
-4.884721118787103133e-01 -1.104741392049972404e-01 3.308596312999725342e-01 1.000000000000000000e+00
-4.369098049244523052e-01 -6.576579490242934201e-02 3.602871894836425781e-01 1.000000000000000000e+00
-3.830719263988184298e-01 -2.531586280628089769e-02 3.751884698867797852e-01 1.000000000000000000e+00
-3.310386916327239804e-01 1.095535677398218333e-02 3.849628865718841553e-01 1.000000000000000000e+00
-2.793448232908392614e-01 3.895620563807378200e-02 3.925750851631164551e-01 1.000000000000000000e+00
-2.389211486813131446e-01 6.753530926373484122e-02 4.034873247146606445e-01 1.000000000000000000e+00
-1.965802560798749488e-01 9.670286718830503614e-02 4.156622886657714844e-01 1.000000000000000000e+00
-1.522977003143883845e-01 1.245909310857814950e-01 4.228853583335876465e-01 0.000000000000000000e+00
-1.136755084507634073e-01 1.462392383549170893e-01 4.289877414703369141e-01 0.000000000000000000e+00
-7.837613197688879374e-02 1.812357475753924307e-01 4.307107627391815186e-01 0.000000000000000000e+00
-4.264347536361005886e-02 2.334867656444548079e-01 4.261012971401214600e-01 1.000000000000000000e+00
2.322712821435313213e-03 2.947596959589106613e-01 4.211374819278717041e-01 1.000000000000000000e+00
3.862043223269961967e-02 3.598641119777948871e-01 4.125677049160003662e-01 1.000000000000000000e+00
7.148289899909857081e-02 4.186150697077679617e-01 3.877375423908233643e-01 1.000000000000000000e+00
1.105032205304695703e-01 4.706847088142636637e-01 3.571867048740386963e-01 1.000000000000000000e+00
1.462011165304389626e-01 5.229559679073234602e-01 3.269935548305511475e-01 1.000000000000000000e+00
1.739926430714011929e-01 5.699425601061476332e-01 2.910561561584472656e-01 1.000000000000000000e+00
1.994980191820112658e-01 6.313423840447576207e-01 2.369494587182998657e-01 1.000000000000000000e+00
2.256054208767509228e-01 6.846411622310887291e-01 1.678839176893234253e-01 1.000000000000000000e+00
-6.206844786541410031e-01 -1.106868332760074236e-01 2.116742879152297974e-01 1.000000000000000000e+00
-5.751627844690099245e-01 -1.077297893110588656e-01 2.630872130393981934e-01 1.000000000000000000e+00
-5.284259334210369419e-01 -8.107312988652520813e-02 3.111301958560943604e-01 1.000000000000000000e+00
-4.766050976980131804e-01 -3.603620875296639769e-02 3.383053541183471680e-01 1.000000000000000000e+00
-4.218928195797480019e-01 9.279134461855381710e-03 3.548895418643951416e-01 1.000000000000000000e+00
-3.636234633509968228e-01 4.426176683245849897e-02 3.616575896739959717e-01 1.000000000000000000e+00
-3.068799600155975860e-01 6.751357202661534274e-02 3.688687682151794434e-01 1.000000000000000000e+00
-2.603916067864449069e-01 9.172544028300186336e-02 3.782531619071960449e-01 1.000000000000000000e+00
-2.168673676560784469e-01 1.158923062418908412e-01 3.857020735740661621e-01 1.000000000000000000e+00
-1.764583917599705232e-01 1.465368267155404136e-01 3.984815180301666260e-01 0.000000000000000000e+00
-1.397854916399743908e-01 1.684279841257957933e-01 4.071267545223236084e-01 0.000000000000000000e+00
-1.083711273681369491e-01 2.041935890378979157e-01 4.115835130214691162e-01 0.000000000000000000e+00
-7.520786908062787601e-02 2.577592937525605699e-01 4.071933925151824951e-01 1.000000000000000000e+00
-3.193095819403549140e-02 3.220377895913131838e-01 4.035748243331909180e-01 1.000000000000000000e+00
1.235640231218082530e-03 3.906181088904514542e-01 3.918247818946838379e-01 1.000000000000000000e+00
3.402156832072125714e-02 4.571113583981787354e-01 3.717437386512756348e-01 1.000000000000000000e+00
6.611108295885470554e-02 5.069515240488573493e-01 3.467990159988403320e-01 1.000000000000000000e+00
1.018079042141870338e-01 5.544228260789811902e-01 3.173039257526397705e-01 1.000000000000000000e+00
1.367661440962144592e-01 6.013151989979592660e-01 2.898758053779602051e-01 1.000000000000000000e+00
1.552596333137640783e-01 6.521776364592696273e-01 2.402147650718688965e-01 1.000000000000000000e+00
1.897016796686543660e-01 7.124137648370696407e-01 1.660294681787490845e-01 1.000000000000000000e+00
-6.727718089002991952e-01 -7.793243102919039655e-02 2.008131146430969238e-01 1.000000000000000000e+00
-6.098611468831192095e-01 -6.578950250471671257e-02 2.391837388277053833e-01 1.000000000000000000e+00
-5.612218924604858161e-01 -4.124724510285332491e-02 2.848826348781585693e-01 1.000000000000000000e+00
-5.091491871707608530e-01 -6.378504053638767157e-03 3.137737810611724854e-01 1.000000000000000000e+00
-4.561114454906820548e-01 3.789526409393326190e-02 3.327924907207489014e-01 1.000000000000000000e+00
-3.951000152978120239e-01 6.422970032488903303e-02 3.405679166316986084e-01 0.000000000000000000e+00
-3.387217776250325274e-01 8.544330499848326599e-02 3.513754010200500488e-01 0.000000000000000000e+00
-2.820207477762202153e-01 1.105382024147336661e-01 3.606081902980804443e-01 1.000000000000000000e+00
-2.331237021546698762e-01 1.358423273237042150e-01 3.666067123413085938e-01 0.000000000000000000e+00
-1.971306201644423273e-01 1.655930817278317702e-01 3.742844760417938232e-01 0.000000000000000000e+00
-1.678408995994633557e-01 1.932952148031024109e-01 3.819945454597473145e-01 1.000000000000000000e+00
-1.400497734535619543e-01 2.286764404567851738e-01 3.884734809398651123e-01 0.000000000000000000e+00
-1.104606416767615618e-01 2.812639695010706875e-01 3.902043998241424561e-01 1.000000000000000000e+00
-7.491020696301969872e-02 3.432097531785786582e-01 3.873511254787445068e-01 1.000000000000000000e+00
-4.087013617580209646e-02 4.120003641783620552e-01 3.712894916534423828e-01 1.000000000000000000e+00
-1.192087785309411951e-02 4.758212084625590421e-01 3.527015447616577148e-01 1.000000000000000000e+00
1.858709736809227575e-02 5.311197492436108281e-01 3.314985632896423340e-01 1.000000000000000000e+00
5.370423086900577569e-02 5.832462549854597889e-01 3.082971870899200439e-01 1.000000000000000000e+00
8.755567343571285521e-02 6.250956099661397758e-01 2.836642265319824219e-01 1.000000000000000000e+00
1.069057973492464342e-01 6.740364461632928350e-01 2.417453974485397339e-01 1.000000000000000000e+00
1.400489832001521884e-01 7.397207079872778479e-01 1.708131432533264160e-01 1.000000000000000000e+00
-7.348495438237827582e-01 -4.095036270194263306e-02 1.908227950334548950e-01 1.000000000000000000e+00
-6.643831109069333607e-01 -3.356001818267861925e-02 2.264763265848159790e-01 1.000000000000000000e+00
-5.988540127057413454e-01 -3.564464345687690106e-03 2.522891461849212646e-01 1.000000000000000000e+00
-5.376413629213682155e-01 2.687129225057527382e-02 2.805500924587249756e-01 1.000000000000000000e+00
-4.831264163478310447e-01 6.084652011135890937e-02 3.002420365810394287e-01 0.000000000000000000e+00
-4.271816695486981841e-01 8.600619723377053716e-02 3.146957159042358398e-01 0.000000000000000000e+00
-3.650735888942868712e-01 1.099862156764985777e-01 3.286812603473663330e-01 0.000000000000000000e+00
-3.075963932200100337e-01 1.359807270375018584e-01 3.447579741477966309e-01 0.000000000000000000e+00
-2.625942748466091325e-01 1.665174147992363185e-01 3.509368598461151123e-01 0.000000000000000000e+00
-2.279644010613300631e-01 1.988724967298368951e-01 3.548774123191833496e-01 1.000000000000000000e+00
-1.977447945776552307e-01 2.292076698721285943e-01 3.603371679782867432e-01 1.000000000000000000e+00
-1.739657481136953066e-01 2.616654267940577983e-01 3.625450134277343750e-01 0.000000000000000000e+00
-1.459878113301254499e-01 3.121306460132211580e-01 3.676020205020904541e-01 1.000000000000000000e+00
-1.175897073453944092e-01 3.642540539617046269e-01 3.664203286170959473e-01 1.000000000000000000e+00
-8.464453792550494238e-02 4.271362984662762097e-01 3.503674268722534180e-01 1.000000000000000000e+00
-5.957006065735814815e-02 4.920147652302935271e-01 3.328453004360198975e-01 1.000000000000000000e+00
-3.095089645218745966e-02 5.533945483424366207e-01 3.124035298824310303e-01 1.000000000000000000e+00
6.473713784424739437e-03 6.105537038978501307e-01 2.948660552501678467e-01 1.000000000000000000e+00
3.324379037830116346e-02 6.571483093320988900e-01 2.738341689109802246e-01 1.000000000000000000e+00
5.232937959715616705e-02 7.097687550650714217e-01 2.360141724348068237e-01 1.000000000000000000e+00
8.680562811961295422e-02 7.697489045584404721e-01 1.772980690002441406e-01 1.000000000000000000e+00
-7.971539866454062651e-01 -6.103242986014167926e-03 1.786789894104003906e-01 1.000000000000000000e+00
-7.217805015235549959e-01 -4.843810858811636866e-03 2.128106355667114258e-01 1.000000000000000000e+00
-6.413640195368295327e-01 1.549141134496712091e-02 2.332356870174407959e-01 0.000000000000000000e+00
-5.678245756013540202e-01 3.905442886852839024e-02 2.513204514980316162e-01 0.000000000000000000e+00
-5.055030000858107275e-01 6.775040570511017823e-02 2.703391015529632568e-01 0.000000000000000000e+00
-4.516179065531323866e-01 1.015339391621541132e-01 2.863910198211669922e-01 0.000000000000000000e+00
-3.911669451517603147e-01 1.368079748433615184e-01 3.016447424888610840e-01 0.000000000000000000e+00
-3.329430548358402464e-01 1.667788517005493465e-01 3.172128498554229736e-01 0.000000000000000000e+00
-2.864841095702360119e-01 2.014285450413406675e-01 3.259122967720031738e-01 1.000000000000000000e+00
-2.559039315291943839e-01 2.346681049297226762e-01 3.385696709156036377e-01 1.000000000000000000e+00
-2.288845036428153457e-01 2.679586045528861704e-01 3.418466448783874512e-01 1.000000000000000000e+00
-2.090738147738229191e-01 2.994703965334126194e-01 3.409658074378967285e-01 1.000000000000000000e+00
-1.826502432266227105e-01 3.437093987993192767e-01 3.430466055870056152e-01 1.000000000000000000e+00
-1.553647897007989775e-01 3.955954620387697185e-01 3.385436236858367920e-01 1.000000000000000000e+00
-1.296164159350992884e-01 4.513216247448129659e-01 3.266856372356414795e-01 1.000000000000000000e+00
-1.040424879753862886e-01 5.146793173107238051e-01 3.127466142177581787e-01 1.000000000000000000e+00
-7.535468762741559523e-02 5.823450289237513955e-01 2.954340875148773193e-01 1.000000000000000000e+00
-3.689410785440566665e-02 6.411227077556803655e-01 2.802624106407165527e-01 1.000000000000000000e+00
-1.418433220552317575e-02 6.849762928970231091e-01 2.582630217075347900e-01 1.000000000000000000e+00
7.451942138362532830e-03 7.381383677802091370e-01 2.281018048524856567e-01 1.000000000000000000e+00
3.704375024004341599e-02 7.899572436747770432e-01 1.836056709289550781e-01 1.000000000000000000e+00
-8.559785538463036136e-01 4.335477718921454393e-03 1.542650312185287476e-01 1.000000000000000000e+00
-7.772239220963628181e-01 6.295938377405718711e-03 1.700898706912994385e-01 0.000000000000000000e+00
-6.895538410403669882e-01 2.949659837089463332e-02 1.949850320816040039e-01 0.000000000000000000e+00
-6.063651711662618737e-01 6.219633615519298830e-02 2.169077992439270020e-01 0.000000000000000000e+00
-5.370885227094508441e-01 9.008536943018524701e-02 2.348271757364273071e-01 0.000000000000000000e+00
-4.747747654343063561e-01 1.120544352899130458e-01 2.474424242973327637e-01 0.000000000000000000e+00
-4.234245308850430600e-01 1.452138371407833972e-01 2.614703774452209473e-01 0.000000000000000000e+00
-3.741391758114497867e-01 1.879834580219865714e-01 2.768557965755462646e-01 0.000000000000000000e+00
-3.262354787257406574e-01 2.286175823828396902e-01 2.919294238090515137e-01 0.000000000000000000e+00
-2.950618151057489147e-01 2.664904875736380241e-01 3.111911416053771973e-01 1.000000000000000000e+00
-2.664606476048924089e-01 2.993125776591635256e-01 3.146348595619201660e-01 1.000000000000000000e+00
-2.468304710538940516e-01 3.312765658115414125e-01 3.114646375179290771e-01 1.000000000000000000e+00
-2.205468507513523302e-01 3.724843430249422105e-01 3.104232251644134521e-01 1.000000000000000000e+00
-1.933095974151568530e-01 4.241013144417188352e-01 3.085741996765136719e-01 1.000000000000000000e+00
-1.685474704413242875e-01 4.799273967888693093e-01 3.002677261829376221e-01 1.000000000000000000e+00
-1.431579454805585461e-01 5.444193769520416781e-01 2.893840372562408447e-01 1.000000000000000000e+00
-1.150130176148324301e-01 6.091300255020006826e-01 2.736767828464508057e-01 1.000000000000000000e+00
-8.530007947053125372e-02 6.597569042269836315e-01 2.594402134418487549e-01 1.000000000000000000e+00
-6.518170280234114600e-02 7.020844784242924463e-01 2.406070977449417114e-01 1.000000000000000000e+00
-4.252794031512963091e-02 7.599265604395523122e-01 2.125564813613891602e-01 1.000000000000000000e+00
-1.887496034342189821e-02 7.989726653054998184e-01 1.799687445163726807e-01 1.000000000000000000e+00
-8.959824036978127904e-01 -2.903791421855084209e-02 1.110604107379913330e-01 1.000000000000000000e+00
-8.167644937890401469e-01 5.840921000882126624e-03 1.206938177347183228e-01 0.000000000000000000e+00
-7.281866117629682833e-01 3.531046109503283015e-02 1.431288421154022217e-01 0.000000000000000000e+00
-6.469309017286939412e-01 7.311100014693799887e-02 1.664662659168243408e-01 0.000000000000000000e+00
-5.800350655239905340e-01 1.060672857981222461e-01 1.917253136634826660e-01 0.000000000000000000e+00
-5.165065307076408541e-01 1.297986589080602493e-01 2.111379504203796387e-01 0.000000000000000000e+00
-4.609126142755126665e-01 1.542383414173602862e-01 2.198485285043716431e-01 0.000000000000000000e+00
-4.167951266422190160e-01 1.975590007327069908e-01 2.385298758745193481e-01 0.000000000000000000e+00
-3.804745214922133911e-01 2.467482609916954450e-01 2.508661746978759766e-01 0.000000000000000000e+00
-3.510553784921695564e-01 2.849083231981106024e-01 2.639904916286468506e-01 1.000000000000000000e+00
-3.198829687409209810e-01 3.178110718149739222e-01 2.706994414329528809e-01 1.000000000000000000e+00
-2.916073882789891880e-01 3.499398436083171471e-01 2.723414599895477295e-01 1.000000000000000000e+00
-2.605739551265273679e-01 3.913041858272238716e-01 2.719452381134033203e-01 1.000000000000000000e+00
-2.364011886088468462e-01 4.460096045458938896e-01 2.713130414485931396e-01 1.000000000000000000e+00
-2.082294974943163512e-01 5.010760847790446393e-01 2.637289762496948242e-01 1.000000000000000000e+00
-1.767249389666656068e-01 5.593148107856406037e-01 2.542188763618469238e-01 1.000000000000000000e+00
-1.474064953244264287e-01 6.155771446250151158e-01 2.348321676254272461e-01 1.000000000000000000e+00
-1.266752613320393794e-01 6.597303095655733252e-01 2.236248105764389038e-01 0.000000000000000000e+00
-1.106465619622553076e-01 6.996304781697455510e-01 2.095175087451934814e-01 0.000000000000000000e+00
-9.870303017808668145e-02 7.453151752914926043e-01 1.795483082532882690e-01 0.000000000000000000e+00
-6.350484828748670374e-02 7.976891251809491434e-01 1.465754806995391846e-01 0.000000000000000000e+00
