-1.028792855327037348e+00 -1.003243351466038824e-01 8.092677593231201172e-02 1.000000000000000000e+00
-9.608913742434397331e-01 -1.198293487284149417e-01 1.192032098770141602e-01 1.000000000000000000e+00
-8.955081673583680235e-01 -1.821093674513264427e-01 1.259447038173675537e-01 1.000000000000000000e+00
-8.101704086052681220e-01 -2.439715844649494314e-01 1.236075460910797119e-01 1.000000000000000000e+00
-7.161764879581522525e-01 -2.815608835121179432e-01 1.234124749898910522e-01 1.000000000000000000e+00
-6.206612662773235423e-01 -3.080040796856560181e-01 1.096704453229904175e-01 0.000000000000000000e+00
-5.323416496022141953e-01 -3.198776582380087330e-01 9.336602687835693359e-02 0.000000000000000000e+00
-4.549151388058366163e-01 -3.212331535696796858e-01 7.615105807781219482e-02 0.000000000000000000e+00
-3.820932344295468464e-01 -3.342588794463503543e-01 6.614795327186584473e-02 0.000000000000000000e+00
-3.167094585620203184e-01 -3.536298871233211072e-01 5.186495557427406311e-02 0.000000000000000000e+00
-2.211165075558253756e-01 -4.124089989480994589e-01 4.674910008907318115e-02 1.000000000000000000e+00
-1.355600488058024133e-01 -4.902233345077622317e-01 4.644323512911796570e-02 0.000000000000000000e+00
-5.523150621849498565e-02 -5.594812065435615933e-01 4.710837453603744507e-02 1.000000000000000000e+00
4.268148128425575116e-03 -6.268798125041513680e-01 5.024347081780433655e-02 1.000000000000000000e+00
5.425034865858591182e-02 -6.914558650933908535e-01 5.065332725644111633e-02 1.000000000000000000e+00
1.119131801271290305e-01 -7.488754249523290607e-01 5.027828365564346313e-02 1.000000000000000000e+00
1.682610088487079825e-01 -8.003589594467201973e-01 4.958327114582061768e-02 1.000000000000000000e+00
2.271218644861731639e-01 -8.477439025842450349e-01 4.728310182690620422e-02 1.000000000000000000e+00
2.790184170225468163e-01 -8.862676815565970756e-01 4.586233198642730713e-02 1.000000000000000000e+00
3.315581726140452434e-01 -9.219303217177871046e-01 4.103695601224899292e-02 1.000000000000000000e+00
4.054457916650693328e-01 -9.504092212111134863e-01 3.387237712740898132e-02 1.000000000000000000e+00
-9.789578315918769924e-01 -1.105705711943902325e-01 1.181469112634658813e-01 1.000000000000000000e+00
-9.168355263760932239e-01 -1.384622175739901317e-01 1.455031484365463257e-01 1.000000000000000000e+00
-8.464631020048475341e-01 -1.830146396104919693e-01 1.520495861768722534e-01 1.000000000000000000e+00
-7.697683974758766645e-01 -2.326590752966858910e-01 1.571842133998870850e-01 1.000000000000000000e+00
-6.905566831538351158e-01 -2.685187941215129159e-01 1.618394404649734497e-01 1.000000000000000000e+00
-6.084366571604358231e-01 -3.015296494048065323e-01 1.535423099994659424e-01 1.000000000000000000e+00
-5.290571140876239031e-01 -3.187425909240497179e-01 1.439637094736099243e-01 0.000000000000000000e+00
-4.570518259746569889e-01 -3.160313789897530312e-01 1.219342797994613647e-01 0.000000000000000000e+00
-3.789798309249789443e-01 -3.166064042490553399e-01 1.027099192142486572e-01 0.000000000000000000e+00
-2.940409367752959136e-01 -3.464150289103663516e-01 8.802430331707000732e-02 0.000000000000000000e+00
-2.140783631761427053e-01 -3.989371802900772424e-01 9.095802903175354004e-02 0.000000000000000000e+00
-1.405669995784874782e-01 -4.699631442310450158e-01 9.764423966407775879e-02 1.000000000000000000e+00
-7.402227823201626422e-02 -5.493746662251645096e-01 1.019987910985946655e-01 1.000000000000000000e+00
-2.023352185832172356e-02 -6.070042227568082094e-01 9.435649216175079346e-02 1.000000000000000000e+00
2.681445722535863441e-02 -6.534893728254740353e-01 9.347292780876159668e-02 1.000000000000000000e+00
8.320706697348034808e-02 -6.939056295896622872e-01 8.913575112819671631e-02 1.000000000000000000e+00
1.425452145969072215e-01 -7.358660836630168678e-01 7.782576978206634521e-02 1.000000000000000000e+00
2.094098410602882598e-01 -7.808891174099913401e-01 7.455864548683166504e-02 1.000000000000000000e+00
2.758154040496886283e-01 -8.200334244329692268e-01 6.990176439285278320e-02 1.000000000000000000e+00
3.358635574831300152e-01 -8.532295256521804649e-01 4.877452179789543152e-02 1.000000000000000000e+00
4.089960314493844562e-01 -8.859449842109733408e-01 4.112477973103523254e-02 1.000000000000000000e+00
-9.151926843679871748e-01 -1.167680123868262143e-01 1.360023170709609985e-01 1.000000000000000000e+00
-8.573643422253417468e-01 -1.292766069689803565e-01 1.642671823501586914e-01 1.000000000000000000e+00
-7.904926350914108779e-01 -1.621162512169106451e-01 1.763537526130676270e-01 1.000000000000000000e+00
-7.208883791811246944e-01 -2.042280335498436461e-01 1.941809654235839844e-01 1.000000000000000000e+00
-6.484125741880942817e-01 -2.412436718419302961e-01 2.020642012357711792e-01 1.000000000000000000e+00
-5.758147435319127538e-01 -2.756736536614343702e-01 1.976114809513092041e-01 1.000000000000000000e+00
-5.018637356207282796e-01 -2.972949658740987045e-01 1.809035688638687134e-01 1.000000000000000000e+00
-4.289191312317112148e-01 -3.029794377733084909e-01 1.545009016990661621e-01 0.000000000000000000e+00
-3.579732304978459068e-01 -3.042830239926822000e-01 1.425921320915222168e-01 0.000000000000000000e+00
-2.797763121891815308e-01 -3.279345024829117827e-01 1.366220861673355103e-01 0.000000000000000000e+00
-2.063946344443943759e-01 -3.767564951039763521e-01 1.318717151880264282e-01 1.000000000000000000e+00
-1.440643134577850870e-01 -4.410513228465268165e-01 1.410040408372879028e-01 1.000000000000000000e+00
-9.142028656307077394e-02 -5.098073312836827187e-01 1.537247449159622192e-01 1.000000000000000000e+00
-3.288682764483813470e-02 -5.672230557794064598e-01 1.506946086883544922e-01 1.000000000000000000e+00
2.701722571354453484e-02 -6.137823632280272612e-01 1.456380486488342285e-01 1.000000000000000000e+00
9.177503658698721312e-02 -6.561157326170061754e-01 1.445068567991256714e-01 1.000000000000000000e+00
1.565171266859353705e-01 -6.964561039804504361e-01 1.422711759805679321e-01 1.000000000000000000e+00
2.338886885285669792e-01 -7.263476815421650024e-01 1.394264400005340576e-01 1.000000000000000000e+00
3.027301707745029824e-01 -7.555178525713428517e-01 1.103701591491699219e-01 1.000000000000000000e+00
3.663843031994151733e-01 -7.820492094152536877e-01 7.240207493305206299e-02 1.000000000000000000e+00
4.449420670199616401e-01 -8.058263540026744387e-01 4.593899846076965332e-02 1.000000000000000000e+00
-8.543364704814706556e-01 -1.088932530642022223e-01 1.472814530134201050e-01 1.000000000000000000e+00
-8.042134151835869105e-01 -1.167200071263722605e-01 1.749491989612579346e-01 1.000000000000000000e+00
-7.404709429641957996e-01 -1.444489245238715358e-01 2.014388889074325562e-01 1.000000000000000000e+00
-6.724680144162326068e-01 -1.771601051775406610e-01 2.240648269653320312e-01 1.000000000000000000e+00
-6.047320861535858683e-01 -2.158158880794287804e-01 2.372018098831176758e-01 1.000000000000000000e+00
-5.350462866281432417e-01 -2.497861952956487164e-01 2.318911403417587280e-01 1.000000000000000000e+00
-4.641179558617509748e-01 -2.697549401149130777e-01 2.125669419765472412e-01 1.000000000000000000e+00
-3.987639040591367534e-01 -2.817767912803270658e-01 1.935194134712219238e-01 1.000000000000000000e+00
-3.297367122619496160e-01 -2.866692922858807835e-01 1.751261502504348755e-01 0.000000000000000000e+00
-2.612777495447423659e-01 -3.011218733771074962e-01 1.613697558641433716e-01 0.000000000000000000e+00
-1.895603928957337314e-01 -3.334446971635289803e-01 1.597062498331069946e-01 0.000000000000000000e+00
-1.325231997831985142e-01 -3.918746328851067107e-01 1.778487563133239746e-01 1.000000000000000000e+00
-7.882961099344162892e-02 -4.568146024378135217e-01 2.051550745964050293e-01 1.000000000000000000e+00
-1.569668757063935605e-02 -5.201767625696664954e-01 2.260423302650451660e-01 1.000000000000000000e+00
5.361296186855563084e-02 -5.728341078685101895e-01 2.275831550359725952e-01 1.000000000000000000e+00
1.234228311793022226e-01 -6.154469951568134478e-01 2.204948365688323975e-01 1.000000000000000000e+00
1.915989622012209959e-01 -6.505877098194687846e-01 2.122767865657806396e-01 1.000000000000000000e+00
2.686660130633614085e-01 -6.703446140414052179e-01 1.928997337818145752e-01 1.000000000000000000e+00
3.403471813745673202e-01 -6.894394966403567526e-01 1.507804989814758301e-01 1.000000000000000000e+00
4.040969871455993845e-01 -7.090337351004655231e-01 1.017115414142608643e-01 1.000000000000000000e+00
4.887842092919336690e-01 -7.205707183838980789e-01 6.202845647931098938e-02 1.000000000000000000e+00
-7.969311562573291319e-01 -7.961733559211053857e-02 1.561633795499801636e-01 1.000000000000000000e+00
-7.560863924843306272e-01 -9.473372427902776449e-02 1.928516477346420288e-01 1.000000000000000000e+00
-6.936307478436742890e-01 -1.263616466322698972e-01 2.266824245452880859e-01 1.000000000000000000e+00
-6.298349598609169764e-01 -1.586280515936034918e-01 2.618057131767272949e-01 1.000000000000000000e+00
-5.711027785519554589e-01 -1.943000905020114133e-01 2.852753996849060059e-01 1.000000000000000000e+00
-5.070540989414206168e-01 -2.257355387348164155e-01 2.841275930404663086e-01 1.000000000000000000e+00
-4.416149105048143841e-01 -2.531388401174326508e-01 2.665643692016601562e-01 1.000000000000000000e+00
-3.800116753385787138e-01 -2.620025857770769129e-01 2.445782124996185303e-01 1.000000000000000000e+00
-3.107958026373204286e-01 -2.671336695553386265e-01 2.215546816587448120e-01 1.000000000000000000e+00
-2.406649376599588053e-01 -2.769797897651429253e-01 2.082168906927108765e-01 0.000000000000000000e+00
-1.806348020042558566e-01 -3.121251616545587249e-01 2.151403278112411499e-01 1.000000000000000000e+00
-1.251461104477911701e-01 -3.722234540326598284e-01 2.356014996767044067e-01 1.000000000000000000e+00
-6.475460771295579732e-02 -4.322991504316030520e-01 2.687665820121765137e-01 1.000000000000000000e+00
5.387652718571944721e-03 -4.789609800892266067e-01 2.732374370098114014e-01 1.000000000000000000e+00
7.810953208663323766e-02 -5.177689341876633433e-01 2.650533020496368408e-01 1.000000000000000000e+00
1.534577923196508431e-01 -5.512430781665008661e-01 2.569741904735565186e-01 1.000000000000000000e+00
2.263396821980837026e-01 -5.803982870644573966e-01 2.372603863477706909e-01 1.000000000000000000e+00
2.989029419017741884e-01 -5.949084776292423715e-01 2.074172943830490112e-01 1.000000000000000000e+00
3.696904600472915581e-01 -6.100402604525781980e-01 1.664611697196960449e-01 1.000000000000000000e+00
4.450077739567901425e-01 -6.251198444040333424e-01 1.168875098228454590e-01 1.000000000000000000e+00
5.232818262665854814e-01 -6.281236292239804619e-01 6.954550743103027344e-02 1.000000000000000000e+00
-7.502967220512376523e-01 -2.732966030155581372e-02 1.706682592630386353e-01 1.000000000000000000e+00
-7.068506126412983370e-01 -5.282812432901007327e-02 2.070397436618804932e-01 1.000000000000000000e+00
-6.523652320819914863e-01 -8.890123264784766111e-02 2.574938237667083740e-01 1.000000000000000000e+00
-5.973562612236339442e-01 -1.247489817676975254e-01 2.956583201885223389e-01 1.000000000000000000e+00
-5.422553259418254612e-01 -1.621699041550649367e-01 3.267455697059631348e-01 1.000000000000000000e+00
-4.840212887721264123e-01 -1.938323763873738836e-01 3.329834938049316406e-01 1.000000000000000000e+00
-4.195083300151077332e-01 -2.168123554820596821e-01 3.191556334495544434e-01 1.000000000000000000e+00
-3.583375109778816348e-01 -2.366365682210680443e-01 3.015950024127960205e-01 1.000000000000000000e+00
-2.924075277587221411e-01 -2.458135861373376141e-01 2.790547907352447510e-01 1.000000000000000000e+00
-2.293761993142554301e-01 -2.674803958729695119e-01 2.754128575325012207e-01 1.000000000000000000e+00
-1.698453826412170964e-01 -3.105500022168050100e-01 2.904666662216186523e-01 1.000000000000000000e+00
-1.051771022107236414e-01 -3.539481169030025409e-01 3.003485500812530518e-01 1.000000000000000000e+00
-3.601210075561800394e-02 -3.887947097833246435e-01 2.955430150032043457e-01 1.000000000000000000e+00
3.203885412622345386e-02 -4.144002057325723021e-01 2.777079343795776367e-01 1.000000000000000000e+00
1.049901071805930952e-01 -4.358922008772931345e-01 2.604570090770721436e-01 1.000000000000000000e+00
1.791212823324495329e-01 -4.594112276277211304e-01 2.466828674077987671e-01 1.000000000000000000e+00
2.534757620244287857e-01 -4.831097894160933937e-01 2.207170277833938599e-01 1.000000000000000000e+00
3.216590474738822425e-01 -5.018582565304218202e-01 1.855126172304153442e-01 1.000000000000000000e+00
3.898339035536336206e-01 -5.209350475946501469e-01 1.417215913534164429e-01 1.000000000000000000e+00
4.615527142689158646e-01 -5.392297670062663473e-01 9.777964651584625244e-02 1.000000000000000000e+00
5.332727775358523381e-01 -5.366054157754835963e-01 4.795735329389572144e-02 1.000000000000000000e+00
-6.965726189431589166e-01 2.494787867193204445e-02 1.820487529039382935e-01 1.000000000000000000e+00
-6.579765370521863943e-01 -6.697555696866308583e-03 2.289293259382247925e-01 1.000000000000000000e+00
-6.089232952100547269e-01 -4.142601096081233170e-02 2.903369665145874023e-01 1.000000000000000000e+00
-5.573234986340462882e-01 -7.891470548058535095e-02 3.318299949169158936e-01 1.000000000000000000e+00
-5.067046699571289281e-01 -1.169247986632865888e-01 3.632300794124603271e-01 1.000000000000000000e+00
-4.544903617931195794e-01 -1.490229639420768970e-01 3.776962459087371826e-01 1.000000000000000000e+00
-3.946914437483473592e-01 -1.760849496087398269e-01 3.723190426826477051e-01 1.000000000000000000e+00
-3.298175288439693098e-01 -2.005000394319336743e-01 3.629985749721527100e-01 1.000000000000000000e+00
-2.683002100284230251e-01 -2.225552639867298121e-01 3.551575541496276855e-01 1.000000000000000000e+00
-2.069708240103868280e-01 -2.471315022852050847e-01 3.438137769699096680e-01 1.000000000000000000e+00
-1.454748525736113685e-01 -2.714585894887082129e-01 3.362611234188079834e-01 1.000000000000000000e+00
-7.983135728884857563e-02 -2.960001409308590237e-01 3.205945491790771484e-01 1.000000000000000000e+00
-1.402637635401629557e-02 -3.176574149420152704e-01 2.939089238643646240e-01 1.000000000000000000e+00
5.515973013548117199e-02 -3.295667340219052277e-01 2.613202929496765137e-01 1.000000000000000000e+00
1.305072527986498310e-01 -3.423168300460268099e-01 2.392492741346359253e-01 1.000000000000000000e+00
2.043760374767455701e-01 -3.592090077063217479e-01 2.225265651941299438e-01 1.000000000000000000e+00
2.676446263365483413e-01 -3.854495354904391435e-01 1.929892450571060181e-01 1.000000000000000000e+00
3.293193214844342687e-01 -4.076965492793840906e-01 1.534270197153091431e-01 1.000000000000000000e+00
3.946116900571637331e-01 -4.271192619198546092e-01 1.131600290536880493e-01 1.000000000000000000e+00
4.680021870300018483e-01 -4.414693155337224839e-01 7.319185137748718262e-02 1.000000000000000000e+00
5.305241615905912367e-01 -4.412440077012063644e-01 4.409002885222434998e-02 1.000000000000000000e+00
-6.385257243175603836e-01 6.560633230108814384e-02 1.806411296129226685e-01 1.000000000000000000e+00
-6.063553088037101357e-01 3.573136059768688977e-02 2.346127331256866455e-01 1.000000000000000000e+00
-5.704316110628437908e-01 7.531494314926834299e-03 3.088480830192565918e-01 1.000000000000000000e+00
-5.198752018685710574e-01 -2.888515296612303995e-02 3.634203374385833740e-01 1.000000000000000000e+00
-4.710530722702488404e-01 -6.877379440722761195e-02 3.962034881114959717e-01 1.000000000000000000e+00
-4.170994901087403672e-01 -1.021458903291082021e-01 4.151547253131866455e-01 1.000000000000000000e+00
-3.609861559155639332e-01 -1.316436161282005801e-01 4.210772514343261719e-01 1.000000000000000000e+00
-2.988705836588297915e-01 -1.600580625534416823e-01 4.184057116508483887e-01 1.000000000000000000e+00
-2.347352448594005048e-01 -1.790816063429325200e-01 4.076240360736846924e-01 1.000000000000000000e+00
-1.767146972824773232e-01 -1.918112769505945225e-01 3.853974640369415283e-01 1.000000000000000000e+00
-1.155465440334195459e-01 -2.137485956966814482e-01 3.665746450424194336e-01 1.000000000000000000e+00
-5.380765923525154815e-02 -2.314756971576211186e-01 3.352000415325164795e-01 1.000000000000000000e+00
1.121225235236829321e-02 -2.328760367361076833e-01 2.944889664649963379e-01 1.000000000000000000e+00
8.082605452384217237e-02 -2.329040854637916824e-01 2.468678951263427734e-01 1.000000000000000000e+00
1.479018050881264201e-01 -2.468117762924013636e-01 2.138347476720809937e-01 1.000000000000000000e+00
2.162941231011257792e-01 -2.708183314446230838e-01 1.953538656234741211e-01 1.000000000000000000e+00
2.747826837718931325e-01 -3.000890345613005383e-01 1.727727204561233521e-01 1.000000000000000000e+00
3.345086825003854014e-01 -3.202902350551706800e-01 1.416385173797607422e-01 1.000000000000000000e+00
4.013899898961536539e-01 -3.355310504585151676e-01 1.065935641527175903e-01 1.000000000000000000e+00
4.743836848269737949e-01 -3.562555093450041066e-01 7.413665950298309326e-02 1.000000000000000000e+00
5.313452243464320546e-01 -3.538892272189205768e-01 4.245647042989730835e-02 1.000000000000000000e+00
-5.833388516116382316e-01 1.089994209756008081e-01 1.851659119129180908e-01 1.000000000000000000e+00
-5.551418513145769396e-01 7.758813342370468602e-02 2.365656793117523193e-01 1.000000000000000000e+00
-5.209433926706554807e-01 5.177386306035824948e-02 3.115987777709960938e-01 1.000000000000000000e+00
-4.798441251529238505e-01 2.076012565704118962e-02 3.747722208499908447e-01 1.000000000000000000e+00
-4.337207847052997334e-01 -1.626442669350561254e-02 4.199618995189666748e-01 1.000000000000000000e+00
-3.766532669352609108e-01 -4.748825559993738454e-02 4.403747618198394775e-01 1.000000000000000000e+00
-3.219639272392978424e-01 -7.617619292516569773e-02 4.477669596672058105e-01 1.000000000000000000e+00
-2.637192901371982479e-01 -1.023796156775253208e-01 4.531118869781494141e-01 1.000000000000000000e+00
-2.067612382694543061e-01 -1.200764873113705500e-01 4.423580467700958252e-01 1.000000000000000000e+00
-1.490141973975864786e-01 -1.394055588740729101e-01 4.237150549888610840e-01 1.000000000000000000e+00
-8.836157913115791351e-02 -1.550721904733680656e-01 3.985318243503570557e-01 1.000000000000000000e+00
-2.578389302228215052e-02 -1.584489169507199424e-01 3.543741106986999512e-01 1.000000000000000000e+00
3.525297279366415570e-02 -1.526788553388966074e-01 3.076493442058563232e-01 1.000000000000000000e+00
9.528826090159757400e-02 -1.512563043712447652e-01 2.529311478137969971e-01 1.000000000000000000e+00
1.601818307253609353e-01 -1.616911014680018632e-01 2.160364687442779541e-01 1.000000000000000000e+00
2.320687652193531847e-01 -1.887730805459271188e-01 1.946608424186706543e-01 1.000000000000000000e+00
3.041083727208091503e-01 -2.224323743131840225e-01 1.733216941356658936e-01 1.000000000000000000e+00
3.630621621592408643e-01 -2.447592036964965356e-01 1.427046507596969604e-01 1.000000000000000000e+00
4.259794517683492820e-01 -2.595520204906835438e-01 1.131802499294281006e-01 1.000000000000000000e+00
4.869267239210735010e-01 -2.770684403926293449e-01 8.016507327556610107e-02 1.000000000000000000e+00
5.428144776443075692e-01 -2.723778965484277004e-01 4.365792125463485718e-02 1.000000000000000000e+00
-5.308351737224652478e-01 1.518798775316755056e-01 1.986951082944869995e-01 1.000000000000000000e+00
-5.039995377057300274e-01 1.193097834533966006e-01 2.544213533401489258e-01 1.000000000000000000e+00
-4.681565090329133927e-01 9.631817182852178694e-02 3.217079341411590576e-01 1.000000000000000000e+00
-4.358456180729765039e-01 6.691343251395656666e-02 3.804925978183746338e-01 1.000000000000000000e+00
-3.933462111742888068e-01 3.422926799018291555e-02 4.256535470485687256e-01 1.000000000000000000e+00
-3.386551013106882668e-01 3.167325128881487428e-03 4.473236799240112305e-01 1.000000000000000000e+00
-2.876060902877323189e-01 -2.405356469337963099e-02 4.575906097888946533e-01 1.000000000000000000e+00
-2.322345195549233576e-01 -4.464604072375669142e-02 4.584827721118927002e-01 1.000000000000000000e+00
-1.777198047890530264e-01 -5.877193632381941951e-02 4.516525864601135254e-01 1.000000000000000000e+00
-1.226652731874551261e-01 -7.490966959070115283e-02 4.409753084182739258e-01 1.000000000000000000e+00
-5.998807836924514164e-02 -8.471512862840456515e-02 4.154667854309082031e-01 1.000000000000000000e+00
1.532923027189748988e-03 -9.414390020754187516e-02 3.711853623390197754e-01 1.000000000000000000e+00
6.766974058832744832e-02 -9.897586385065476611e-02 3.371171057224273682e-01 1.000000000000000000e+00
1.308355332846121155e-01 -1.014607419400918586e-01 3.076800704002380371e-01 1.000000000000000000e+00
1.965365814081055373e-01 -1.094819918543385034e-01 2.777617275714874268e-01 1.000000000000000000e+00
2.625353324789666543e-01 -1.217474939509939763e-01 2.514538466930389404e-01 1.000000000000000000e+00
3.316687027242648522e-01 -1.516897320246186343e-01 2.100275456905364990e-01 1.000000000000000000e+00
3.953067245163337518e-01 -1.776357639731221960e-01 1.659685075283050537e-01 1.000000000000000000e+00
4.509096076904826056e-01 -1.921712215735895402e-01 1.254597753286361694e-01 1.000000000000000000e+00
5.042233901548835995e-01 -2.008022639458929837e-01 8.312353491783142090e-02 1.000000000000000000e+00
5.529417226020355569e-01 -1.915597656321056108e-01 4.429868981242179871e-02 1.000000000000000000e+00
-4.808482632819838787e-01 1.912095358576922366e-01 1.951551586389541626e-01 1.000000000000000000e+00
-4.526785319959090725e-01 1.602009614433176632e-01 2.608831524848937988e-01 1.000000000000000000e+00
-4.163533749862642352e-01 1.370752069363447845e-01 3.226699829101562500e-01 1.000000000000000000e+00
-3.842387513631304041e-01 1.104258283798914275e-01 3.783303797245025635e-01 1.000000000000000000e+00
-3.479485024807646432e-01 8.084527348676301406e-02 4.201924204826354980e-01 1.000000000000000000e+00
-3.020654622899254238e-01 5.558544491557741718e-02 4.405933618545532227e-01 1.000000000000000000e+00
-2.544418731594196292e-01 2.919590168019367549e-02 4.478836357593536377e-01 1.000000000000000000e+00
-2.017187366300503548e-01 1.223748497910782940e-02 4.450720846652984619e-01 1.000000000000000000e+00
-1.492463896543890778e-01 -9.912253883474358984e-04 4.344527721405029297e-01 1.000000000000000000e+00
-8.981913832485413640e-02 -8.971578371559353615e-03 4.187140166759490967e-01 1.000000000000000000e+00
-2.446025148846232150e-02 -1.804177114901104814e-02 4.026927053928375244e-01 1.000000000000000000e+00
3.443125017622639811e-02 -2.796912940932010094e-02 3.754461705684661865e-01 1.000000000000000000e+00
1.004327579143979160e-01 -4.186370598259782361e-02 3.614580333232879639e-01 1.000000000000000000e+00
1.710597913974979400e-01 -5.620389723391418235e-02 3.469884693622589111e-01 1.000000000000000000e+00
2.433260001128836891e-01 -7.525918286868976681e-02 3.295699059963226318e-01 1.000000000000000000e+00
3.119518906919743206e-01 -8.962340836036948588e-02 3.028563261032104492e-01 1.000000000000000000e+00
3.779602196341595444e-01 -1.087970212723394225e-01 2.597188651561737061e-01 1.000000000000000000e+00
4.276721324248194955e-01 -1.241746782731757148e-01 2.124187052249908447e-01 1.000000000000000000e+00
4.683565906595067441e-01 -1.239703292781705879e-01 1.582232117652893066e-01 0.000000000000000000e+00
5.186977453617221956e-01 -1.141048162496952068e-01 9.762445092201232910e-02 0.000000000000000000e+00
5.532183955890852545e-01 -9.744043703724558636e-02 4.805832356214523315e-02 0.000000000000000000e+00
-4.365985820583357935e-01 2.364305333521223851e-01 1.871766895055770874e-01 1.000000000000000000e+00
-4.021725304324553774e-01 2.040194382598507772e-01 2.505775094032287598e-01 1.000000000000000000e+00
-3.690726083215460362e-01 1.764677694337640768e-01 3.168541491031646729e-01 1.000000000000000000e+00
-3.344193957189041111e-01 1.516145209734509613e-01 3.718636929988861084e-01 1.000000000000000000e+00
-3.040524965363957666e-01 1.319698011255383552e-01 4.057296514511108398e-01 1.000000000000000000e+00
-2.676917254397591650e-01 1.150470090481563179e-01 4.222133755683898926e-01 1.000000000000000000e+00
-2.240486532700162736e-01 9.499622538826550666e-02 4.284973740577697754e-01 1.000000000000000000e+00
-1.752352164591994554e-01 7.493071140482016057e-02 4.236600697040557861e-01 1.000000000000000000e+00
-1.173420103166958328e-01 5.862434859704632184e-02 4.102637171745300293e-01 1.000000000000000000e+00
-5.332860893545367242e-02 4.827640035000198282e-02 4.004127383232116699e-01 1.000000000000000000e+00
7.480022476183036811e-03 3.916937386112979980e-02 3.936631977558135986e-01 1.000000000000000000e+00
7.168652622932293605e-02 2.882036799160563739e-02 3.839342892169952393e-01 1.000000000000000000e+00
1.398060909121840445e-01 1.254610527732892555e-02 3.735983967781066895e-01 1.000000000000000000e+00
2.113240771626679892e-01 -1.019752482761990264e-02 3.648860752582550049e-01 1.000000000000000000e+00
2.888165161668288516e-01 -3.106289116539287520e-02 3.488871753215789795e-01 1.000000000000000000e+00
3.603085083484937057e-01 -5.368430594637224607e-02 3.253995776176452637e-01 1.000000000000000000e+00
4.290342026648581442e-01 -7.352945513237840736e-02 2.946900427341461182e-01 1.000000000000000000e+00
4.836933757539996215e-01 -9.026940364420804608e-02 2.503728866577148438e-01 1.000000000000000000e+00
5.145379989276668287e-01 -8.625310400905938923e-02 1.982139945030212402e-01 1.000000000000000000e+00
5.471509563508811791e-01 -5.770596876799383157e-02 1.391692757606506348e-01 0.000000000000000000e+00
5.751293409447164606e-01 -1.189921437295932138e-02 8.663199841976165771e-02 0.000000000000000000e+00
-3.868102096161210590e-01 2.810446214963516764e-01 1.749185323715209961e-01 1.000000000000000000e+00
-3.598905854670158000e-01 2.477301613898097721e-01 2.343174070119857788e-01 1.000000000000000000e+00
-3.251753695818582202e-01 2.298110441554105376e-01 2.891278564929962158e-01 1.000000000000000000e+00
-2.884776555048012558e-01 2.127389047203301076e-01 3.402864634990692139e-01 1.000000000000000000e+00
-2.623848208145782013e-01 1.950963761792836038e-01 3.744669854640960693e-01 1.000000000000000000e+00
-2.293594617470406383e-01 1.771628236492693853e-01 3.932565748691558838e-01 1.000000000000000000e+00
-1.865879561114556773e-01 1.599414725166592721e-01 4.002044498920440674e-01 1.000000000000000000e+00
-1.376992186874180790e-01 1.384695445401857017e-01 3.958837389945983887e-01 1.000000000000000000e+00
-8.346979067076189251e-02 1.207033887557446283e-01 3.881974220275878906e-01 1.000000000000000000e+00
-2.273226099256306365e-02 1.068960614272405352e-01 3.812111616134643555e-01 1.000000000000000000e+00
3.855205950770283774e-02 9.683029818477775774e-02 3.789444565773010254e-01 1.000000000000000000e+00
1.049530179539034103e-01 8.467817111061659574e-02 3.760342001914978027e-01 1.000000000000000000e+00
1.753211802250934648e-01 6.507426521713075007e-02 3.765541315078735352e-01 1.000000000000000000e+00
2.496087781368419578e-01 4.190497828400220615e-02 3.739046156406402588e-01 1.000000000000000000e+00
3.311252401861410899e-01 2.420527227459462472e-02 3.651290237903594971e-01 1.000000000000000000e+00
4.089852418561654712e-01 -7.149643867418176146e-03 3.454559147357940674e-01 1.000000000000000000e+00
4.776737731888553995e-01 -2.925006038053012958e-02 3.172328770160675049e-01 1.000000000000000000e+00
5.355241581332719214e-01 -4.962439485972691688e-02 2.764338850975036621e-01 1.000000000000000000e+00
5.709346547732454535e-01 -4.277563734382788807e-02 2.260174155235290527e-01 1.000000000000000000e+00
6.014059411628032148e-01 -1.516477326900761424e-02 1.659632921218872070e-01 0.000000000000000000e+00
6.412994505649107779e-01 5.232109774142568170e-03 1.339209228754043579e-01 0.000000000000000000e+00
-3.356587725316605431e-01 3.207456027773725182e-01 1.580475419759750366e-01 0.000000000000000000e+00
-3.185200858569594562e-01 3.036036444535558099e-01 2.084520012140274048e-01 0.000000000000000000e+00
-2.874847192178221489e-01 2.972781901113021874e-01 2.553777694702148438e-01 1.000000000000000000e+00
-2.561755376747997248e-01 2.852525720713025015e-01 3.012047111988067627e-01 1.000000000000000000e+00
-2.287446564481891709e-01 2.617604508152925891e-01 3.405448496341705322e-01 1.000000000000000000e+00
-1.975744699431996043e-01 2.390448799747398878e-01 3.617193400859832764e-01 1.000000000000000000e+00
-1.565102356762037572e-01 2.269613482136192406e-01 3.690942227840423584e-01 1.000000000000000000e+00
-1.078398031223843923e-01 2.127966669762143548e-01 3.712512850761413574e-01 1.000000000000000000e+00
-5.367976462344534183e-02 1.932518562326968337e-01 3.661976754665374756e-01 1.000000000000000000e+00
3.093736731381496741e-03 1.740708992323738713e-01 3.596062660217285156e-01 1.000000000000000000e+00
6.389042873108848053e-02 1.533943402392175803e-01 3.619430661201477051e-01 1.000000000000000000e+00
1.351259784129887898e-01 1.348794404226243970e-01 3.672547340393066406e-01 1.000000000000000000e+00
2.094215315423937629e-01 1.144369386843172853e-01 3.729642331600189209e-01 1.000000000000000000e+00
2.901542676752767447e-01 9.147301227055808226e-02 3.766106963157653809e-01 1.000000000000000000e+00
3.706018224260667626e-01 7.011837370513426815e-02 3.770905733108520508e-01 1.000000000000000000e+00
4.554772407877143436e-01 4.336780056540623374e-02 3.610695004463195801e-01 1.000000000000000000e+00
5.337835143631962653e-01 1.637582081411992352e-02 3.395628631114959717e-01 1.000000000000000000e+00
5.965095099636257281e-01 -8.803949818319223297e-03 3.059555888175964355e-01 1.000000000000000000e+00
6.377114050574812509e-01 -2.165024602416698585e-02 2.533850371837615967e-01 1.000000000000000000e+00
6.751985401438593826e-01 -2.209274578668279920e-02 1.957897394895553589e-01 1.000000000000000000e+00
7.275150649522199586e-01 -2.522419341076947985e-02 1.493731141090393066e-01 1.000000000000000000e+00
-3.012105292729501671e-01 3.807232037034956607e-01 1.386402547359466553e-01 0.000000000000000000e+00
-2.924619972920665667e-01 3.765267526327433223e-01 1.857577562332153320e-01 0.000000000000000000e+00
-2.693035789774977373e-01 3.724244207430718046e-01 2.237659841775894165e-01 1.000000000000000000e+00
-2.372683705536706156e-01 3.522175989132815266e-01 2.685631811618804932e-01 1.000000000000000000e+00
-2.086689100001787311e-01 3.281936845278293768e-01 3.052222132682800293e-01 1.000000000000000000e+00
-1.759897504146658020e-01 3.058011587444005586e-01 3.278265297412872314e-01 1.000000000000000000e+00
-1.410997252069532415e-01 2.918748495454611680e-01 3.350186347961425781e-01 1.000000000000000000e+00
-9.503623328421460792e-02 2.799903865694805538e-01 3.434426486492156982e-01 1.000000000000000000e+00
-3.841156298819185799e-02 2.636123108989654740e-01 3.437443077564239502e-01 1.000000000000000000e+00
1.955126974805175555e-02 2.425050427241642326e-01 3.407794833183288574e-01 1.000000000000000000e+00
8.719493855930815496e-02 2.161015172717870025e-01 3.421453833580017090e-01 1.000000000000000000e+00
1.704735287347113604e-01 1.938093958182232623e-01 3.568222522735595703e-01 1.000000000000000000e+00
2.479419387668649055e-01 1.731809421842860908e-01 3.708267509937286377e-01 1.000000000000000000e+00
3.273379243789520943e-01 1.470490900490540320e-01 3.760687410831451416e-01 1.000000000000000000e+00
4.153031387416453724e-01 1.192045427726650952e-01 3.770130872726440430e-01 1.000000000000000000e+00
5.010745674924981241e-01 8.733741598069941214e-02 3.685150742530822754e-01 1.000000000000000000e+00
5.778472858380627741e-01 6.297034195467160478e-02 3.558619022369384766e-01 1.000000000000000000e+00
6.517797069890539641e-01 3.972814624197523736e-02 3.261850476264953613e-01 1.000000000000000000e+00
7.053799826562077158e-01 1.268261891965583033e-02 2.755737900733947754e-01 1.000000000000000000e+00
7.514409668414598897e-01 -8.042377339151585147e-03 2.160708755254745483e-01 1.000000000000000000e+00
8.116817102991717992e-01 -2.883097319236199718e-02 1.613672673702239990e-01 1.000000000000000000e+00
-2.790224736567158970e-01 4.506926357143484219e-01 1.187956035137176514e-01 0.000000000000000000e+00
-2.685204167751804594e-01 4.408660031536243418e-01 1.581962853670120239e-01 0.000000000000000000e+00
-2.494906615938903283e-01 4.325305682400641949e-01 1.954219937324523926e-01 1.000000000000000000e+00
-2.229869003990420651e-01 4.139123348876344033e-01 2.411073148250579834e-01 1.000000000000000000e+00
-1.930359484644877388e-01 3.884563654201912408e-01 2.835491895675659180e-01 1.000000000000000000e+00
-1.670771144107489614e-01 3.649379181889302881e-01 2.917461693286895752e-01 1.000000000000000000e+00
-1.323933242695123358e-01 3.525137542810555247e-01 3.050925433635711670e-01 1.000000000000000000e+00
-8.152554469515327362e-02 3.345746120252575118e-01 3.139406442642211914e-01 1.000000000000000000e+00
-2.172889204348851799e-02 3.167771253273046206e-01 3.194548189640045166e-01 1.000000000000000000e+00
4.120592011788826170e-02 2.983939765591565596e-01 3.216348290443420410e-01 1.000000000000000000e+00
1.163249014950066135e-01 2.752051176832507329e-01 3.268155753612518311e-01 1.000000000000000000e+00
2.025797862084157130e-01 2.564848257371518669e-01 3.421084284782409668e-01 1.000000000000000000e+00
2.885823956917068500e-01 2.389579481484192247e-01 3.629794716835021973e-01 1.000000000000000000e+00
3.659830230547427288e-01 2.137834195302636686e-01 3.749973475933074951e-01 1.000000000000000000e+00
4.509286896761457997e-01 1.793356201305516540e-01 3.744778335094451904e-01 1.000000000000000000e+00
5.360496450405056734e-01 1.463737078750912690e-01 3.674688339233398438e-01 1.000000000000000000e+00
6.135278805567183635e-01 1.113007231979928902e-01 3.495476841926574707e-01 1.000000000000000000e+00
6.943750611883765522e-01 8.204659564658139947e-02 3.280791640281677246e-01 1.000000000000000000e+00
7.621150776953289352e-01 6.044228968729120632e-02 2.862677574157714844e-01 1.000000000000000000e+00
8.151597946788362581e-01 3.197061837848436117e-02 2.225522696971893311e-01 1.000000000000000000e+00
8.825096578091232713e-01 -1.231901805755197810e-02 1.694983541965484619e-01 1.000000000000000000e+00
-2.656611218886407721e-01 5.028183828129242361e-01 9.234422445297241211e-02 0.000000000000000000e+00
-2.498034860402502944e-01 5.016446457654565316e-01 1.351162046194076538e-01 0.000000000000000000e+00
-2.331529520675365563e-01 4.821257658704853899e-01 1.735626161098480225e-01 1.000000000000000000e+00
-2.066609814535591838e-01 4.661969334582478641e-01 2.251821011304855347e-01 1.000000000000000000e+00
-1.778882762792632910e-01 4.449666175592190687e-01 2.558405995368957520e-01 1.000000000000000000e+00
-1.506875537240146279e-01 4.280036806086303658e-01 2.713574171066284180e-01 1.000000000000000000e+00
-1.105347569098680260e-01 4.121699525600577285e-01 2.872262895107269287e-01 1.000000000000000000e+00
-6.292243152462678735e-02 3.965931938468559848e-01 3.000078201293945312e-01 1.000000000000000000e+00
-2.345451046207092105e-03 3.812039359259670190e-01 3.053023815155029297e-01 1.000000000000000000e+00
6.313904525254834810e-02 3.582755761839949704e-01 3.065786063671112061e-01 1.000000000000000000e+00
1.445229554632807001e-01 3.318676779960847423e-01 3.127016425132751465e-01 1.000000000000000000e+00
2.336266826447987721e-01 3.157603115335551047e-01 3.289963304996490479e-01 1.000000000000000000e+00
3.200763384818888224e-01 3.037930721470991635e-01 3.485299944877624512e-01 1.000000000000000000e+00
4.036611465851479563e-01 2.765593591461785739e-01 3.619469702243804932e-01 1.000000000000000000e+00
4.870313745459259880e-01 2.420854181636777347e-01 3.630347847938537598e-01 1.000000000000000000e+00
5.687561052471417078e-01 2.042691056537174477e-01 3.551054298877716064e-01 1.000000000000000000e+00
6.446677424042043247e-01 1.715763642462718730e-01 3.391167521476745605e-01 1.000000000000000000e+00
7.225537276063356273e-01 1.362047480740495864e-01 3.139041364192962646e-01 1.000000000000000000e+00
7.950094285526263516e-01 1.039186183876128489e-01 2.772667407989501953e-01 1.000000000000000000e+00
8.645721276702807989e-01 6.375081729539638919e-02 2.238806039094924927e-01 1.000000000000000000e+00
9.222728070087866659e-01 3.483685695831628681e-02 1.628416180610656738e-01 1.000000000000000000e+00
-2.447046340643872775e-01 5.672739586356954078e-01 8.003136515617370605e-02 0.000000000000000000e+00
-2.268889083177413057e-01 5.516984221811004341e-01 1.125436574220657349e-01 0.000000000000000000e+00
-2.150188384905271366e-01 5.317483800258628879e-01 1.492374092340469360e-01 1.000000000000000000e+00
-1.925385524317864694e-01 5.129062942242795797e-01 1.973189711570739746e-01 1.000000000000000000e+00
-1.668463604151518564e-01 4.906934509927647903e-01 2.293729782104492188e-01 1.000000000000000000e+00
-1.397574429122904471e-01 4.747843222322061241e-01 2.492591142654418945e-01 1.000000000000000000e+00
-9.644663542278317236e-02 4.620309703640370635e-01 2.652730047702789307e-01 1.000000000000000000e+00
-4.203560190424962539e-02 4.502733904754985250e-01 2.754498124122619629e-01 1.000000000000000000e+00
2.173694209155391244e-02 4.337576210508983232e-01 2.840489745140075684e-01 1.000000000000000000e+00
9.246046024760751214e-02 4.125648685306048113e-01 2.900579571723937988e-01 1.000000000000000000e+00
1.719426941168161749e-01 3.857521603994595871e-01 2.982236742973327637e-01 1.000000000000000000e+00
2.620357448101425790e-01 3.737326905309864555e-01 3.134529590606689453e-01 1.000000000000000000e+00
3.536934498392313997e-01 3.584639567917705660e-01 3.278084993362426758e-01 1.000000000000000000e+00
4.455503988262994319e-01 3.253025635023080731e-01 3.373012244701385498e-01 1.000000000000000000e+00
5.269688747211668245e-01 2.952154087584347719e-01 3.419676721096038818e-01 1.000000000000000000e+00
6.070733330516538961e-01 2.579603869035183017e-01 3.363896310329437256e-01 1.000000000000000000e+00
6.852197963142946380e-01 2.274592500085028668e-01 3.208918273448944092e-01 1.000000000000000000e+00
7.556470958823016115e-01 1.960387744436313806e-01 2.991344630718231201e-01 1.000000000000000000e+00
8.254078851879571577e-01 1.589481990548923251e-01 2.588083148002624512e-01 1.000000000000000000e+00
8.949188701224888298e-01 1.176888367330921614e-01 2.119182199239730835e-01 1.000000000000000000e+00
9.438324373086552921e-01 9.311608608633120676e-02 1.612127274274826050e-01 1.000000000000000000e+00
-1.804379709533541210e-01 6.253527057420560364e-01 6.914389133453369141e-02 0.000000000000000000e+00
-1.834489628843966602e-01 5.968827413806140347e-01 1.016539782285690308e-01 0.000000000000000000e+00
-1.875255325129158435e-01 5.764281593018524275e-01 1.326034814119338989e-01 1.000000000000000000e+00
-1.772394044730138396e-01 5.517553309633023151e-01 1.657333523035049438e-01 1.000000000000000000e+00
-1.566048132042622554e-01 5.375442565823990160e-01 1.908430904150009155e-01 1.000000000000000000e+00
-1.278758564587206825e-01 5.277125558631415858e-01 2.148345708847045898e-01 1.000000000000000000e+00
-7.671978190383502150e-02 5.128803212288847169e-01 2.264795005321502686e-01 1.000000000000000000e+00
-1.810186070118657842e-02 4.939380945152395674e-01 2.329437732696533203e-01 1.000000000000000000e+00
4.837503582931854118e-02 4.713007903723716030e-01 2.442838549613952637e-01 1.000000000000000000e+00
1.244216588054495309e-01 4.541589821967026985e-01 2.620967328548431396e-01 1.000000000000000000e+00
2.046509455645137976e-01 4.319774962204800950e-01 2.764207720756530762e-01 1.000000000000000000e+00
2.972666642653233882e-01 4.167225286956590113e-01 2.957994043827056885e-01 1.000000000000000000e+00
3.912382154725920769e-01 3.955712908211488354e-01 3.095411062240600586e-01 1.000000000000000000e+00
4.838867244215431795e-01 3.651324575049445520e-01 3.107328414916992188e-01 1.000000000000000000e+00
5.665537427516290636e-01 3.353985091566607513e-01 3.104001581668853760e-01 1.000000000000000000e+00
6.450880202408428854e-01 3.114429674962053696e-01 3.050644397735595703e-01 1.000000000000000000e+00
7.213281393984873890e-01 2.880289496188422893e-01 2.951143980026245117e-01 1.000000000000000000e+00
7.910719013773446218e-01 2.636282002608542618e-01 2.753011286258697510e-01 1.000000000000000000e+00
8.626725692078948127e-01 2.203294783801575396e-01 2.384234815835952759e-01 1.000000000000000000e+00
9.318315858105119531e-01 1.797751906870961314e-01 1.906017214059829712e-01 1.000000000000000000e+00
9.800498142899457532e-01 1.554104768845848694e-01 1.396626234054565430e-01 1.000000000000000000e+00
-9.679257675536062644e-02 6.798872716735750998e-01 6.282268464565277100e-02 0.000000000000000000e+00
-1.199521014247028616e-01 6.576879365070080752e-01 1.001926064491271973e-01 0.000000000000000000e+00
-1.489516409376843431e-01 6.297961004665898477e-01 1.254663765430450439e-01 1.000000000000000000e+00
-1.479680810074098796e-01 6.084993189874594588e-01 1.437307149171829224e-01 1.000000000000000000e+00
-1.356053988148003819e-01 5.940689967006024252e-01 1.600423604249954224e-01 1.000000000000000000e+00
-1.058580477686901222e-01 5.888883271550675591e-01 1.742939054965972900e-01 1.000000000000000000e+00
-5.277394455524930805e-02 5.708649649592327791e-01 1.836654096841812134e-01 1.000000000000000000e+00
1.066692481619779809e-02 5.408665240631188587e-01 1.894094198942184448e-01 1.000000000000000000e+00
7.937692996820408520e-02 5.069316728832087282e-01 2.024888247251510620e-01 1.000000000000000000e+00
1.552093205133541765e-01 4.809356126255226460e-01 2.174292206764221191e-01 1.000000000000000000e+00
2.384233206434144270e-01 4.620403164276943864e-01 2.351250350475311279e-01 0.000000000000000000e+00
3.308922102607242399e-01 4.523568988582103989e-01 2.612401247024536133e-01 0.000000000000000000e+00
4.251047518794221491e-01 4.275047514843146046e-01 2.785943448543548584e-01 1.000000000000000000e+00
5.164374362178631994e-01 4.045919123193066347e-01 2.797614932060241699e-01 1.000000000000000000e+00
5.960879782582440001e-01 3.899742947060234055e-01 2.760695815086364746e-01 1.000000000000000000e+00
6.740379213029905614e-01 3.734286010189804550e-01 2.714469134807586670e-01 1.000000000000000000e+00
7.532314071130511435e-01 3.535718930597702148e-01 2.592287361621856689e-01 1.000000000000000000e+00
8.304663499462346943e-01 3.268509596912574366e-01 2.401260733604431152e-01 1.000000000000000000e+00
9.082417418178734270e-01 2.812300728981559361e-01 2.046439945697784424e-01 1.000000000000000000e+00
9.765423535568691360e-01 2.379091396282940196e-01 1.580559611320495605e-01 1.000000000000000000e+00
1.020533590305448435e+00 2.241377833179049595e-01 1.065128892660140991e-01 1.000000000000000000e+00
-4.350134285491308317e-02 7.296778726304049556e-01 4.375223442912101746e-02 1.000000000000000000e+00
-6.805666577981484000e-02 7.117667474921545168e-01 7.450541853904724121e-02 0.000000000000000000e+00
-9.971293188868052271e-02 6.852387413227003510e-01 1.057323068380355835e-01 0.000000000000000000e+00
-1.050558668009822783e-01 6.617957580236981663e-01 1.205586940050125122e-01 1.000000000000000000e+00
-8.604871286720605639e-02 6.372583053625648919e-01 1.302058100700378418e-01 1.000000000000000000e+00
-6.058805456286608937e-02 6.210206419178638804e-01 1.389829516410827637e-01 1.000000000000000000e+00
-1.283632847617505179e-02 6.053846036622315685e-01 1.499047130346298218e-01 1.000000000000000000e+00
4.507386284627845630e-02 5.771297778890134289e-01 1.593756675720214844e-01 1.000000000000000000e+00
1.127449271090669169e-01 5.431138993928410486e-01 1.682057231664657593e-01 1.000000000000000000e+00
1.869767489351673584e-01 5.124067487023042933e-01 1.777594387531280518e-01 1.000000000000000000e+00
2.631459876303287038e-01 4.934912641640393227e-01 1.998491436243057251e-01 1.000000000000000000e+00
3.514686599519550314e-01 4.817187326809914683e-01 2.211230248212814331e-01 1.000000000000000000e+00
4.404755863591557352e-01 4.695119622177359453e-01 2.399887740612030029e-01 1.000000000000000000e+00
5.265796195992102913e-01 4.590312606175054322e-01 2.404541820287704468e-01 1.000000000000000000e+00
6.068178599294050679e-01 4.532184541987579474e-01 2.348799109458923340e-01 1.000000000000000000e+00
6.900522485974324161e-01 4.389448233579525405e-01 2.306289970874786377e-01 1.000000000000000000e+00
7.715557294173901459e-01 4.237196220448922745e-01 2.192646563053131104e-01 1.000000000000000000e+00
8.558982640998902269e-01 4.021703282596209572e-01 2.009512931108474731e-01 1.000000000000000000e+00
9.371816646136361673e-01 3.654657337095446046e-01 1.642914712429046631e-01 1.000000000000000000e+00
1.010258778694371529e+00 3.236123537048319343e-01 1.194700449705123901e-01 1.000000000000000000e+00
1.037219316896668797e+00 3.379824481451668139e-01 8.049091696739196777e-02 1.000000000000000000e+00
